0 0.49181985294117647 0.9922794117647058 0.43336397058823534 0.758455882352941 0.3918198529411764 0.7688419117647057 0.4502757352941176 1.0026654411764706
0 0.2375 0.784375 0.22555147058823533 0.7772058823529412 0.19273897058823533 0.8318933823529413 0.2046875 0.8390625
0 0.6046905697445973 0.5490760068762279 0.5237414047151276 0.19289968074656194 0.4667423870333988 0.20585400294695488 0.5476915520628685 0.5620303290766209
0 0.32953492739108664 0.2183900851276916 0.31862794191286936 0.20908706810215327 0.27034301452178267 0.2656969829744617 0.28124999999999994 0.275
0 0.5078125 0.434375 0.3500000000000001 0.434375 0.3500000000000001 0.578125 0.5078125 0.578125
0 0.2953125000000001 0.490625 0.2718750000000001 0.490625 0.2718750000000001 0.5828125 0.2953125000000001 0.5828125
0 0.30156250000000007 0.6421875 0.28593750000000007 0.6421875 0.28593750000000007 0.6953125 0.30156250000000007 0.6953125
2 0.41875 0.26406250000000003 0.16562500000000005 0.2640625 0.16562500000000005 0.515625 0.41875 0.515625
2 0.30156250000000007 0.83125 0.12031250000000009 0.83125 0.12031250000000011 1 0.30156250000000007 1
3 0.44218750000000007 0.68125 0.15781250000000008 0.68125 0.15781250000000008 0.7890625 0.4421875000000002 0.7890625
3 0.3812500000000001 0.5734375 0.1937500000000001 0.5734375 0.1937500000000001 0.6515625 0.3812500000000001 0.6515625
3 0.684375 0.546875 0.4265625 0.546875 0.4265625 0.6296875 0.684375 0.6296875
4 0.4359375 0.503125 0.40625 0.503125 0.40625 0.528125 0.4359375 0.528125
4 0.2921875000000001 0.5328125 0.2687500000000001 0.5328125 0.2687500000000001 0.559375 0.2921875000000001 0.559375
3 0.465625 0.03750000000000005 0.2859375 0.03750000000000003 0.2859375 0.11250000000000004 0.465625 0.11250000000000004
3 0.496875 0.14375000000000004 0.275 0.14375000000000004 0.275 0.22343750000000004 0.496875 0.2234375000000001
0 0.3859375 0.10468750000000004 0.371875 0.10468750000000004 0.371875 0.15625000000000006 0.3859375 0.15625000000000006