0 0.44839527027027026 0.9924408783783785 0.4103125 0.75125 0.3685092905405405 0.7578505067567567 0.40659206081081073 0.9990413851351352
0 0.21250000000000008 0.759375 0.20209459459459467 0.7518074324324324 0.1642567567567569 0.8038344594594594 0.17466216216216232 0.811402027027027
0 0.5945903982649842 0.559086652208202 0.5510277011041009 0.19606417586750796 0.4920026616719243 0.20314718059936912 0.5355653588328075 0.5661696569400632
0 0.35390625 0.20390625 0.34374999999999994 0.19375000000000003 0.29062499999999997 0.24687500000000004 0.30078124999999994 0.25703125000000004
0 0.5015625 0.434375 0.3546875000000001 0.434375 0.3546875000000001 0.565625 0.5015625 0.565625
0 0.2875000000000001 0.471875 0.2734375000000001 0.471875 0.2734375000000001 0.5640625 0.2875000000000001 0.5640625
0 0.2843750000000001 0.6234375 0.2734375000000001 0.6234375 0.2734375000000001 0.6765625 0.2843750000000001 0.6765625
2 0.4203125 0.25625000000000003 0.18593750000000003 0.25625 0.18593750000000003 0.4875 0.4203125 0.4875
2 0.2593750000000001 0.8125 0.09218750000000009 0.8125 0.0921875000000001 0.9765625 0.2593750000000001 0.9765625
3 0.41875000000000007 0.675 0.14062500000000008 0.675 0.14062500000000008 0.759375 0.4187500000000002 0.759375
3 0.3703125000000001 0.5625 0.18750000000000008 0.5625 0.18750000000000008 0.6234375 0.3703125000000001 0.6234375
3 0.6734375 0.5625 0.4203125 0.5625 0.4203125 0.6234375 0.6734375 0.6234375
4 0.434375 0.496875 0.40625 0.496875 0.40625 0.5203125 0.434375 0.5203125
4 0.2875000000000001 0.5140625 0.2671875000000001 0.5140625 0.2671875000000001 0.5375 0.2875000000000001 0.5375
3 0.5 0.03593750000000005 0.325 0.035937500000000046 0.325 0.09531250000000005 0.5 0.09531250000000006
3 0.521875 0.14375000000000004 0.3046875 0.14375000000000004 0.3046875 0.20468750000000005 0.521875 0.20468750000000008
0 0.4171875 0.09531250000000005 0.4078125 0.09531250000000005 0.4078125 0.14687500000000003 0.4171875 0.14687500000000003