0 0.6296875 0.7578125 0.591570995591477 0.7495912931667892 0.5400084955914769 0.9886537931667891 0.578125 0.996875
0 0.8349361187845302 0.8018387430939228 0.7918939917127069 0.7540141574585636 0.7810169198895024 0.7638035220994477 0.8240590469613258 0.8116281077348069
0 0.50625 0.20312500000000008 0.451184045998688 0.19382815062315517 0.390246545998688 0.5547656506231551 0.4453125 0.5640625
0 0.7079114819004525 0.24582861990950228 0.6523826357466062 0.19534785067873303 0.6429086538461537 0.2057692307692308 0.6984375 0.25625000000000003
0 0.6453125 0.434375 0.4984375 0.434375 0.4984375 0.565625 0.6453125 0.565625
0 0.728125 0.47343750000000007 0.7125 0.4734375 0.7125 0.5640625000000001 0.728125 0.5640625000000001
0 0.7265625 0.6234375000000001 0.715625 0.6234375 0.715625 0.6765625000000001 0.7265625 0.6765625000000002
2 0.815625 0.2562500000000001 0.58125 0.2562500000000001 0.58125 0.4875000000000001 0.815625 0.48750000000000016
2 0.909375 0.8125 0.7421875000000002 0.8125 0.7421875000000002 0.9765625 0.909375 0.9765625
3 0.859375 0.675 0.58125 0.675 0.58125 0.7593750000000001 0.859375 0.7593750000000001
3 0.8140625 0.5625000000000001 0.6296875 0.5625 0.6296875 0.6250000000000001 0.8140625 0.6250000000000002
3 0.5796875 0.5625 0.3265625000000001 0.5625 0.3265625000000001 0.625 0.5796875 0.625
4 0.59375 0.496875 0.565625 0.496875 0.565625 0.5203125 0.59375 0.5203125
4 0.734375 0.5140625000000001 0.7125 0.5140625 0.7125 0.5390625000000001 0.734375 0.5390625000000002
3 0.675 0.035937500000000074 0.5 0.03593750000000007 0.5 0.09531250000000008 0.675 0.09531250000000009
3 0.696875 0.14375000000000007 0.478125 0.14375000000000004 0.478125 0.20468750000000008 0.696875 0.20468750000000008
0 0.59375 0.09531250000000006 0.584375 0.09531250000000006 0.584375 0.1468750000000001 0.59375 0.1468750000000001