0 0.3421875 0.04843750000000004 0.3296875 0.04843750000000004 0.3296875 0.09687500000000004 0.3421875 0.09687500000000004
0 0.48125 0.2218750000000001 0.3890625 0.2218750000000001 0.3890625 0.34062500000000007 0.48125 0.34062500000000007
0 0.3078125 0.2328125 0.2140625 0.2328125 0.2140625 0.35 0.3078125 0.35
0 0.23593750000000008 0.4 0.2218750000000001 0.4 0.2218750000000001 0.446875 0.23593750000000008 0.446875
0 0.4859375 0.3859375000000001 0.4734375 0.3859375000000001 0.4734375 0.4328125 0.4859375 0.4328125
2 0.4375 0.09062500000000004 0.2484375 0.09062500000000002 0.2484375 0.28125000000000006 0.4375 0.2812500000000001
3 0.30781250000000004 0.3453125 0.14375000000000004 0.3453125 0.14375000000000004 0.40625 0.3078125000000001 0.40625
3 0.3218750000000001 0.440625 0.14062500000000006 0.440625 0.14062500000000006 0.5015625 0.3218750000000001 0.5015625
3 0.584375 0.3296875000000001 0.36875 0.3296875000000001 0.36875 0.3937500000000001 0.584375 0.3937500000000001
3 0.5984375 0.4265625 0.36406250000000007 0.4265625 0.36406250000000007 0.490625 0.5984375 0.490625
4 0.2359375 0.3078125 0.2109375 0.3078125 0.2109375 0.3234375 0.2359375 0.3234375
4 0.4828125 0.29375000000000007 0.4640625 0.29375000000000007 0.4640625 0.3125000000000001 0.4828125 0.3125000000000001