0 0.3640625 0.04062500000000004 0.3546875 0.04062500000000004 0.3546875 0.08906250000000004 0.3640625 0.08906250000000004
0 0.4890625 0.2218750000000001 0.403125 0.2218750000000001 0.403125 0.3359375000000001 0.4890625 0.3359375000000001
0 0.315625 0.221875 0.228125 0.221875 0.228125 0.3359375 0.315625 0.3359375
0 0.2390625000000001 0.3859375 0.22812500000000008 0.3859375 0.22812500000000008 0.4328125 0.2390625000000001 0.4328125
0 0.4890625 0.3859375000000001 0.478125 0.3859375000000001 0.478125 0.4328125 0.4890625 0.4328125
2 0.45 0.08750000000000004 0.26875 0.08750000000000002 0.26875 0.26875000000000004 0.45 0.2687500000000001
3 0.3140625 0.334375 0.15156250000000004 0.334375 0.15156250000000004 0.3875 0.3140625000000001 0.3875
3 0.3218750000000001 0.43125 0.14375000000000004 0.43125 0.14375000000000004 0.4828125 0.3218750000000001 0.4828125
3 0.590625 0.3343750000000001 0.378125 0.3343750000000001 0.37812500000000004 0.38750000000000007 0.590625 0.38750000000000007
3 0.6 0.43125 0.3687500000000001 0.43125 0.3687500000000001 0.4828125 0.6 0.4828125
4 0.2453125 0.29375 0.2203125 0.29375 0.2203125 0.3078125 0.2453125 0.3078125
4 0.4921875 0.29375000000000007 0.475 0.29375000000000007 0.475 0.3109375000000001 0.4921875 0.3109375000000001