0 0.19843750000000007 0.2171875 2.659779766898158e-17 0.2171875 5.692694105411524e-17 0.7125 0.1984375000000001 0.7125
0 0.19531250000000006 0.3890625 4.7646414529326714e-17 0.3890625 6.745124948428782e-17 0.7125 0.19531250000000008 0.7125
3 0.334375 0.18906250000000005 0.19531250000000006 0.18906250000000005 0.19531250000000006 0.2875 0.334375 0.2875
3 0.33125000000000004 0.3609375 0.19218750000000004 0.3609375 0.19218750000000004 0.459375 0.3312500000000001 0.459375
3 0.2984375000000001 0.86875 0.1593750000000001 0.86875 0.1593750000000001 0.9671875 0.2984375000000001 0.9671875
0 0.16875000000000012 0.76875 9.414472268445279e-17 0.76875 1.0352092474042471e-16 0.921875 0.16875000000000012 0.921875
0 0.44531250000000017 0.7875 0.2968750000000001 0.7875 0.2968750000000001 0.93125 0.44531250000000017 0.93125
0 0.4750000000000001 0.23750000000000004 0.30625 0.2375 0.30625 0.728125 0.4750000000000002 0.728125
0 0.46562500000000007 0.4109375 0.3125000000000001 0.4109375 0.3125000000000001 0.7296875 0.4656250000000002 0.7296875
4 0.3375 0.3078125 0.2515625 0.3078125 0.2515625 0.3328125 0.3375 0.3328125
4 0.3437500000000001 0.4796875 0.2578125000000001 0.4796875 0.2578125000000001 0.5046875 0.3437500000000001 0.5046875
2 0.4765625000000001 0.725 0.403125 0.725 0.40312500000000007 0.7984375 0.47656250000000017 0.7984375
2 0.6609375000000002 0.8890625 0.5890625000000002 0.8890625 0.5890625000000002 0.9625 0.6609375000000002 0.9625
0 0.5984375000000002 0.759375 0.46406250000000016 0.759375 0.46406250000000016 0.9328125 0.5984375000000002 0.9328125
0 0.7015625000000002 0.9203125 0.6562500000000002 0.9203125 0.6562500000000002 0.9375 0.7015625000000002 0.9375
3 0.8359375 0.884375 0.6968750000000001 0.884375 0.6968750000000001 0.9828125 0.8359375 0.9828125
0 0.953125 0.26250000000000007 0.834375 0.26250000000000007 0.834375 0.9453125 0.953125 0.9453125