0 0.20625000000000004 0.271875 3.329508485181867e-17 0.271875 6.391125483050251e-17 0.771875 0.2062500000000001 0.771875
0 0.21093750000000008 0.4421875 5.415235064979703e-17 0.4421875 7.433988772949168e-17 0.771875 0.21093750000000008 0.771875
3 0.3015625 0.221875 0.15937500000000004 0.221875 0.15937500000000004 0.325 0.3015625 0.325
3 0.3218750000000001 0.39375 0.17968750000000006 0.39375 0.17968750000000006 0.496875 0.3218750000000001 0.496875
3 0.3593750000000001 0.9 0.2171875000000001 0.9 0.2171875000000001 1 0.3593750000000001 1
0 0.2250000000000001 0.821875 0.0343750000000001 0.821875 0.034375000000000114 0.98125 0.2250000000000001 0.98125
0 0.4984375000000002 0.8 0.3453125000000001 0.8 0.3453125000000001 0.9484375 0.4984375000000002 0.9484375
0 0.4828125000000001 0.25000000000000006 0.296875 0.25 0.29687500000000006 0.7453125 0.4828125000000002 0.7453125
0 0.48125000000000007 0.4234375 0.31718750000000007 0.4234375 0.31718750000000007 0.7453125 0.4812500000000002 0.7453125
4 0.3140625 0.3375 0.228125 0.3375 0.22812500000000005 0.365625 0.3140625000000001 0.365625
4 0.3437500000000001 0.50625 0.2578125000000001 0.50625 0.2578125000000001 0.534375 0.3437500000000001 0.534375
2 0.5140625000000002 0.73125 0.4390625000000002 0.73125 0.4390625000000002 0.80625 0.5140625000000002 0.80625
2 0.7203125000000001 0.8671875 0.6453125000000002 0.8671875 0.6453125000000002 0.9421875 0.7203125000000001 0.9421875
0 0.6500000000000001 0.75 0.5093750000000001 0.75 0.5093750000000001 0.9265625 0.6500000000000001 0.9265625
0 0.7593750000000001 0.890625 0.7140625000000002 0.890625 0.7140625000000002 0.909375 0.7593750000000001 0.909375
3 0.8953125 0.840625 0.7531250000000002 0.840625 0.7531250000000002 0.94375 0.8953125 0.94375
0 0.975 0.2062500000000001 0.8328125 0.2062500000000001 0.8328125 0.890625 0.975 0.890625