0 0.18593750000000006 0.24375 0.006250000000000031 0.24375 0.006250000000000059 0.7296875 0.1859375000000001 0.7296875
0 0.19062500000000007 0.415625 0.004687500000000051 0.415625 0.00468750000000007 0.7296875 0.1906250000000001 0.7296875
3 0.31875 0.2046875 0.18281250000000004 0.2046875 0.18281250000000004 0.296875 0.31875 0.296875
3 0.3234375000000001 0.3765625 0.18906250000000005 0.3765625 0.18906250000000005 0.46875 0.3234375000000001 0.46875
3 0.3187500000000001 0.8859375 0.1828125000000001 0.8859375 0.1828125000000001 0.9765625 0.3187500000000001 0.9765625
0 0.18437500000000012 0.796875 0.0062500000000000975 0.796875 0.006250000000000107 0.940625 0.18437500000000012 0.940625
0 0.46093750000000017 0.7984375 0.3187500000000001 0.7984375 0.3187500000000001 0.934375 0.46093750000000017 0.934375
0 0.4625000000000001 0.24687500000000004 0.31875 0.246875 0.31875000000000003 0.73125 0.4625000000000002 0.73125
0 0.4609375000000001 0.41875 0.3234375000000001 0.41875 0.3234375000000001 0.73125 0.46093750000000017 0.73125
4 0.3265625 0.3203125 0.2421875 0.3203125 0.2421875 0.3421875 0.3265625 0.3421875
4 0.3421875000000001 0.4921875 0.2578125000000001 0.4921875 0.2578125000000001 0.5125 0.3421875000000001 0.5125
2 0.48750000000000016 0.7296875 0.4187500000000002 0.7296875 0.4187500000000002 0.8 0.48750000000000016 0.8
2 0.6812500000000001 0.884375 0.6125000000000002 0.884375 0.6125000000000002 0.953125 0.6812500000000001 0.953125
0 0.6125000000000002 0.7609375 0.4859375000000002 0.7609375 0.4859375000000002 0.9265625 0.6125000000000002 0.9265625
0 0.7234375000000002 0.9109375 0.6781250000000002 0.9109375 0.6781250000000002 0.9265625 0.7234375000000002 0.9265625
3 0.85625 0.8734375 0.7218750000000002 0.8734375 0.7218750000000002 0.9640625 0.85625 0.9640625
0 0.940625 0.24375000000000008 0.85625 0.24375000000000008 0.85625 0.921875 0.940625 0.921875