2 0.4140625 0.12187500000000004 0.3421875 0.12187500000000004 0.3421875 0.19687500000000005 0.4140625 0.19687500000000005
0 0.3453125 0.14531250000000004 0.3 0.14531250000000004 0.3 0.16718750000000004 0.3453125 0.16718750000000004
0 0.546875 0.0031250000000000583 0.409375 0.00312500000000005 0.409375 0.17812500000000006 0.546875 0.1781250000000001
0 1 0.06875000000000012 0.8359375 0.06875000000000012 0.8359375 0.2234375000000001 1 0.2234375000000001
0 1 0.06875000000000012 0.821875 0.06875000000000012 0.821875 0.4359375000000002 1 0.4359375000000002
0 1 0.07031250000000011 0.8078125 0.07031250000000008 0.8078125 0.6765625000000002 1 0.6765625000000002
3 0.840625 0.14843750000000008 0.7015625 0.14843750000000008 0.7015625 0.2484375000000001 0.840625 0.2484375000000001
3 0.8265625 0.3625000000000001 0.6859375 0.3625000000000001 0.6859375 0.4625000000000001 0.8265625 0.4625000000000002
3 0.8109375 0.6015625000000001 0.671875 0.6015625 0.671875 0.7015625000000001 0.8109375 0.7015625000000002
0 0.7125 0.05156250000000008 0.5609375 0.05156250000000007 0.5609375 0.19687500000000008 0.7125 0.19687500000000008
0 0.7125 0.05156250000000008 0.54375 0.05156250000000007 0.54375 0.4109375 0.7125 0.4109375
0 0.7171875 0.05000000000000008 0.528125 0.050000000000000065 0.528125 0.6484375 0.7171875 0.6484375