2 0.6796875 0.13437500000000008 0.6125 0.13437500000000008 0.6125 0.20468750000000008 0.6796875 0.20468750000000008
0 0.7234375 0.1593750000000001 0.6796875 0.1593750000000001 0.6796875 0.1781250000000001 0.7234375 0.1781250000000001
0 0.6140625 0.009375000000000067 0.4875 0.00937500000000006 0.4875 0.17656250000000007 0.6140625 0.1765625000000001
0 0.184375 0.046875000000000014 0.0062500000000000056 0.046875 0.006250000000000014 0.18906250000000002 0.18437500000000004 0.18906250000000005
0 0.184375 0.046875000000000014 0.007812500000000005 0.046875 0.007812500000000028 0.4015625 0.18437500000000004 0.4015625
0 0.18125000000000005 0.046875000000000014 0.0062500000000000056 0.046875 0.006250000000000042 0.6421875 0.18125000000000008 0.6421875
3 0.31875 0.13437500000000005 0.184375 0.13437500000000005 0.184375 0.2265625 0.31875 0.2265625
3 0.31875000000000003 0.3484375 0.18281250000000004 0.3484375 0.18281250000000004 0.4390625 0.3187500000000001 0.4390625
3 0.3156250000000001 0.5875 0.18125000000000008 0.5875 0.18125000000000008 0.6796875 0.3156250000000001 0.6796875
0 0.4609375 0.04843750000000005 0.31875 0.04843750000000004 0.31875 0.18437500000000004 0.4609375 0.18437500000000004
0 0.4625 0.04687500000000005 0.31875 0.04687500000000004 0.31875000000000003 0.39687500000000003 0.4625 0.3968750000000001
0 0.4625 0.04687500000000004 0.315625 0.046875000000000035 0.31562500000000004 0.6359375 0.4625 0.6359375