2 0.378125 0.13906250000000003 0.3078125 0.13906250000000003 0.3078125 0.21093750000000006 0.378125 0.21093750000000008
0 0.309375 0.16562500000000005 0.265625 0.16562500000000005 0.265625 0.18593750000000003 0.309375 0.18593750000000003
0 0.503125 0.009375000000000053 0.3703125 0.009375000000000045 0.3703125 0.18125000000000005 0.503125 0.18125000000000005
0 0.9828125 0.02968750000000011 0.8 0.0296875000000001 0.8 0.17812500000000012 0.9828125 0.17812500000000014
0 0.9890625 0.02968750000000011 0.8 0.0296875000000001 0.8 0.3906250000000001 0.9890625 0.3906250000000001
0 0.9984375 0.02968750000000011 0.803125 0.0296875000000001 0.803125 0.6312500000000002 0.9984375 0.6312500000000002
3 0.80625 0.12500000000000008 0.6703125 0.12500000000000008 0.6703125 0.22031250000000008 0.80625 0.22031250000000008
3 0.8140625 0.3375000000000001 0.6765625 0.3375000000000001 0.6765625 0.4328125000000001 0.8140625 0.43281250000000016
3 0.825 0.5781250000000001 0.6890625 0.578125 0.6890625 0.6734375000000001 0.825 0.6734375000000001
0 0.6703125 0.04218750000000007 0.5234375 0.042187500000000065 0.5234375 0.18281250000000007 0.6703125 0.1828125000000001
0 0.678125 0.04062500000000007 0.521875 0.040625000000000064 0.521875 0.39531250000000007 0.678125 0.39531250000000007
0 0.690625 0.04062500000000008 0.521875 0.040625000000000064 0.521875 0.6359375 0.690625 0.6359375