3 0.3890625 0.032812500000000036 0.178125 0.03281250000000002 0.178125 0.09687500000000003 0.3890625 0.09687500000000004
3 0.409375 0.15781250000000002 0.1546875 0.1578125 0.15468750000000003 0.22187500000000004 0.409375 0.2218750000000001
3 0.4390625 0.2828125 0.12656250000000005 0.2828125 0.12656250000000005 0.3765625 0.4390625 0.3765625000000001
3 0.40625 0.4375 0.15781250000000005 0.4375 0.15781250000000005 0.503125 0.40625 0.503125
3 0.3937500000000001 0.5640625 0.17343750000000008 0.5640625 0.17343750000000008 0.628125 0.3937500000000001 0.628125
2 0.41484375 0.8179687500000001 0.2828125 0.6859375000000002 0.1515625000000001 0.8171875000000002 0.2835937500000001 0.9492187500000002
0 0.28593750000000007 0.628125 0.2796875000000001 0.628125 0.2796875000000001 0.6859375 0.28593750000000007 0.6859375
0 0.28593750000000007 0.5015625 0.27812500000000007 0.5015625 0.27812500000000007 0.5609375 0.28593750000000007 0.5609375
0 0.2859375 0.2234375 0.278125 0.2234375 0.278125 0.2828125 0.2859375 0.2828125
0 0.2866001945525292 0.4356031128404669 0.28290977626459146 0.37655642023346303 0.2749331225680934 0.37705496108949416 0.27862354085603114 0.436101653696498
0 0.2859375 0.09843750000000004 0.278125 0.09843750000000004 0.278125 0.15625000000000006 0.2859375 0.15625000000000006