3 0.375 0.03750000000000003 0.1625 0.03750000000000002 0.1625 0.10937500000000003 0.375 0.10937500000000004
3 0.4 0.1609375 0.14375 0.1609375 0.14375000000000002 0.23437500000000006 0.4 0.23437500000000008
3 0.434375 0.28593750000000007 0.11875000000000005 0.2859375 0.11875000000000005 0.39062500000000006 0.434375 0.3906250000000001
3 0.4078125 0.440625 0.15625000000000006 0.440625 0.15625000000000006 0.515625 0.4078125 0.515625
3 0.3984375000000001 0.5671875 0.1765625000000001 0.5671875 0.1765625000000001 0.6390625 0.3984375000000001 0.6390625
2 0.4274200541065484 0.8218203731964486 0.2902252705327414 0.6934768659822421 0.1630133185349612 0.8294620560488347 0.30020810210876814 0.9578055632630413
0 0.2944616336633663 0.6930538366336634 0.2887376237623762 0.6358137376237625 0.2817759900990099 0.6365099009900991 0.2875 0.6937500000000001
0 0.2890625000000001 0.5109375 0.2812500000000001 0.5109375 0.2812500000000001 0.56875 0.2890625000000001 0.56875
0 0.2796875 0.23125 0.271875 0.23125 0.271875 0.290625 0.2796875 0.290625
0 0.2843750000000001 0.3859375 0.2765625000000001 0.3859375 0.2765625000000001 0.44375 0.2843750000000001 0.44375
0 0.275 0.10781250000000005 0.2671875 0.10781250000000005 0.2671875 0.16562500000000005 0.275 0.16562500000000005