3 0.8390625 0.03750000000000009 0.6265625 0.037500000000000075 0.6265625 0.10937500000000008 0.8390625 0.10937500000000008
3 0.8578125 0.1609375000000001 0.6015625 0.1609375000000001 0.6015625 0.23437500000000008 0.8578125 0.23437500000000008
3 0.88125 0.28593750000000007 0.565625 0.28593750000000007 0.565625 0.3906250000000001 0.88125 0.3906250000000001
3 0.8453125 0.4406250000000001 0.59375 0.440625 0.59375 0.5156250000000001 0.8453125 0.5156250000000002
3 0.825 0.5671875000000001 0.603125 0.5671875 0.603125 0.6390625000000001 0.825 0.6390625000000002
2 0.8369311502736453 0.8289419611886227 0.7095885444769906 0.6934363678409007 0.5724634818469129 0.8223008845294075 0.6998060876435676 0.9578064778771296
0 0.7141046646106401 0.6359820740169624 0.7076426368542792 0.6358025732459522 0.7060379722436393 0.6935704992289901 0.7125000000000001 0.6937500000000001
0 0.71875 0.5109375 0.7109375 0.5109375 0.7109375 0.56875 0.71875 0.56875
0 0.728125 0.2312500000000001 0.7203125 0.2312500000000001 0.7203125 0.2906250000000001 0.728125 0.2906250000000001
0 0.7234375 0.3843750000000001 0.715625 0.3843750000000001 0.715625 0.44375 0.7234375 0.44375
0 0.7330548780487806 0.16400609756097562 0.73125 0.10624999999999998 0.7232987804878048 0.10649847560975609 0.7251036585365853 0.16425457317073172