3 0.4518170023066005 0.35175379258339257 0.2862801632363379 0.3423837828246984 0.2833858232789213 0.3935171220723918 0.4489226623491839 0.402887131831086
3 0.2312500000000001 0.25625000000000003 0.035825115082155905 0.249996403682629 0.0343350409180999 0.29656122130937923 0.2297599258359441 0.30281481762675033
3 0.4688449527346387 0.44102802160702226 0.264079591492235 0.43388504388926397 0.262390065833896 0.48231811276164754 0.46715542707629976 0.48946109047940584
3 0.46884156050955417 0.2630613057324842 0.27505971337579627 0.2561405254777071 0.27333598726114655 0.3044048566878982 0.46711783439490456 0.31132563694267523
2 0.3351224881158167 0.12067915406222998 0.25991789109766633 0.0409167026793432 0.18055720613656007 0.11574249135695772 0.2557618031547104 0.19550494273984448
4 0.14531250000000004 0.2140625 0.12343750000000005 0.2140625 0.12343750000000005 0.228125 0.14531250000000004 0.228125
4 0.38125 0.22187500000000004 0.3625 0.221875 0.3625 0.23750000000000004 0.38125 0.2375000000000001
0 0.265625 3.185995188406786e-17 0.2546875 3.119022316578415e-17 0.2546875 0.04218750000000003 0.265625 0.04218750000000003
0 0.215625 0.15000000000000002 0.128125 0.15 0.12812500000000002 0.25625 0.215625 0.25625
0 0.3796875 0.15468750000000003 0.290625 0.15468750000000003 0.290625 0.259375 0.3796875 0.2593750000000001
0 0.375 0.3062500000000001 0.3640625 0.3062500000000001 0.3640625 0.3500000000000001 0.375 0.3500000000000001
0 0.37187500000000007 0.39531250000000007 0.3609375000000001 0.3953125 0.3609375000000001 0.4375 0.37187500000000007 0.4375