3 0.303125 0.03281250000000003 0.1375 0.03281250000000002 0.1375 0.08906250000000003 0.303125 0.08906250000000004
3 0.2953125 0.12031250000000002 0.1546875 0.1203125 0.1546875 0.1765625 0.2953125 0.17656250000000004
3 0.2609375 0.2109375 0.06406250000000002 0.2109375 0.06406250000000002 0.26875 0.2609375 0.26875
3 0.3375000000000001 0.5421875 0.15625000000000006 0.5421875 0.15625000000000006 0.6 0.3375000000000001 0.6
3 0.3609375000000001 0.6296875 0.1437500000000001 0.6296875 0.1437500000000001 0.6890625 0.3609375000000001 0.6890625
3 0.3296875000000001 0.7203125 0.1828125000000001 0.7203125 0.1828125000000001 0.7765625 0.3296875000000001 0.7765625
0 0.228125 0.08437500000000002 0.215625 0.08437500000000002 0.215625 0.12656250000000005 0.228125 0.12656250000000005
0 0.19375000000000003 0.17343750000000002 0.153125 0.1734375 0.153125 0.2171875 0.19375000000000003 0.2171875
0 0.3046875 0.16718750000000004 0.2578125 0.16718750000000004 0.2578125 0.3328125 0.3046875 0.3328125
0 0.203125 0.2609375 0.15937500000000004 0.2609375 0.15937500000000004 0.340625 0.203125 0.340625
0 0.2500000000000001 0.4828125 0.2390625000000001 0.4828125 0.2390625000000001 0.546875 0.2500000000000001 0.546875
0 0.25468750000000007 0.59375 0.24375000000000008 0.59375 0.24375000000000008 0.6359375 0.25468750000000007 0.6359375
0 0.2609375000000001 0.6828125 0.2468750000000001 0.6828125 0.2468750000000001 0.725 0.2609375000000001 0.725
0 0.2656250000000001 0.7703125 0.2531250000000001 0.7703125 0.2531250000000001 0.815625 0.2656250000000001 0.815625
2 0.3468750000000001 0.809375 0.1828125000000001 0.809375 0.1828125000000001 0.971875 0.3468750000000001 0.971875
4 0.30625 0.2265625 0.2875 0.2265625 0.2875 0.2421875 0.30625 0.2421875
4 0.16093750000000012 0.996875 0.13906250000000014 0.996875 0.13906250000000014 1 0.16093750000000012 1
4 0.3968750000000001 0.984375 0.37968750000000007 0.984375 0.37968750000000007 1 0.3968750000000001 1