3 0.8546875 0.028125000000000094 0.6890625 0.028125000000000087 0.6890625 0.0828125000000001 0.8546875 0.08281250000000011
3 0.8390625 0.11718750000000008 0.6984375 0.11718750000000008 0.6984375 0.1703125000000001 0.8390625 0.1703125000000001
3 0.93125 0.2078125000000001 0.734375 0.2078125000000001 0.734375 0.26250000000000007 0.93125 0.26250000000000007
3 0.8453125 0.5390625000000001 0.6640625 0.5390625 0.6640625 0.5937500000000001 0.8453125 0.5937500000000002
3 0.859375 0.6265625000000001 0.64375 0.6265625 0.64375 0.6812500000000001 0.859375 0.6812500000000001
3 0.821875 0.7171875000000001 0.675 0.7171875 0.675 0.7703125000000001 0.821875 0.7703125000000002
0 0.7765625 0.07968750000000009 0.765625 0.07968750000000009 0.765625 0.1218750000000001 0.7765625 0.1218750000000001
0 0.8421875 0.1671875000000001 0.8015625 0.1671875000000001 0.8015625 0.21093750000000008 0.8421875 0.21093750000000008
0 0.7375 0.16406250000000008 0.6921875 0.16406250000000008 0.6921875 0.3296875000000001 0.7375 0.3296875000000001
0 0.8359375 0.2562500000000001 0.79375 0.2562500000000001 0.79375 0.3359375000000001 0.8359375 0.3359375000000001
0 0.7609375 0.4781250000000002 0.7515625 0.4781250000000002 0.7515625 0.5421875000000002 0.7609375 0.5421875000000002
0 0.7578125 0.5890625000000002 0.746875 0.5890625000000002 0.746875 0.6312500000000002 0.7578125 0.6312500000000002
0 0.75625 0.6781250000000002 0.74375 0.6781250000000002 0.74375 0.7203125000000001 0.75625 0.7203125000000001
0 0.7531250000000002 0.7656250000000002 0.7406250000000002 0.7656250000000002 0.7406250000000002 0.8109375 0.7531250000000002 0.8109375
2 0.8234375 0.80625 0.6625000000000002 0.80625 0.6625000000000002 0.965625 0.8234375 0.965625
4 0.7078125 0.2234375000000001 0.6890625 0.2234375000000001 0.6890625 0.2390625000000001 0.7078125 0.2390625000000001
4 0.86875 0.990625 0.846875 0.990625 0.846875 1 0.86875 1
4 0.6296875000000002 0.9828125 0.6125000000000002 0.9828125 0.6125000000000002 0.9984375 0.6296875000000002 0.9984375