3 0.325 0.02187500000000003 0.1625 0.021875000000000023 0.1625 0.07031250000000003 0.325 0.07031250000000004
3 0.3125 0.10937500000000003 0.175 0.109375 0.175 0.15781250000000002 0.3125 0.15781250000000005
3 0.2734375 0.19843750000000002 0.07968750000000002 0.1984375 0.07968750000000002 0.246875 0.2734375 0.246875
3 0.33281250000000007 0.534375 0.15468750000000003 0.534375 0.15468750000000006 0.5828125 0.33281250000000007 0.5828125
3 0.3515625000000001 0.621875 0.1359375000000001 0.621875 0.1359375000000001 0.66875 0.3515625000000001 0.66875
3 0.31718750000000007 0.7109375 0.17187500000000008 0.7109375 0.17187500000000008 0.759375 0.31718750000000007 0.759375
0 0.2484375 0.07031250000000003 0.2375 0.07031250000000003 0.2375 0.11250000000000004 0.2484375 0.11250000000000004
0 0.209375 0.15781250000000002 0.1703125 0.1578125 0.17031250000000003 0.2 0.209375 0.2
0 0.3140625 0.15781250000000005 0.275 0.15781250000000005 0.275 0.321875 0.3140625 0.321875
0 0.2125 0.2453125 0.17343750000000005 0.2453125 0.17343750000000005 0.3234375 0.2125 0.3234375
0 0.2484375000000001 0.4703125 0.2406250000000001 0.4703125 0.2406250000000001 0.534375 0.2484375000000001 0.534375
0 0.2484375000000001 0.58125 0.2390625000000001 0.58125 0.2390625000000001 0.6234375 0.2484375000000001 0.6234375
0 0.2484375000000001 0.66875 0.2375000000000001 0.66875 0.2375000000000001 0.7109375 0.2484375000000001 0.7109375
0 0.2500000000000001 0.75625 0.2390625000000001 0.75625 0.2390625000000001 0.8015625 0.2500000000000001 0.8015625
2 0.3218750000000001 0.8 0.16562500000000008 0.8 0.1656250000000001 0.9546875 0.3218750000000001 0.9546875
4 0.3203125 0.215625 0.3015625 0.215625 0.3015625 0.23125 0.3203125 0.23125
4 0.13593750000000013 0.9796875 0.11406250000000014 0.9796875 0.11406250000000014 0.9921875 0.13593750000000013 0.9921875
4 0.3703125000000001 0.978125 0.3546875000000001 0.978125 0.3546875000000001 0.9921875 0.3703125000000001 0.9921875