3 0.440983252762431 0.403681802486188 0.43839779005524876 0.3545580110497238 0.2716721339779006 0.3633330455801105 0.27425759668508287 0.4124568370165747
3 0.2131530652089028 0.3263618947676689 0.21058985747754785 0.2780881491604842 0.01466822042171027 0.2884910679422101 0.01723142815306521 0.3367648135493948
3 0.4659228245856353 0.4915961671270718 0.46337620856353584 0.44321046270718234 0.25777796961325966 0.4540314226519337 0.2603245856353591 0.5024171270718232
3 0.4503004451038575 0.3139716246290801 0.4479599406528189 0.2659912833827894 0.25292099406528185 0.275505378338279 0.25526149851632046 0.3234857195845698
2 0.3015808160504959 0.13414111812443644 0.2198278291253381 0.06219848963029758 0.14717228358881873 0.1447616095581605 0.22892527051397654 0.21670423805229938
4 0.12187500000000004 0.246875 0.10000000000000005 0.246875 0.10000000000000005 0.2609375 0.12187500000000004 0.2609375
4 0.3578125 0.234375 0.3390625 0.234375 0.3390625 0.25 0.3578125 0.25
0 0.2265625 0.021875000000000026 0.2140625 0.021875000000000026 0.2140625 0.06562500000000002 0.2265625 0.06562500000000002
0 0.1921875 0.17812500000000003 0.103125 0.178125 0.10312500000000002 0.2859375 0.19218750000000004 0.2859375
0 0.35625 0.17031250000000003 0.265625 0.17031250000000003 0.265625 0.2765625 0.35625 0.2765625
0 0.359375 0.31875 0.3484375 0.31875 0.3484375 0.3625 0.359375 0.3625
0 0.3656250000000001 0.4078125 0.3531250000000001 0.4078125 0.3531250000000001 0.45 0.3656250000000001 0.45