3 0.4453125 0.35156250000000006 0.2796875 0.3515625 0.27968750000000003 0.4 0.4453125 0.4
3 0.221875 0.2640625 0.026562500000000034 0.2640625 0.026562500000000034 0.3109375 0.221875 0.3109375
3 0.465625 0.4421875 0.2609375000000001 0.4421875 0.2609375000000001 0.4890625 0.465625 0.4890625
3 0.459375 0.26406250000000003 0.265625 0.2640625 0.265625 0.31093750000000003 0.459375 0.3109375000000001
2 0.32031250000000006 0.12656250000000005 0.24296875 0.04921875 0.1671875 0.12500000000000003 0.24453125000000003 0.20234375000000004
4 0.13593750000000004 0.2265625 0.11406250000000004 0.2265625 0.11406250000000004 0.240625 0.13593750000000004 0.240625
4 0.371875 0.22656250000000006 0.353125 0.2265625 0.353125 0.24218750000000006 0.371875 0.24218750000000008
0 0.2484375 0.007812500000000031 0.2390625 0.007812500000000031 0.2390625 0.051562500000000025 0.2484375 0.051562500000000025
0 0.2046875 0.16250000000000003 0.1203125 0.1625 0.12031250000000002 0.265625 0.2046875 0.265625
0 0.3671875 0.16250000000000003 0.2828125 0.16250000000000003 0.2828125 0.26406250000000003 0.3671875 0.2640625000000001
0 0.3671875 0.31093750000000003 0.3578125 0.3109375 0.3578125 0.35468750000000004 0.3671875 0.3546875000000001
0 0.3671875000000001 0.4 0.3578125000000001 0.4 0.3578125000000001 0.4421875 0.3671875000000001 0.4421875