3 0.3515625 0.03593750000000003 0.1609375 0.035937500000000025 0.1609375 0.08906250000000003 0.3515625 0.08906250000000004
3 0.35 0.13281250000000003 0.1609375 0.1328125 0.1609375 0.18281250000000002 0.35 0.18281250000000004
3 0.375 0.22812500000000005 0.13593750000000004 0.228125 0.13593750000000004 0.30000000000000004 0.375 0.3000000000000001
3 0.2312500000000001 0.61875 0.02656250000000008 0.61875 0.02656250000000008 0.6703125 0.2312500000000001 0.6703125
3 0.490625 0.61875 0.2750000000000001 0.61875 0.2750000000000001 0.66875 0.490625 0.66875
3 0.503125 0.7125 0.26250000000000007 0.7125 0.26250000000000007 0.7875 0.5031250000000002 0.7875
3 0.5031250000000002 0.8296875 0.26250000000000007 0.8296875 0.26250000000000007 0.9046875 0.5031250000000002 0.9046875
2 0.36250000000000004 0.34375 0.15156250000000004 0.34375 0.15156250000000007 0.55625 0.3625000000000001 0.55625
0 0.2609375 0.08906250000000002 0.25 0.08906250000000002 0.25 0.13437500000000005 0.2609375 0.13437500000000005
0 0.2609375 0.18281250000000004 0.2484375 0.18281250000000004 0.2484375 0.228125 0.2609375 0.228125
0 0.2609375 0.3 0.25 0.3 0.25 0.3453125 0.2609375 0.3453125
0 0.2078125000000001 0.5015625 0.12187500000000004 0.5015625 0.12187500000000007 0.6203125 0.2078125000000001 0.6203125
0 0.3890625000000001 0.503125 0.3031250000000001 0.503125 0.3031250000000001 0.6203125 0.3890625000000001 0.6203125
4 0.14062500000000008 0.5796875 0.11718750000000008 0.5796875 0.11718750000000008 0.59375 0.14062500000000008 0.59375
4 0.3906250000000001 0.578125 0.3734375000000001 0.578125 0.3734375000000001 0.59375 0.3906250000000001 0.59375
0 0.38750000000000007 0.66875 0.3765625000000001 0.66875 0.3765625000000001 0.715625 0.38750000000000007 0.715625
0 0.3859375000000001 0.7859375 0.3765625000000001 0.7859375 0.3765625000000001 0.83125 0.3859375000000001 0.83125
0 0.38750000000000007 0.9046875 0.3765625000000001 0.9046875 0.3765625000000001 0.95 0.38750000000000007 0.95