3 0.8484375 0.03906250000000009 0.65625 0.039062500000000076 0.65625 0.0953125000000001 0.8484375 0.0953125000000001
3 0.8453125 0.1359375000000001 0.65625 0.1359375000000001 0.65625 0.1906250000000001 0.8453125 0.1906250000000001
3 0.86875 0.2312500000000001 0.628125 0.2312500000000001 0.628125 0.3078125000000001 0.86875 0.3078125000000001
3 0.971875 0.6234375000000002 0.765625 0.6234375000000002 0.765625 0.6781250000000002 0.971875 0.6781250000000002
3 0.725 0.6203125 0.5078125 0.6203125 0.5078125 0.6734375 0.725 0.6734375
3 0.7343750000000001 0.7140625 0.4921875 0.7140625 0.4921875000000001 0.7921875 0.7343750000000002 0.7921875000000002
3 0.7328125000000002 0.8296875 0.4906250000000002 0.8296875 0.4906250000000002 0.909375 0.7328125000000002 0.909375
2 0.8515625 0.3468750000000001 0.6375 0.3468750000000001 0.6375 0.5625000000000001 0.8515625 0.5625000000000002
0 0.759375 0.09375000000000008 0.746875 0.09375000000000008 0.746875 0.1390625000000001 0.759375 0.1390625000000001
0 0.7578125 0.18750000000000008 0.7453125 0.18750000000000008 0.7453125 0.2328125000000001 0.7578125 0.2328125000000001
0 0.7546875 0.3031250000000001 0.7421875 0.3031250000000001 0.7421875 0.3500000000000001 0.7546875 0.3500000000000001
0 0.878125 0.5062500000000002 0.790625 0.5062500000000002 0.790625 0.6265625000000001 0.878125 0.6265625000000001
0 0.696875 0.5046875 0.609375 0.5046875 0.609375 0.6234375 0.696875 0.6234375
4 0.8828125 0.5859375000000002 0.859375 0.5859375000000002 0.859375 0.6000000000000002 0.8828125 0.6000000000000002
4 0.625 0.58125 0.6078125 0.58125 0.6078125 0.596875 0.625 0.596875
0 0.621875 0.671875 0.609375 0.671875 0.609375 0.71875 0.621875 0.71875
0 0.6187500000000001 0.7890625 0.6093750000000002 0.7890625 0.6093750000000002 0.834375 0.6187500000000001 0.834375
0 0.6171875000000002 0.90625 0.6046875000000002 0.90625 0.6046875000000002 0.9515625 0.6171875000000002 0.9515625