3 0.38125 0.035937500000000025 0.134375 0.03593750000000001 0.134375 0.11875000000000002 0.38125 0.11875000000000005
3 0.3765625 0.15625000000000003 0.1484375 0.15625 0.14843750000000003 0.21718750000000003 0.3765625 0.2171875000000001
3 0.453125 0.5796875 0.2562500000000001 0.5796875 0.2562500000000001 0.6390625 0.453125 0.6390625
3 0.4828125000000001 0.6765625 0.23437500000000008 0.6765625 0.23437500000000008 0.759375 0.4828125000000002 0.759375
0 0.2671875 0.11406250000000004 0.253125 0.11406250000000004 0.253125 0.16093750000000004 0.2671875 0.16093750000000004
0 0.2703125 0.2109375 0.2578125 0.2109375 0.2578125 0.259375 0.2703125 0.259375
0 0.3578125000000001 0.4734375 0.3125000000000001 0.4734375 0.3125000000000001 0.584375 0.3578125000000001 0.584375
0 0.3609375000000001 0.634375 0.34843750000000007 0.634375 0.34843750000000007 0.68125 0.3609375000000001 0.68125
0 0.3671875000000001 0.7546875 0.3515625000000001 0.7546875 0.3515625000000001 0.8234375 0.3671875000000001 0.8234375
2 0.4546875000000002 0.81875 0.2765625000000001 0.81875 0.2765625000000001 0.9984375 0.4546875000000002 0.9984375
2 0.4046875 0.25312500000000004 0.13593750000000004 0.253125 0.13593750000000004 0.5234375 0.4046875 0.5234375
4 0.3609375000000001 0.5421875 0.3421875000000001 0.5421875 0.3421875000000001 0.5578125 0.3609375000000001 0.5578125
4 0.09218750000000009 0.7890625 0.0671875000000001 0.7890625 0.0671875000000001 0.8046875 0.09218750000000009 0.8046875