3 0.3953125 0.031250000000000035 0.1515625 0.03125000000000002 0.1515625 0.10625000000000002 0.3953125 0.10625000000000004
3 0.3859375 0.15156250000000002 0.159375 0.1515625 0.15937500000000002 0.20468750000000005 0.3859375 0.20468750000000008
3 0.446875 0.5765625 0.2531250000000001 0.5765625 0.2531250000000001 0.6296875 0.446875 0.6296875
3 0.47343750000000007 0.675 0.22812500000000008 0.675 0.22812500000000008 0.7484375 0.4734375000000002 0.7484375
0 0.278125 0.10625000000000004 0.265625 0.10625000000000004 0.265625 0.15312500000000004 0.278125 0.15312500000000004
0 0.278125 0.203125 0.2671875 0.203125 0.2671875 0.2515625 0.278125 0.2515625
0 0.3546875000000001 0.46875 0.3140625000000001 0.46875 0.3140625000000001 0.578125 0.3546875000000001 0.578125
0 0.3546875000000001 0.628125 0.3437500000000001 0.628125 0.3437500000000001 0.675 0.3546875000000001 0.675
0 0.35625000000000007 0.75 0.3437500000000001 0.75 0.3437500000000001 0.81875 0.35625000000000007 0.81875
2 0.43750000000000017 0.8171875 0.2640625000000001 0.8171875 0.2640625000000001 0.990625 0.43750000000000017 0.990625
2 0.403125 0.25000000000000006 0.14375000000000004 0.25 0.14375000000000004 0.5109375 0.403125 0.5109375
4 0.3578125000000001 0.5375 0.34062500000000007 0.5375 0.34062500000000007 0.553125 0.3578125000000001 0.553125
4 0.08125000000000009 0.775 0.05625000000000009 0.775 0.05625000000000009 0.7890625 0.08125000000000009 0.7890625