2 0.46759733606557374 0.15017930327868856 0.3885758196721311 0.05535348360655734 0.294672131147541 0.13360655737704913 0.3736936475409836 0.22843237704918035
3 0.25059989691508855 0.3934736751679902 0.04244282605375692 0.37521428298717163 0.03781116371411123 0.42801523365913247 0.2459682345754429 0.4462746258399511
3 0.33460722129657683 0.29261028854892457 0.1291664457740079 0.2749552219024538 0.12476361329900035 0.3261881816116329 0.3302043888215692 0.34384324825810364
3 0.6062089569334149 0.41359289095907154 0.363694544135614 0.39231969685400125 0.35714435705558956 0.4669918295662797 0.5996587698533904 0.48826502367135005
3 0.5961509146341465 0.31535823170731714 0.39084193245778615 0.2975052767354597 0.3864212007504691 0.348343691369606 0.5917301829268293 0.36619664634146354
0 0.23125000000000004 0.3296875 0.17500000000000004 0.3296875 0.17500000000000004 0.3921875 0.2312500000000001 0.3921875
0 0.49375 0.35625000000000007 0.478125 0.35625000000000007 0.478125 0.4046875 0.49375 0.4046875
0 0.334375 0.16875000000000004 0.2265625 0.16875000000000004 0.2265625 0.290625 0.334375 0.290625
0 0.509375 0.18750000000000006 0.409375 0.18750000000000006 0.409375 0.3078125000000001 0.509375 0.3078125000000001
4 0.246875 0.240625 0.221875 0.240625 0.221875 0.2578125 0.246875 0.2578125
4 0.5046875 0.2609375000000001 0.4859375 0.2609375000000001 0.4859375 0.2812500000000001 0.5046875 0.2812500000000001
4 0.125 1.3681600959224337e-17 0.0984375 1.2055116929106758e-17 0.0984375 0.006250000000000014 0.125 0.006250000000000017