2 0.4359375000000001 0.1531250000000001 0.34921875 0.06640625000000004 0.26328125 0.15234375000000006 0.35000000000000003 0.2390625000000001
3 0.2406250000000001 0.415625 0.03281250000000006 0.415625 0.03281250000000006 0.4671875 0.2406250000000001 0.4671875
3 0.315625 0.30625 0.11093750000000005 0.30625 0.11093750000000005 0.3578125 0.315625 0.3578125
3 0.596875 0.4046875 0.3546875000000001 0.4046875 0.3546875000000001 0.478125 0.596875 0.478125
3 0.578125 0.3078125000000001 0.3734375 0.3078125000000001 0.3734375 0.3578125000000001 0.578125 0.3578125000000001
0 0.21718750000000003 0.3578125 0.16562500000000005 0.3578125 0.16562500000000005 0.415625 0.2171875000000001 0.415625
0 0.48125 0.3593750000000001 0.4703125 0.3593750000000001 0.4703125 0.40625 0.48125 0.40625
0 0.30625 0.19218750000000004 0.2078125 0.19218750000000004 0.2078125 0.30625 0.30625 0.30625
0 0.48125 0.19531250000000006 0.3921875 0.19531250000000006 0.3921875 0.3078125000000001 0.48125 0.3078125000000001
4 0.225 0.265625 0.2015625 0.265625 0.2015625 0.28125 0.225 0.28125
4 0.484375 0.2640625000000001 0.4671875 0.2640625000000001 0.4671875 0.2828125000000001 0.484375 0.2828125000000001
4 0.0828125 0.025000000000000012 0.0578125 0.025000000000000012 0.0578125 0.04062500000000001 0.0828125 0.04062500000000001