3 0.8359375 0.020312500000000087 0.5890625 0.020312500000000074 0.5890625 0.10312500000000009 0.8359375 0.10312500000000009
3 0.8296875 0.14062500000000008 0.6015625 0.14062500000000008 0.6015625 0.2015625000000001 0.8296875 0.2015625000000001
3 0.7515625 0.5687500000000001 0.5546875 0.56875 0.5546875 0.628125 0.7515625 0.6281250000000002
3 0.7812500000000001 0.6656250000000001 0.5328125 0.665625 0.5328125000000001 0.7484375000000001 0.7812500000000002 0.7484375000000002
0 0.721875 0.0984375000000001 0.7078125 0.0984375000000001 0.7078125 0.1453125000000001 0.721875 0.1453125000000001
0 0.725 0.19531250000000008 0.7125 0.19531250000000008 0.7125 0.24375000000000008 0.725 0.24375000000000008
0 0.6890625 0.4625 0.64375 0.4625 0.64375 0.5734375 0.6890625 0.5734375
0 0.6625 0.6234375 0.65 0.6234375 0.65 0.6703125 0.6625 0.6703125
0 0.6687500000000002 0.74375 0.6531250000000002 0.74375 0.6531250000000002 0.8125 0.6687500000000002 0.8125
2 0.7531250000000002 0.8078125 0.5750000000000002 0.8078125 0.5750000000000002 0.9875 0.7531250000000002 0.9875
2 0.85625 0.2375000000000001 0.5875 0.2375000000000001 0.5875 0.5078125000000001 0.85625 0.5078125000000002
4 0.6625 0.53125 0.64375 0.53125 0.64375 0.546875 0.6625 0.546875
4 0.953125 0.7593750000000001 0.928125 0.7593750000000001 0.928125 0.7750000000000001 0.953125 0.7750000000000001