2 0.41865101809954747 0.15729638009049782 0.32719174208144797 0.07415158371040731 0.24482466063348415 0.16475537330316747 0.3362839366515837 0.24790016968325798
3 0.24005577916446724 0.48153785065228866 0.23729015062966594 0.4285299704019304 0.028659697609531708 0.4394150375160244 0.03142532614433301 0.49242291776638264
3 0.3087712586288277 0.3671358745353709 0.3060267198654788 0.3161658689303204 0.1015115198536787 0.32717822585403267 0.10425605861702758 0.37814823145908316
3 0.5964002071823205 0.47379143646408844 0.5924594267955803 0.3989166091160221 0.3490547306629835 0.41172738259668507 0.35299551104972376 0.48660220994475145
3 0.5713786256906078 0.354631388121547 0.5686766229281769 0.3032933356353592 0.36299637430939224 0.31411861187845314 0.3656983770718232 0.3654566643646409
0 0.21250000000000008 0.3734375 0.15937500000000004 0.3734375 0.15937500000000004 0.434375 0.21250000000000008 0.434375
0 0.4765625 0.3609375000000001 0.4625 0.3609375000000001 0.4625 0.4078125 0.4765625 0.4078125
0 0.296875 0.203125 0.19218750000000004 0.203125 0.19218750000000004 0.321875 0.296875 0.321875
0 0.471875 0.19687500000000005 0.3765625 0.19687500000000005 0.3765625 0.3140625000000001 0.471875 0.3140625000000001
4 0.2140625 0.28125 0.18906250000000005 0.28125 0.18906250000000005 0.296875 0.2140625 0.296875
4 0.4734375 0.2640625000000001 0.4546875 0.2640625000000001 0.4546875 0.2843750000000001 0.4734375 0.2843750000000001
4 0.059375 0.04843750000000001 0.03281250000000001 0.0484375 0.03281250000000001 0.065625 0.059375 0.065625