2 0.28027300000000005 0.8324985 0.2045580000000001 0.7508060000000001 0.12290650000000011 0.826483 0.19862150000000006 0.9081754999999999
2 0.3042132276507276 0.30845244282744283 0.2234732328482328 0.2223297817047817 0.13651897089397086 0.30384940228690227 0.2172589656964657 0.3899720634095634
3 0.30327123050259963 0.03242796793760836 0.15645580589254765 0.02631065857885616 0.15465500433275564 0.0695298960138648 0.3014704289428076 0.07564720537261702
3 0.3063140877598153 0.6212157909930718 0.11250000000000009 0.6156250000000002 0.11078738452655898 0.6749956697459585 0.30460147228637424 0.6805864607390302
3 0.2938122833622184 0.5438176993067592 0.12990413778162915 0.5369881932409013 0.12816020363951477 0.5788426126516465 0.292068349220104 0.5856721187175044
3 0.2572666952054795 0.11004922945205482 0.06054580479452056 0.1027632705479452 0.05833476027397262 0.16246147260273974 0.2550556506849315 0.16974743150684934
3 0.3092561049649218 0.46583749325418233 0.12045669185105239 0.4570561252023745 0.11846330275229362 0.4999139908256881 0.30726271586616305 0.508695358877496
4 0.253125 0.010937500000000024 0.1453125 0.010937500000000017 0.1453125 0.029687500000000026 0.253125 0.029687500000000033
4 0.3015625 0.13437500000000005 0.28125 0.13437500000000005 0.28125 0.14687500000000003 0.3015625 0.14687500000000003
0 0.19375 0.06875000000000002 0.1546875 0.06875000000000002 0.1546875 0.10781250000000002 0.19375 0.10781250000000005
0 0.2984375 0.07187500000000004 0.2546875 0.07187500000000002 0.2546875 0.259375 0.2984375 0.259375
0 0.19375000000000003 0.16562500000000002 0.1515625 0.165625 0.15156250000000002 0.25625 0.19375000000000003 0.25625
0 0.22031250000000008 0.3859375 0.2093750000000001 0.3859375 0.2093750000000001 0.4625 0.22031250000000008 0.4625
4 0.2218750000000001 0.4109375 0.2078125000000001 0.4109375 0.2078125000000001 0.425 0.2218750000000001 0.425
4 0.2687500000000001 0.44375 0.16093750000000004 0.44375 0.16093750000000004 0.4609375 0.2687500000000001 0.4609375
0 0.2171875000000001 0.503125 0.2078125000000001 0.503125 0.2078125000000001 0.5421875 0.2171875000000001 0.5421875
0 0.2140625000000001 0.578125 0.20468750000000008 0.578125 0.20468750000000008 0.6171875 0.2140625000000001 0.6171875
0 0.1843750000000001 0.6765625 0.1546875000000001 0.6765625 0.1546875000000001 0.775 0.1843750000000001 0.775
0 0.26250000000000007 0.678125 0.22812500000000008 0.678125 0.22812500000000008 0.7796875 0.26250000000000007 0.7796875
4 0.2687500000000001 0.7171875 0.2484375000000001 0.7171875 0.2484375000000001 0.73125 0.2687500000000001 0.73125
0 0.20312500000000008 0.90625 0.1921875000000001 0.90625 0.19218750000000012 0.98125 0.20312500000000008 0.98125
4 0.20468750000000008 0.93125 0.18906250000000013 0.93125 0.18906250000000013 0.9421875 0.20468750000000008 0.9421875
4 0.2406250000000001 0.9640625 0.15312500000000012 0.9640625 0.15312500000000012 0.98125 0.2406250000000001 0.98125