2 0.2906250000000001 0.8390625000000002 0.21250000000000008 0.7609375000000002 0.13437500000000005 0.8390625000000002 0.21250000000000005 0.9171875000000002
2 0.2960937500000001 0.3148437500000001 0.21328125000000003 0.23203125000000005 0.1296875 0.3156250000000001 0.21250000000000008 0.3984375000000001
3 0.2859375 0.03906250000000003 0.1390625 0.03906250000000002 0.1390625 0.08125000000000003 0.2859375 0.08125000000000004
3 0.30937500000000007 0.628125 0.11562500000000009 0.628125 0.11562500000000009 0.6859375 0.30937500000000007 0.6859375
3 0.29375000000000007 0.55 0.1312500000000001 0.55 0.1312500000000001 0.590625 0.29375000000000007 0.590625
3 0.2421875 0.11718750000000003 0.046875000000000014 0.1171875 0.046875000000000014 0.1765625 0.2421875 0.17656250000000004
3 0.3062500000000001 0.4703125 0.11875000000000005 0.4703125 0.11875000000000005 0.5125 0.3062500000000001 0.5125
4 0.2359375 0.02343750000000002 0.128125 0.023437500000000017 0.128125 0.03906250000000002 0.2359375 0.039062500000000035
4 0.2890625 0.14218750000000005 0.26875 0.14218750000000005 0.26875 0.15312500000000004 0.2890625 0.15312500000000004
0 0.1796875 0.08125000000000002 0.140625 0.08125000000000002 0.140625 0.11875 0.1796875 0.11875
0 0.2828125 0.07968750000000004 0.2453125 0.07968750000000002 0.2453125 0.2671875 0.2828125 0.2671875
0 0.18125000000000002 0.1765625 0.1421875 0.1765625 0.14218750000000002 0.2671875 0.18125000000000005 0.2671875
0 0.2171875000000001 0.396875 0.2093750000000001 0.396875 0.2093750000000001 0.4734375 0.2171875000000001 0.4734375
4 0.22031250000000008 0.4203125 0.2062500000000001 0.4203125 0.2062500000000001 0.434375 0.22031250000000008 0.434375
4 0.2656250000000001 0.4546875 0.15937500000000004 0.4546875 0.15937500000000004 0.46875 0.2656250000000001 0.46875
0 0.2171875000000001 0.5125 0.2078125000000001 0.5125 0.2078125000000001 0.5515625 0.2171875000000001 0.5515625
0 0.2171875000000001 0.5890625 0.2093750000000001 0.5890625 0.2093750000000001 0.628125 0.2171875000000001 0.628125
0 0.1906250000000001 0.6875 0.16406250000000008 0.6875 0.16406250000000008 0.7859375 0.1906250000000001 0.7859375
0 0.2687500000000001 0.6875 0.2375000000000001 0.6875 0.2375000000000001 0.7875 0.2687500000000001 0.7875
4 0.2765625000000001 0.7265625 0.2562500000000001 0.7265625 0.2562500000000001 0.7390625 0.2765625000000001 0.7390625
0 0.2171875000000001 0.9171875 0.2093750000000001 0.9171875 0.2093750000000001 0.9921875 0.2171875000000001 0.9921875
4 0.22031250000000008 0.940625 0.20468750000000008 0.940625 0.20468750000000008 0.9515625 0.22031250000000008 0.9515625
4 0.2562500000000001 0.975 0.16875000000000012 0.975 0.16875000000000012 0.9890625 0.2562500000000001 0.9890625