2 0.8764746374806288 0.8279468535532436 0.7951492279167589 0.7516005506973659 0.7194712336727918 0.8322140663050701 0.8007966432366616 0.9085603691609478
2 0.8636939858490565 0.30378832547169815 0.7765226137624861 0.22224091287458386 0.6957798626526082 0.3085521295782465 0.7829512347391787 0.3900995421753608
3 0.8453605 0.07001400000000005 0.8437119999999998 0.026603500000000013 0.69619925 0.03220524999999998 0.69784775 0.07561575000000001
3 0.8895820063694266 0.6739211783439492 0.8874661624203821 0.6146775477707006 0.6933499203821656 0.6216102707006369 0.6954657643312101 0.6808539012738855
3 0.8716141830617892 0.5792854672609897 0.8701347794343682 0.5371224638794957 0.7064109091607746 0.542867161082078 0.7078903127881955 0.585030164463572
3 0.9416193292921393 0.16246480250293316 0.9395084571763788 0.10283266523269459 0.7427141181071568 0.1097988365271803 0.7448249902229175 0.1694309737974189
3 0.8814551896411095 0.5009316374388255 0.8802266007340949 0.4579310256933116 0.6912290986949429 0.46333095432300164 0.6924576876019576 0.5063315660685155
4 0.85625 0.010937500000000098 0.7484375 0.010937500000000091 0.7484375 0.029687500000000096 0.85625 0.0296875000000001
4 0.71875 0.13437500000000008 0.6984375 0.13437500000000008 0.6984375 0.1468750000000001 0.71875 0.1468750000000001
0 0.8453125 0.0687500000000001 0.80625 0.06875000000000009 0.80625 0.10781250000000009 0.8453125 0.10781250000000009
0 0.746875 0.07187500000000009 0.703125 0.07187500000000009 0.703125 0.2593750000000001 0.746875 0.2593750000000001
0 0.85 0.16562500000000008 0.8078125 0.16562500000000008 0.8078125 0.2562500000000001 0.85 0.2562500000000001
0 0.790625 0.3859375000000001 0.7796875 0.3859375000000001 0.7796875 0.4625000000000002 0.790625 0.4625000000000002
4 0.7921875 0.4109375000000002 0.778125 0.4109375000000002 0.778125 0.42500000000000016 0.7921875 0.42500000000000016
4 0.840625 0.4437500000000002 0.7328125 0.4437500000000002 0.7328125 0.46093750000000017 0.840625 0.46093750000000017
0 0.79375 0.5031250000000002 0.784375 0.5031250000000002 0.784375 0.5421875000000002 0.79375 0.5421875000000002
0 0.796875 0.5781250000000002 0.7875 0.5781250000000002 0.7875 0.6171875000000002 0.796875 0.6171875000000002
0 0.8453125 0.6765625000000002 0.815625 0.6765625000000002 0.815625 0.7750000000000001 0.8453125 0.7750000000000001
0 0.7718750000000001 0.6781250000000002 0.7375 0.6781250000000002 0.7375 0.7796875000000002 0.7718750000000002 0.7796875000000002
4 0.7515625000000001 0.7171875000000002 0.73125 0.7171875000000002 0.7312500000000001 0.7312500000000002 0.7515625000000001 0.7312500000000002
0 0.809375 0.90625 0.7984375000000001 0.90625 0.7984375000000001 0.98125 0.809375 0.98125
4 0.8109375 0.93125 0.7953125000000002 0.93125 0.7953125000000002 0.9421875 0.8109375 0.9421875
4 0.8484375 0.9640625 0.7609375000000002 0.9640625 0.7609375000000002 0.98125 0.8484375 0.98125