3 0.9890625 0.03906250000000012 0.88125 0.03906250000000011 0.88125 0.0953125000000001 0.9890625 0.0953125000000001
3 0.8984375 0.10781250000000009 0.8078125 0.10781250000000009 0.8078125 0.1453125000000001 0.8984375 0.1453125000000001
3 0.890625 0.1546875000000001 0.784375 0.1546875000000001 0.784375 0.21875000000000008 0.890625 0.21875000000000008
3 0.74375 0.1531250000000001 0.6359375 0.1531250000000001 0.6359375 0.2171875000000001 0.74375 0.2171875000000001
3 0.6234375 0.2234375000000001 0.515625 0.2234375000000001 0.515625 0.2890625000000001 0.6234375 0.2890625000000001
3 0.4625 0.14843750000000006 0.35625 0.14843750000000006 0.35625 0.21250000000000005 0.4625 0.21250000000000008
3 0.3015625 0.14531250000000004 0.1953125 0.14531250000000004 0.19531250000000003 0.2078125 0.3015625 0.2078125
3 0.14687500000000003 0.1421875 0.03906250000000002 0.1421875 0.03906250000000002 0.20625 0.14687500000000003 0.20625
3 0.2 0.025000000000000015 0.090625 0.025000000000000012 0.090625 0.08281250000000001 0.2 0.08281250000000002
3 0.2859375 0.10156250000000004 0.1953125 0.10156250000000004 0.1953125 0.13593750000000004 0.2859375 0.13593750000000004
0 0.871875 0.06562500000000011 0.834375 0.06562500000000011 0.834375 0.10937500000000008 0.871875 0.10937500000000008
0 0.7828125 0.18125000000000008 0.7421875 0.18125000000000008 0.7421875 0.1937500000000001 0.7828125 0.1937500000000001
0 0.6359375 0.17500000000000007 0.4609375 0.17500000000000004 0.4609375 0.19062500000000007 0.6359375 0.1906250000000001
0 0.653125 0.2156250000000001 0.6234375 0.2156250000000001 0.6234375 0.2531250000000001 0.653125 0.2531250000000001
0 0.6359375 0.1937500000000001 0.571875 0.1937500000000001 0.571875 0.22812500000000008 0.6359375 0.22812500000000008
0 0.35625 0.17031250000000003 0.3 0.17031250000000003 0.3 0.18593750000000003 0.35625 0.18593750000000003
0 0.246875 0.13281250000000006 0.234375 0.13281250000000006 0.234375 0.14843750000000006 0.246875 0.14843750000000006
0 0.19531250000000003 0.16875 0.1453125 0.16875 0.1453125 0.184375 0.19531250000000006 0.18437500000000004
0 0.2453125 0.05312500000000002 0.1984375 0.05312500000000002 0.1984375 0.10156250000000004 0.2453125 0.10156250000000004
0 0.85 0.1437500000000001 0.8359375 0.1437500000000001 0.8359375 0.1593750000000001 0.85 0.1593750000000001