3 0.1359375 0.025000000000000005 0.028125 0.025 0.028125000000000004 0.08125000000000002 0.1359375 0.08125000000000002
3 0.20625 0.09531250000000002 0.115625 0.09531250000000002 0.115625 0.13281250000000003 0.20625 0.13281250000000006
3 0.228125 0.14375000000000002 0.121875 0.14375 0.12187500000000002 0.2078125 0.228125 0.2078125
3 0.375 0.14687500000000003 0.2671875 0.14687500000000003 0.2671875 0.21093750000000006 0.375 0.21093750000000008
3 0.4921875 0.2218750000000001 0.384375 0.2218750000000001 0.384375 0.2875000000000001 0.4921875 0.2875000000000001
3 0.6546875 0.1515625000000001 0.5484375 0.1515625000000001 0.5484375 0.2156250000000001 0.6546875 0.2156250000000001
3 0.8171875 0.1546875000000001 0.7109375 0.1546875000000001 0.7109375 0.2171875000000001 0.8171875 0.2171875000000001
3 0.971875 0.1562500000000001 0.8640625 0.15625000000000008 0.8640625 0.22031250000000008 0.971875 0.22031250000000008
3 0.925 0.0375000000000001 0.815625 0.0375000000000001 0.815625 0.0953125000000001 0.925 0.0953125000000001
3 0.81875 0.11093750000000009 0.728125 0.11093750000000009 0.728125 0.1453125000000001 0.81875 0.1453125000000001
0 0.18125 0.05312500000000002 0.14375 0.05312500000000002 0.14375 0.09687500000000002 0.18125 0.09687500000000002
0 0.26875 0.17187500000000006 0.228125 0.17187500000000006 0.228125 0.18437500000000004 0.26875 0.18437500000000004
0 0.55 0.17343750000000008 0.375 0.17343750000000005 0.375 0.18906250000000008 0.55 0.18906250000000008
0 0.3859375 0.21093750000000006 0.35625 0.2109375 0.35625 0.24843750000000003 0.3859375 0.2484375000000001
0 0.4390625 0.19062500000000004 0.375 0.19062500000000004 0.375 0.2250000000000001 0.4390625 0.2250000000000001
0 0.7109375 0.1765625000000001 0.6546875 0.1765625000000001 0.6546875 0.1921875000000001 0.7109375 0.1921875000000001
0 0.778125 0.14218750000000008 0.765625 0.14218750000000008 0.765625 0.15781250000000008 0.778125 0.15781250000000008
0 0.865625 0.17968750000000008 0.815625 0.17968750000000008 0.815625 0.19531250000000008 0.865625 0.19531250000000008
0 0.8171875 0.0625000000000001 0.7703125 0.06250000000000008 0.7703125 0.11093750000000009 0.8171875 0.11093750000000009
0 0.1765625 0.1328125 0.1625 0.1328125 0.1625 0.1484375 0.1765625 0.1484375