3 0.1265625 0.03281250000000001 0.020312500000000004 0.0328125 0.020312500000000008 0.08750000000000001 0.1265625 0.08750000000000002
3 0.1984375 0.10156250000000003 0.1078125 0.1015625 0.1078125 0.1375 0.1984375 0.13750000000000004
3 0.221875 0.15000000000000002 0.115625 0.15 0.11562500000000002 0.2125 0.221875 0.2125
3 0.36875 0.15000000000000005 0.2625 0.15000000000000005 0.2625 0.21250000000000005 0.36875 0.21250000000000008
3 0.4875 0.2234375000000001 0.38125 0.2234375000000001 0.38125 0.28593750000000007 0.4875 0.28593750000000007
3 0.6484375 0.15000000000000008 0.54375 0.15000000000000005 0.54375 0.21250000000000008 0.6484375 0.21250000000000008
3 0.8109375 0.1515625000000001 0.70625 0.1515625000000001 0.70625 0.21250000000000008 0.8109375 0.21250000000000008
3 0.965625 0.1500000000000001 0.859375 0.15000000000000008 0.859375 0.21250000000000008 0.965625 0.21250000000000008
3 0.9171875 0.031250000000000104 0.809375 0.0312500000000001 0.809375 0.0875000000000001 0.9171875 0.0875000000000001
3 0.8109375 0.1062500000000001 0.721875 0.1062500000000001 0.721875 0.1390625000000001 0.8109375 0.1390625000000001
0 0.1734375 0.059375000000000025 0.1359375 0.059375000000000025 0.1359375 0.103125 0.1734375 0.103125
0 0.2625 0.17656250000000004 0.2234375 0.17656250000000004 0.2234375 0.18906250000000005 0.2625 0.18906250000000005
0 0.54375 0.17500000000000004 0.3703125 0.17500000000000004 0.3703125 0.18906250000000005 0.54375 0.18906250000000005
0 0.38125 0.21250000000000005 0.3515625 0.2125 0.3515625 0.25000000000000006 0.38125 0.2500000000000001
0 0.4328125 0.19375000000000003 0.3703125 0.19375000000000003 0.3703125 0.22656250000000008 0.4328125 0.22656250000000008
0 0.7046875 0.1750000000000001 0.65 0.1750000000000001 0.65 0.18906250000000008 0.7046875 0.18906250000000008
0 0.771875 0.1375000000000001 0.759375 0.1375000000000001 0.759375 0.1531250000000001 0.771875 0.1531250000000001
0 0.8609375 0.17343750000000008 0.8109375 0.17343750000000008 0.8109375 0.18906250000000008 0.8609375 0.18906250000000008
0 0.809375 0.057812500000000086 0.7625 0.057812500000000086 0.7625 0.1062500000000001 0.809375 0.1062500000000001
0 0.1703125 0.1375 0.15625 0.1375 0.15625 0.153125 0.1703125 0.153125