3 0.4096323529411766 0.33884191176470596 0.20328125000000014 0.32296875 0.19954044117647068 0.3715992647058824 0.4058915441176472 0.3874724264705883
3 0.23728567477876106 0.02040237831858408 0.07063053097345132 0.009292035398230097 0.06747096238938052 0.056685564159292046 0.23412610619469026 0.06779590707964603
3 0.2132058189655172 0.15987607758620692 0.07617995689655174 0.1518157327586207 0.0733189655172414 0.20045258620689657 0.2103448275862069 0.2085129310344828
3 0.6376446447793326 0.4437600914962325 0.4251614639397202 0.4289356835306782 0.42178838132400437 0.47728320102260496 0.6342715621636168 0.4921076089881593
3 0.5384835025380711 0.04091846446700511 0.3484930203045685 0.027347715736040647 0.34505869289340096 0.07542829949238583 0.5350491751269035 0.0889990482233503
3 0.6270906807293052 0.3550468292520628 0.4521439146925738 0.33783895062549907 0.44714324926803306 0.38867904910833107 0.6220900153047644 0.4058869277348949
2 0.6076603982300884 0.21165652654867265 0.5362278761061947 0.13001935840707968 0.45304203539823007 0.20280696902654874 0.5244745575221239 0.2844441371681417
0 0.15625 0.057812500000000024 0.140625 0.057812500000000024 0.140625 0.15625 0.15625 0.15625
0 0.3734375 0.07031250000000004 0.2875 0.07031250000000004 0.2875 0.33593750000000006 0.3734375 0.3359375000000001
0 0.4890625 0.23125000000000004 0.3453125 0.23125 0.3453125 0.3453125 0.4890625 0.3453125000000001
0 0.5421875 0.08437500000000006 0.4875 0.08437500000000006 0.4875 0.13281250000000006 0.5421875 0.13281250000000006
0 0.5484375 0.2734375000000001 0.528125 0.2734375000000001 0.528125 0.3468750000000001 0.5484375 0.3468750000000001
0 0.540625 0.3921875000000001 0.5265625 0.3921875000000001 0.5265625 0.4375 0.540625 0.4375
4 0.453125 5.443937724334719e-17 0.4359375 5.338694640032993e-17 0.4359375 0.014062500000000056 0.453125 0.014062500000000056
4 0.4328125 0.28593750000000007 0.409375 0.28593750000000007 0.409375 0.3031250000000001 0.4328125 0.3031250000000001
4 0.5484375 0.3109375000000001 0.5328125 0.3109375000000001 0.5328125 0.3265625000000001 0.5484375 0.3265625000000001