3 0.39687500000000003 0.34375000000000006 0.19062500000000004 0.34375 0.19062500000000004 0.3921875 0.3968750000000001 0.3921875000000001
3 0.203125 0.039062500000000014 0.0375 0.0390625 0.037500000000000006 0.08593750000000001 0.203125 0.08593750000000003
3 0.18906250000000002 0.18125000000000002 0.05312500000000002 0.18125 0.05312500000000002 0.228125 0.18906250000000005 0.228125
3 0.6328125 0.434375 0.4203125 0.434375 0.4203125 0.48125 0.6328125 0.48125
3 0.5046875 0.03906250000000005 0.315625 0.039062500000000035 0.315625 0.08593750000000006 0.5046875 0.08593750000000007
3 0.6140625 0.3437500000000001 0.440625 0.3437500000000001 0.440625 0.3921875000000001 0.6140625 0.3921875000000001
2 0.5859375 0.20468750000000008 0.50859375 0.12734375000000012 0.43125 0.20468750000000013 0.50859375 0.2820312500000001
0 0.125 0.08437500000000002 0.1171875 0.08437500000000002 0.1171875 0.18125 0.125 0.18125
0 0.34375 0.08437500000000005 0.2765625 0.08437500000000005 0.2765625 0.346875 0.34375 0.346875
0 0.471875 0.24062500000000003 0.334375 0.240625 0.334375 0.34687500000000004 0.471875 0.3468750000000001
0 0.5140625 0.08593750000000007 0.4609375 0.08593750000000007 0.4609375 0.13125000000000003 0.5140625 0.13125000000000003
0 0.5328125 0.2718750000000001 0.5171875 0.2718750000000001 0.5171875 0.3437500000000001 0.5328125 0.3437500000000001
0 0.5328125 0.3906250000000001 0.521875 0.3906250000000001 0.521875 0.434375 0.5328125 0.434375
4 0.41875 0.0015625000000000504 0.403125 0.0015625000000000493 0.403125 0.01875000000000005 0.41875 0.01875000000000005
4 0.13125 0.0015625000000000146 0.109375 0.001562500000000013 0.109375 0.015625000000000014 0.13125 0.015625000000000017
4 0.4171875 0.2921875000000001 0.3953125 0.2921875000000001 0.3953125 0.3078125000000001 0.4171875 0.3078125000000001
4 0.534375 0.3078125000000001 0.5203125 0.3078125000000001 0.5203125 0.3234375000000001 0.534375 0.3234375000000001