3 0.40574004514216416 0.339396223554777 0.19857330548443608 0.3273516456676998 0.195704546220186 0.37669430501280154 0.4028712858779141 0.38873888289987873
3 0.22848455153331795 0.023624841480285923 0.06161138892091307 0.01465316607101684 0.05901652928291447 0.06291755533779111 0.22588969189531932 0.07188923074706019
3 0.2070959051724138 0.16530711206896553 0.0699784482758621 0.15724137931034482 0.06716594827586209 0.20505387931034483 0.20428340517241378 0.21311961206896557
3 0.6367299201009252 0.440605288057191 0.4231018713204374 0.42950772708158125 0.42058610176619016 0.47793629100084106 0.634214150546678 0.4890338519764509
3 0.5288745851229989 0.03926823018352212 0.3392543196017181 0.029199897500976214 0.3367086831315892 0.077142717688403 0.52632894865287 0.08721105037094892
3 0.6220780254777071 0.34744028662420395 0.4484713375796178 0.34124004777070077 0.44664410828025475 0.39240246815286633 0.620250796178344 0.3986027070063695
2 0.6018128453038674 0.20930593922651936 0.5289364640883978 0.12833218232044202 0.44675414364640886 0.20229627071823209 0.5196305248618784 0.2832700276243094
0 0.1484375 0.06406250000000002 0.134375 0.06406250000000002 0.134375 0.1625 0.1484375 0.1625
0 0.365625 0.07343750000000004 0.284375 0.07343750000000004 0.284375 0.33906250000000004 0.365625 0.3390625000000001
0 0.484375 0.23281250000000003 0.3421875 0.2328125 0.3421875 0.3453125 0.484375 0.3453125000000001
0 0.5359375 0.08437500000000006 0.48125 0.08437500000000006 0.48125 0.13281250000000006 0.5359375 0.13281250000000006
0 0.5453125 0.2734375000000001 0.5265625 0.2734375000000001 0.5265625 0.3468750000000001 0.5453125 0.3468750000000001
0 0.5390625 0.3921875000000001 0.525 0.3921875000000001 0.525 0.4375 0.5390625 0.4375
4 0.44375 5.3291270869146544e-17 0.4265625 5.223884002612928e-17 0.4265625 0.014062500000000052 0.44375 0.014062500000000056
4 0.4296875 0.2875000000000001 0.40625 0.2875000000000001 0.40625 0.3046875000000001 0.4296875 0.3046875000000001
4 0.5453125 0.30937500000000007 0.5296875 0.30937500000000007 0.5296875 0.32500000000000007 0.5453125 0.32500000000000007