0 0.19687500000000002 0.18125000000000005 0.18750000000000003 0.18125000000000005 0.18750000000000006 0.2703125 0.19687500000000005 0.2703125
0 0.24194570437566704 0.005733057630736393 0.2383037620064034 0.00284985325506939 0.2012023078975454 0.049714847918890095 0.204844250266809 0.05259805229455709
0 0.575 0.3468750000000001 0.565625 0.3468750000000001 0.565625 0.4078125 0.575 0.4078125
0 0.5538739224137931 0.0464816810344828 0.5130387931034482 -0.001778017241379315 0.5098168103448275 0.0009482758620690035 0.5506519396551723 0.04920797413793112
0 0.571875 0.1906250000000001 0.5640625 0.1906250000000001 0.5640625 0.2484375000000001 0.571875 0.2484375000000001
4 0.20625 0.042187500000000024 0.1703125 0.042187500000000024 0.1703125 0.06562500000000002 0.20625 0.06562500000000002
4 0.5828125 0.034375000000000065 0.5375 0.034375000000000065 0.5375 0.06406250000000006 0.5828125 0.06406250000000006
3 0.3484687122851554 0.3367939520995463 0.3475903465604061 0.26872060843147866 0.03590836853385492 0.27274231137375676 0.036786734258604195 0.3408156550418245
3 0.30628124999999995 0.17990625 0.30507740384615384 0.11128701923076922 0.07184326923076922 0.11537884615384612 0.07304711538461538 0.1839980769230769
3 0.7194917068076621 0.47138660482444594 0.7186532147292366 0.4030495004327701 0.42263758090919357 0.4066815940992736 0.423476072987619 0.47501869849094946
3 0.7301485369921163 0.342147627349909 0.7282492040630684 0.2457564812007277 0.409038167070952 0.25204635385081864 0.4109374999999999 0.34843749999999996
3 0.7273692307692308 0.18660865384615385 0.7256697115384616 0.08973605769230772 0.4054009615384616 0.09535480769230768 0.4071004807692308 0.19222740384615383