0 0.2 0.17500000000000004 0.19062500000000002 0.17500000000000004 0.19062500000000004 0.2640625 0.2 0.2640625
0 0.24981039325842697 0.0011341292134831704 0.24577247191011237 -0.0022015449438202105 0.2078125 0.04375000000000003 0.2118504213483146 0.047085674157303414
0 0.5765625 0.3468750000000001 0.5671875 0.3468750000000001 0.5671875 0.4078125 0.5765625 0.4078125
0 0.5638575819672134 0.04756659836065569 0.5219774590163937 -0.0026895491803279547 0.5179815573770493 0.0006403688524589501 0.559861680327869 0.050896516393442594
0 0.575 0.1906250000000001 0.5671875 0.1906250000000001 0.5671875 0.2484375000000001 0.575 0.2484375000000001
4 0.2140625 0.035937500000000025 0.178125 0.035937500000000025 0.178125 0.059375000000000025 0.2140625 0.059375000000000025
4 0.590625 0.03437500000000007 0.5453125 0.034375000000000065 0.5453125 0.06406250000000006 0.590625 0.06406250000000006
3 0.35 0.265625 0.039062500000000035 0.265625 0.03906250000000004 0.3328125 0.35 0.3328125
3 0.3109375 0.10781250000000002 0.07812500000000003 0.1078125 0.07812500000000003 0.17500000000000002 0.3109375 0.17500000000000004
3 0.71875 0.40625 0.4234375 0.40625 0.4234375 0.4734375 0.71875 0.4734375
3 0.73125 0.2500000000000001 0.4125 0.2500000000000001 0.4125 0.3453125000000001 0.73125 0.3453125000000001
3 0.73125 0.09218750000000006 0.4109375 0.09218750000000005 0.4109375 0.19062500000000007 0.73125 0.1906250000000001