0 0.8265914145907475 0.1969050266903916 0.8171608096085411 0.19672709074733108 0.8154798709964414 0.2858168371886122 0.8249104759786479 0.2859947731316727
0 0.8220861486486488 0.06592060810810807 0.7875633445945948 0.01758868243243241 0.7834248310810812 0.02054476351351351 0.8179476351351351 0.06887668918918917
0 0.4390625 0.3421875000000001 0.4296875 0.3421875000000001 0.4296875 0.403125 0.4390625 0.403125
0 0.515625 0.0015625000000000443 0.5125 -0.0015624999999999556 0.4671875 0.043750000000000046 0.4703125 0.04687500000000004
0 0.45 0.18750000000000006 0.4421875 0.18750000000000006 0.4421875 0.2453125000000001 0.45 0.2453125000000001
4 0.853125 0.0578125000000001 0.815625 0.057812500000000086 0.815625 0.0843750000000001 0.853125 0.08437500000000012
4 0.4875 0.029687500000000054 0.440625 0.029687500000000054 0.440625 0.060937500000000054 0.4875 0.06093750000000007
3 0.9750152378346103 0.29821981664842284 0.6655317071350384 0.2765559694994527 0.6607687954025276 0.34459756567817695 0.9702523261020997 0.366261412827147
3 0.9479950221238937 0.13788716814159302 0.7142422566371681 0.12230365044247797 0.7096584623893805 0.19106056415929212 0.9434112278761061 0.20664408185840716
3 0.5828949138858989 0.4123604009687837 0.2890852058665232 0.39186204924650164 0.2843422026372444 0.45984509553283104 0.5781519106566201 0.4803434472551131
3 0.6035866409099635 0.2564773708965253 0.2855889446150893 0.23439419754271457 0.2788773037051258 0.3310418266461893 0.596875 0.353125
3 0.6156443420344456 0.1007644308396125 0.2961240244886975 0.0784723156620022 0.2893829050053821 0.1750950282561895 0.6089032225511303 0.19738714343379984