3 0.30937500000000007 0.834375 0.0421875000000001 0.834375 0.04218750000000011 0.909375 0.30937500000000007 0.909375
3 0.3156250000000001 0.69375 0.03750000000000009 0.69375 0.03750000000000009 0.7671875 0.3156250000000001 0.7671875
3 0.6343750000000001 0.69375 0.3843750000000001 0.69375 0.3843750000000001 0.7671875 0.6343750000000001 0.7671875
3 0.4578125 0.17656250000000004 0.2265625 0.17656250000000004 0.2265625 0.2515625 0.4578125 0.2515625000000001
3 0.6390625000000002 0.834375 0.3781250000000001 0.834375 0.3781250000000001 0.909375 0.6390625000000002 0.909375
3 0.471875 0.03437500000000004 0.2140625 0.034375000000000024 0.2140625 0.10937500000000004 0.471875 0.10937500000000004
2 0.48046875 0.45546875 0.34375 0.3187500000000001 0.20703125 0.4554687500000001 0.34375 0.5921875
0 0.18125000000000008 0.76875 0.17187500000000008 0.76875 0.17187500000000008 0.834375 0.18125000000000008 0.834375
0 0.49233993902439027 0.6251905487804879 0.41276676829268294 0.5257240853658537 0.4078125 0.5296875000000001 0.48738567073170735 0.6291539634146343
0 0.5145721153846153 0.8341730769230769 0.5109278846153845 0.768576923076923 0.5015817307692306 0.7690961538461537 0.5052259615384614 0.8346923076923076
0 0.24144758442776743 0.9741111632270171 0.17573874296435288 0.9101782363977489 0.1637922138836775 0.9224566135084429 0.22950105534709206 0.9863895403377112
0 0.3484375 0.2515625 0.3390625 0.2515625 0.3390625 0.31875 0.3484375 0.31875
0 0.3484375 0.10937500000000004 0.3390625 0.10937500000000004 0.3390625 0.17656250000000004 0.3484375 0.17656250000000004
0 0.5212841053299493 0.9246787753807106 0.509375 0.9109375 0.4403117068527919 0.9707923540609137 0.45222081218274124 0.9845336294416244
0 0.28123294679399735 0.5310197817189632 0.2762566081173261 0.5267298345839018 0.1923761510914052 0.62403116473397 0.19735248976807646 0.6283211118690314
4 0.2078125000000001 0.625 0.14843750000000008 0.625 0.14843750000000008 0.659375 0.2078125000000001 0.659375
4 0.54375 0.625 0.4765625 0.625 0.4765625 0.65625 0.54375 0.65625