3 0.2877212389380532 0.8201189159292035 0.019849280973451445 0.8022607853982301 0.014781526548672675 0.8782771017699116 0.28265348451327443 0.896135232300885
3 0.30415986753695534 0.6804104074678441 0.025188375887886427 0.6610373872144366 0.01999304089076607 0.7358502111729698 0.29896453253983496 0.7552232314263774
3 0.622145386676876 0.7027876148545176 0.3711882656967841 0.6851765888208269 0.36599492725880556 0.7591816615620214 0.6169520482388975 0.7767926875957121
3 0.48240808823529424 0.17556985294117658 0.25000919117647064 0.15769301470588243 0.24413602941176477 0.23404411764705885 0.47653492647058826 0.251920955882353
3 0.6158994411685574 0.8432545765884939 0.35643475909152056 0.8258408395363437 0.35131867685305596 0.9020704648894668 0.6107833589300928 0.919484201941617
3 0.5059800524757804 0.033556747847147496 0.24731902583423038 0.015510629709364948 0.24198819294940802 0.09191923439181922 0.500649219590958 0.10996535252960175
2 0.48524315828402365 0.45498982988165687 0.3575073964497041 0.3083302514792899 0.21033191568047332 0.43651534763313593 0.33806767751479294 0.583174926035503
0 0.16093750000000012 0.7468750000000001 0.15161154197080304 0.7466229470802921 0.14983462591240887 0.812368841240876 0.15916058394160593 0.812620894160584
0 0.4850146812080537 0.6250209731543623 0.4119022651006713 0.5205746644295302 0.40623951342281883 0.524538590604027 0.4793519295302013 0.6289848993288591
0 0.49218750000000017 0.76875 0.4828125000000002 0.76875 0.4828125000000002 0.834375 0.49218750000000017 0.834375
0 0.21014330110497248 0.955714779005525 0.14861015193370183 0.8873446132596685 0.13557493093922676 0.8990763121546962 0.1971080801104974 0.9674464779005525
0 0.3625 0.2421875 0.353125 0.2421875 0.353125 0.309375 0.3625 0.309375
0 0.3736427919708029 0.16697080291970803 0.3718316605839416 0.0999589416058394 0.36081774635036495 0.10025661496350365 0.3626288777372263 0.16726847627737226
0 0.49247787610619476 0.9237693584070797 0.4805724557522125 0.9101631637168144 0.4114352876106196 0.9706581858407081 0.42334070796460177 0.9842643805309734
0 0.28046875 0.5164062500000001 0.27578125 0.5117187500000001 0.18515625000000008 0.60234375 0.1898437500000001 0.60703125
4 0.1984375000000001 0.6 0.1375000000000001 0.6 0.1375000000000001 0.6390625 0.1984375000000001 0.6390625
4 0.534375 0.6234375 0.465625 0.6234375 0.465625 0.659375 0.534375 0.659375