3 0.28144725110643243 0.8164436793709446 0.01473045481888896 0.7936323744252995 0.008223786684140543 0.8697103403085119 0.274940582971684 0.8925216452541571
3 0.30085061437013555 0.6765212867541078 0.023250576535024603 0.6531092353704236 0.01698098335255127 0.7274486973911789 0.2945810211876622 0.7508607487748631
3 0.6185434549356225 0.7049450107296138 0.3681491416309014 0.6828513948497854 0.3615544527896998 0.7575912017167383 0.6119487660944207 0.7796848175965666
3 0.487671484566389 0.17463329862812352 0.2558572697207251 0.15402759064184224 0.24910812714355704 0.22995544463498283 0.4809223419892209 0.2505611526212641
3 0.6110071688921395 0.8458575392799851 0.35043998301406065 0.822496343304709 0.3436142009531 0.8986300662923471 0.6041813868311788 0.9219912622676232
3 0.5140071036014967 0.0337937032273153 0.25584468545369504 0.01123582202993455 0.2491844013096352 0.08745907390084195 0.5073468194574369 0.11001695509822271
2 0.48600652420574886 0.45455843419062025 0.360865639183056 0.30574224659606664 0.21142539712556735 0.4314079046898639 0.3365662821482602 0.5802240922844175
0 0.15661417869034416 0.7406371392896782 0.14714553274139855 0.7403215177580467 0.1449517896781355 0.8061338096559378 0.1544204356270811 0.8064494311875693
0 0.4830733229329174 0.6229792316692668 0.408618125975039 0.5201601501560063 0.40317497074882996 0.5241017453198127 0.47763016770670835 0.6269208268330734
0 0.48811305732484084 0.7687718949044587 0.47858280254777086 0.7684315286624205 0.4762320859872613 0.8342515923566879 0.48576234076433134 0.834591958598726
0 0.2013856132075472 0.9506191037735849 0.14232356676342528 0.8811343432510885 0.1289890239477503 0.8924687046444124 0.18805107039187222 0.9619534651669086
0 0.36731640323824216 0.23910948342328453 0.357948631457209 0.23884926754047803 0.35607893215111797 0.30615844255975333 0.3654467039321511 0.30641865844255983
0 0.37972855839416064 0.09848083941605844 0.3702760036496351 0.09822536496350369 0.3685002281021898 0.16392906021897816 0.37795278284671535 0.16418453467153288
0 0.48568750000000005 0.9251875000000002 0.47462499999999996 0.9104375000000002 0.40112500000000006 0.9655625000000002 0.4121875000000001 0.9803125000000001
0 0.27968723699713854 0.5125286673119004 0.2747448872243729 0.5074947925433427 0.18328169710486444 0.5972950155697694 0.18822404687763003 0.6023288903383269
4 0.1984375000000001 0.59375 0.1359375000000001 0.59375 0.1359375000000001 0.6328125 0.1984375000000001 0.6328125
4 0.5328125 0.621875 0.4625 0.621875 0.4625 0.659375 0.5328125 0.659375