4 0.3640625 0.23906250000000004 0.325 0.2390625 0.325 0.26250000000000007 0.3640625 0.26250000000000007
4 0.653125 0.2390625000000001 0.6125 0.2390625000000001 0.6125 0.2640625000000001 0.653125 0.2640625000000001
0 0.4921875 5.998855805198363e-17 0.4859375 5.960585592725009e-17 0.4859375 0.029687500000000054 0.4921875 0.029687500000000054
0 0.3501698631457209 0.4170525732459523 0.3484350905936777 0.3546007613723979 0.34058524479568236 0.3548188126445644 0.34232001734772555 0.4172706245181188
0 0.4414057905312683 0.16645265634189374 0.4377453563026858 0.16271901342873948 0.3557145657714174 0.2431413570868457 0.35937499999999994 0.24687499999999996
0 0.6466017901748542 0.27119978143213996 0.5415018734388009 0.16172070149875112 0.5253044338051622 0.17727024354704427 0.6304043505412156 0.28674932348043314
0 0.634375 0.3671875000000001 0.628125 0.3671875000000001 0.628125 0.415625 0.634375 0.415625
2 0.5796875 0.12187500000000004 0.48828125 0.030468750000000044 0.39765625 0.12109375000000007 0.4890625 0.21250000000000008
3 0.746875 0.4171875000000001 0.515625 0.4171875 0.515625 0.47343750000000007 0.746875 0.4734375000000002
3 0.4640625 0.4171875 0.22656250000000008 0.4171875 0.22656250000000008 0.4734375 0.4640625 0.4734375
3 0.4359375 0.2984375 0.25625 0.2984375 0.25625 0.35468750000000004 0.4359375 0.3546875000000001
3 0.7625 0.28593750000000007 0.4984375 0.28593750000000007 0.4984375 0.3671875000000001 0.7625 0.3671875000000001