3 0.6487095197698436 0.4499695706698141 0.38400108807907934 0.4271498782826793 0.3770668892003541 0.5075865852758926 0.6417753208911183 0.5304062776630274
3 0.6012277341373016 0.6844757841455994 0.388366432483266 0.6670020952038502 0.38378360623997343 0.7228292512585053 0.596644907894009 0.7403029402002546
3 0.9629029580997344 0.4775131860430806 0.6985154175272942 0.4547211566833875 0.6915535556211272 0.5354787547949248 0.9559410961935674 0.5582707841546178
3 0.7848230415051111 0.06127098387381047 0.6324834221889319 0.0470526194043004 0.6271688843849137 0.10399409587592537 0.7795085037010928 0.11821246034543545
3 0.5889927575107297 0.5768320815450644 0.42090799356223185 0.5620010729613734 0.4160474785407726 0.6170869098712448 0.5841322424892704 0.6319179184549357
2 0.7993755863039398 0.2798370075046905 0.698013895403377 0.1591683278611633 0.5792873475609757 0.25889862804878055 0.6806490384615385 0.37956730769230773
2 0.5695385787992494 0.8792125938086304 0.48569125234521576 0.7793943480300188 0.3858363625703564 0.8632724554409007 0.4696836890243901 0.9630907012195122
4 0.8484375 0.4203125000000002 0.8203125 0.4203125000000002 0.8203125 0.44062500000000016 0.8484375 0.44062500000000016
4 0.53125 0.3921875000000001 0.509375 0.3921875000000001 0.509375 0.415625 0.53125 0.415625
0 0.7109375 0.10937500000000008 0.69375 0.10937500000000008 0.69375 0.16406250000000008 0.7109375 0.16406250000000008
0 0.8484375 0.3265625000000001 0.7296875 0.3265625000000001 0.7296875 0.46875000000000017 0.8484375 0.46875000000000017
0 0.6328125 0.3062500000000001 0.5109375 0.3062500000000001 0.5109375 0.4484375 0.6328125 0.4484375
0 0.51875 0.51875 0.5 0.51875 0.5 0.5703125 0.51875 0.5703125
0 0.50625 0.6234375 0.490625 0.6234375 0.490625 0.6765625 0.50625 0.6765625
0 0.5000000000000002 0.7296875 0.47968750000000016 0.7296875 0.47968750000000016 0.7828125 0.5000000000000002 0.7828125