4 0.359375 0.2421875 0.3203125 0.2421875 0.3203125 0.265625 0.359375 0.265625
4 0.65 0.23593750000000008 0.6078125 0.23593750000000008 0.6078125 0.2609375000000001 0.65 0.2609375000000001
0 0.484375 0.001562500000000059 0.478125 0.0015625000000000586 0.478125 0.031250000000000056 0.484375 0.031250000000000056
0 0.3487782241659886 0.42002517290480057 0.3452184194467046 0.3577285903173312 0.33743134662327096 0.35817356590724164 0.3409911513425549 0.4204701484947111
0 0.4367167163774404 0.16787113611713672 0.43219936279826465 0.16353816431670287 0.3526128660520607 0.2465113204989155 0.3571302196312365 0.25084429229934935
0 0.6426389714625446 0.27055217003567195 0.5379644768133174 0.16064395065398343 0.5225921521997621 0.17528425980975035 0.6272666468489893 0.28519247919143886
0 0.634375 0.3656250000000001 0.6265625 0.3656250000000001 0.6265625 0.4140625 0.634375 0.4140625
2 0.5742461169861203 0.1210364342366161 0.4807026602775942 0.030833815267680188 0.39100194150693984 0.12385678288169208 0.484545398215466 0.21405940185062802
3 0.7478134615384615 0.4706798076923078 0.7467990384615384 0.4128576923076923 0.5146610576923076 0.41693028846153835 0.5156754807692308 0.4747524038461538
3 0.4650326923076923 0.47561346153846157 0.4640182692307692 0.41779134615384617 0.22563221153846155 0.4219735576923077 0.22664663461538465 0.4797956730769231
3 0.4344158783783783 0.3574672297297297 0.43357297297297287 0.30014966216216216 0.25309729729729724 0.3028037162162162 0.2539402027027026 0.3601212837837838
3 0.7609375 0.2812500000000001 0.4953125 0.2812500000000001 0.4953125 0.3671875000000001 0.7609375 0.3671875000000001