3 0.6203125 0.4375 0.35625000000000007 0.4375 0.35625000000000007 0.5171875 0.6203125 0.5171875
3 0.5953125 0.6734375 0.3828125000000001 0.6734375 0.3828125000000001 0.7296875 0.5953125000000001 0.7296875
3 0.3046875000000001 0.4375 0.04062500000000006 0.4375 0.040625000000000064 0.51875 0.3046875000000001 0.51875
3 0.40625 0.03750000000000004 0.2546875 0.03750000000000003 0.2546875 0.09375000000000003 0.40625 0.09375000000000004
3 0.571875 0.56875 0.4046875 0.56875 0.4046875 0.6234375 0.571875 0.6234375
2 0.44140625 0.25234375000000003 0.33203125 0.14296875000000003 0.22109375 0.2539062500000001 0.33046875 0.3632812500000001
2 0.5804687500000001 0.8710937500000002 0.4890625000000002 0.7796875000000002 0.39765625000000016 0.8710937500000003 0.4890625 0.9625000000000001
4 0.18750000000000006 0.3921875 0.15937500000000004 0.3921875 0.15937500000000004 0.409375 0.18750000000000006 0.409375
4 0.4984375 0.3921875000000001 0.478125 0.3921875000000001 0.478125 0.4125 0.4984375 0.4125
0 0.3375 0.09218750000000005 0.325 0.09218750000000005 0.325 0.14687500000000003 0.3375 0.14687500000000003
0 0.275 0.30625 0.16718750000000004 0.30625 0.16718750000000004 0.4390625 0.2750000000000001 0.4390625
0 0.49375 0.3046875000000001 0.384375 0.3046875000000001 0.384375 0.4375 0.49375 0.4375
0 0.4953125 0.51875 0.4796875 0.51875 0.4796875 0.56875 0.4953125 0.56875
0 0.49375 0.6234375 0.4828125 0.6234375 0.4828125 0.675 0.49375 0.675
0 0.4968750000000002 0.73125 0.4812500000000002 0.73125 0.4812500000000002 0.7828125 0.4968750000000002 0.7828125