4 0.34375 0.2515625 0.303125 0.2515625 0.303125 0.278125 0.34375 0.278125
4 0.6328125 0.22656250000000008 0.5890625 0.22656250000000008 0.5890625 0.25468750000000007 0.6328125 0.25468750000000007
0 0.4515625 0.003125000000000055 0.4453125 0.003125000000000054 0.4453125 0.03281250000000006 0.4515625 0.03281250000000006
0 0.34453125 0.43046875 0.335875 0.369875 0.32778124999999997 0.37103125 0.33643749999999994 0.43162500000000004
0 0.4134133084272416 0.1739465948064675 0.40842417932386094 0.16977201739343467 0.3356358708966194 0.25676292258696726 0.34062500000000007 0.2609375000000001
0 0.62578125 0.2632812500000001 0.51796875 0.15546875000000007 0.50390625 0.16953125000000008 0.61171875 0.2773437500000001
0 0.6276282514450867 0.40536488439306356 0.6202763728323699 0.35757767341040453 0.6132315751445085 0.35866148843930634 0.6205834537572253 0.40644869942196526
2 0.5486780314599878 0.11617955864386072 0.4488441127061698 0.032447884850335965 0.36506280543677455 0.1323409819792303 0.4648967241905925 0.21607265577275508
3 0.74516604303087 0.453532214686623 0.7401711587932647 0.3963685395229186 0.5083549169784846 0.41662432764265667 0.5133498012160898 0.4737880028063611
3 0.4634740411599627 0.4781612488306828 0.458526514265669 0.42153955215154354 0.2205076297942002 0.44233731875584664 0.22545515668849392 0.4989590154349859
3 0.42513856565409114 0.36210573860852524 0.42011651763841257 0.3056076984321411 0.2404596398824106 0.3215771986771191 0.24548168789808922 0.3780752388535032
3 0.7508881494045204 0.34366876682275727 0.7436929639393828 0.26500140573725156 0.47965748405294795 0.28915099231223035 0.4868526695180856 0.36781835339773605