3 0.6445589619989882 0.5076341945865424 0.6384877944235202 0.4268876658328181 0.3738069347630559 0.44678848234864244 0.37987810233852387 0.5275350111023667
3 0.631970731707317 0.7226759146341463 0.6280940548780487 0.6667410060975609 0.41674847560975614 0.681388719512195 0.42062515243902443 0.7373236280487804
3 0.9585135473262797 0.4872935730626251 0.9530034672576495 0.40601989205032873 0.6890155847869602 0.4239173756076636 0.6945256648555904 0.50519105661996
3 0.7162025778210116 0.07955374513618678 0.7125790369649805 0.021577091439688712 0.5599525778210116 0.031116245136186736 0.5635761186770426 0.08909289883268481
3 0.6037077847416359 0.6170240497339705 0.5994377874470196 0.5609803352421319 0.43141020944178915 0.5737824364234827 0.4356802067364054 0.6298261509153213
2 0.7610871905274488 0.23599973089343393 0.6419015742734123 0.13236006458557603 0.5397419940796555 0.24984358180839622 0.6589276103336921 0.3534832481162541
2 0.6279479695431472 0.8637909263959391 0.5295818527918781 0.7784165609137057 0.4441345177664974 0.8768667512690357 0.5425006345177665 0.9622411167512691
4 0.8328125 0.3687500000000001 0.8046875 0.3687500000000001 0.8046875 0.3890625000000001 0.8328125 0.3890625000000001
4 0.515625 0.3906250000000001 0.49375 0.3906250000000001 0.49375 0.4125 0.515625 0.4125
0 0.6515625 0.08125000000000007 0.634375 0.08125000000000007 0.634375 0.1359375000000001 0.6515625 0.1359375000000001
0 0.828125 0.2828125000000001 0.7109375 0.2828125000000001 0.7109375 0.4234375000000001 0.828125 0.4234375000000002
0 0.6109375 0.2968750000000001 0.4921875 0.2968750000000001 0.4921875 0.4375 0.6109375 0.4375
0 0.525 0.5171875 0.50625 0.5171875 0.50625 0.56875 0.525 0.56875
0 0.5296875 0.621875 0.5140625 0.621875 0.5140625 0.6734375 0.5296875 0.6734375
0 0.5390625000000002 0.728125 0.5203125000000002 0.728125 0.5203125000000002 0.78125 0.5390625000000002 0.78125