3 0.7075939517368582 0.15232237549953895 0.5233909083922533 0.1458591108207809 0.5216924761758378 0.19426442898862595 0.7058955195204427 0.20072769366738402
3 0.7511105133722717 0.8308503688902549 0.5734235705502613 0.8246157393175528 0.5717251383338458 0.873021057485398 0.7494120811558562 0.8792556870581002
3 0.6022788656313302 0.3456100185685348 0.3812905131667792 0.3379011225523295 0.3789470796758947 0.40507954929101964 0.5999354321404456 0.4127884453072248
3 0.5275587811900194 0.4722510796545107 0.3063303742802304 0.4635754558541268 0.30364923224568147 0.5319445777351249 0.5248776391554705 0.5406202015355088
3 0.23616327650236335 0.8034235735989196 0.014775700540175657 0.7957007511816339 0.012432267049291124 0.862879177920324 0.2338198430114788 0.8706020003376096
3 0.722476247030879 0.24193883610451317 0.5014567250593824 0.2343174732779098 0.4991445219714965 0.3013713628266034 0.720164043942993 0.30899272565320673
3 0.6594231881264456 0.04201522744795692 0.4376325173477255 0.03585437548188131 0.4357592039321512 0.1032936584425598 0.6575498747108713 0.10945451040863538
2 0.48655060939357897 0.6733000148632581 0.4124201099881094 0.5954629904875148 0.33384178061831155 0.6702994946492271 0.40797228002378116 0.7481365190249702
0 0.35625000000000007 0.68125 0.11875000000000009 0.68125 0.11875000000000009 0.80625 0.35625000000000007 0.80625
0 0.22656250000000008 0.865625 0.11562500000000009 0.865625 0.11562500000000012 0.975 0.22656250000000008 0.975
0 0.6890625000000001 0.875 0.6531250000000002 0.875 0.6531250000000002 0.9609375 0.6890625000000001 0.9609375
0 0.5640625000000001 0.4015625 0.3046875000000001 0.4015625 0.3046875000000001 0.9953125 0.5640625000000001 0.9953125
0 0.6703125000000001 0.69375 0.4546875 0.69375 0.4546875000000001 0.8265625 0.6703125000000002 0.8265625
0 0.4203125 0.5328125 0.4078125 0.5328125 0.4078125 0.5984375 0.4203125 0.5984375
0 0.4546875 0.4046875 0.4140625 0.4046875 0.4140625 0.46875 0.4546875 0.46875
0 0.540625 0.2984375000000001 0.4875 0.2984375000000001 0.4875 0.3437500000000001 0.540625 0.3437500000000001
0 0.61875 0.19531250000000008 0.6078125 0.19531250000000008 0.6078125 0.2390625000000001 0.61875 0.2390625000000001
0 0.621875 0.10781250000000009 0.5875 0.10781250000000009 0.5875 0.15000000000000008 0.621875 0.15000000000000008
0 0.4375000000000001 0.08125000000000003 0.25625 0.08125000000000002 0.25625000000000003 0.9453125 0.43750000000000017 0.9453125
0 0.803125 0.30156250000000007 0.6953125 0.30156250000000007 0.6953125000000001 0.9640625 0.803125 0.9640625
4 0.13437500000000008 0.7625 0.11875000000000009 0.7625 0.11875000000000009 0.7765625 0.13437500000000008 0.7765625
4 0.6750000000000002 0.778125 0.6515625000000002 0.778125 0.6515625000000002 0.7953125 0.6750000000000002 0.7953125
4 0.5609375 0.66875 0.5390625 0.66875 0.5390625 0.684375 0.5609375 0.684375
4 0.796875 0.5718750000000001 0.7796875 0.5718750000000001 0.7796875 0.5875000000000001 0.796875 0.5875000000000001
4 0.28593750000000007 0.425 0.27031250000000007 0.425 0.27031250000000007 0.4421875 0.28593750000000007 0.4421875