3 0.6733786329386436 0.18092707212055972 0.6700131189451022 0.1326880382131324 0.4861334432185146 0.14551685279870827 0.48949895721205605 0.19375588670613558
3 0.7877389705882353 0.8499816176470588 0.7840257352941176 0.8017095588235295 0.6063511029411766 0.8153768382352942 0.6100643382352942 0.8636488970588235
3 0.5902496773458852 0.4028218000303675 0.5855581916185849 0.3360984474643184 0.3642523914363803 0.3516590115396296 0.36894387716368054 0.41838236410567875
3 0.5290838951636979 0.5371360023385411 0.5242861540949348 0.46859684421335457 0.30319761294656183 0.48407304209374075 0.30799535401532496 0.5526122002189273
3 0.2738499365482233 0.896399111675127 0.2690513959390863 0.829219543147208 0.04830266497461928 0.84498730964467 0.05310120558375635 0.9121668781725889
3 0.6987468274111676 0.2871430837563452 0.6939720812182741 0.22029663705583755 0.47366751269035534 0.2360326776649746 0.47844225888324876 0.3028791243654822
3 0.6171875 0.026562500000000062 0.3890625 0.026562500000000044 0.3890625 0.11093750000000006 0.6171875 0.11093750000000009
2 0.5044816267868242 0.6748591904909882 0.4227625854568055 0.6045428060907396 0.3524641664077067 0.6862409687694221 0.43418320773772534 0.7565573531696707
0 0.3843750000000001 0.7046875 0.1437500000000001 0.7046875 0.1437500000000001 0.8375 0.3843750000000001 0.8375
0 0.2718750000000001 0.8953125 0.15781250000000008 0.8953125 0.1578125000000001 1 0.2718750000000001 1
0 0.7328125000000002 0.8546875 0.6937500000000002 0.8546875 0.6937500000000002 0.940625 0.7328125000000002 0.940625
0 0.5953125000000001 0.4046875 0.3156250000000001 0.4046875 0.3156250000000001 1 0.5953125000000001 1
0 0.6984375 0.6828125 0.4796875 0.6828125 0.4796875000000001 0.821875 0.6984375000000002 0.821875
0 0.428125 0.5421875 0.4125 0.5421875 0.4125 0.6078125 0.428125 0.6078125
0 0.45 0.4109375 0.40625 0.4109375 0.40625 0.4765625 0.45 0.4765625
0 0.521875 0.2968750000000001 0.4671875 0.2968750000000001 0.4671875 0.3437500000000001 0.521875 0.3437500000000001
0 0.5890625 0.1843750000000001 0.5765625 0.1843750000000001 0.5765625 0.22812500000000008 0.5890625 0.22812500000000008
0 0.5828125 0.09843750000000007 0.546875 0.09843750000000007 0.546875 0.14218750000000008 0.5828125 0.14218750000000008
0 0.4546875000000001 0.09687500000000004 0.24375 0.09687500000000002 0.24375000000000005 0.9640625 0.4546875000000002 0.9640625
0 0.8265625 0.2734375000000001 0.6953125 0.2734375000000001 0.6953125000000001 0.9375 0.8265625 0.9375
4 0.16406250000000008 0.8 0.14843750000000008 0.8 0.14843750000000008 0.8140625 0.16406250000000008 0.8140625
4 0.7046875000000001 0.759375 0.6812500000000001 0.759375 0.6812500000000001 0.7765625 0.7046875000000001 0.7765625
4 0.578125 0.6640625 0.55625 0.6640625 0.55625 0.6796875 0.578125 0.6796875
4 0.8046875 0.5406250000000001 0.7859375 0.5406250000000001 0.7859375 0.5578125000000002 0.8046875 0.5578125000000002
4 0.2812500000000001 0.4484375 0.2640625000000001 0.4484375 0.2640625000000001 0.465625 0.2812500000000001 0.465625