3 0.69375 0.14531250000000007 0.5109375 0.14531250000000004 0.5109375 0.19218750000000007 0.69375 0.1921875000000001
3 0.7609375000000002 0.821875 0.5843750000000002 0.821875 0.5843750000000002 0.86875 0.7609375000000002 0.86875
3 0.5953125 0.3421875000000001 0.375 0.3421875000000001 0.37500000000000006 0.4078125 0.5953125 0.4078125
3 0.525 0.4703125 0.3046875000000001 0.4703125 0.3046875000000001 0.5375 0.525 0.5375
3 0.2453125000000001 0.8125 0.0250000000000001 0.8125 0.025000000000000105 0.878125 0.2453125000000001 0.878125
3 0.7125 0.23437500000000008 0.4921875 0.23437500000000008 0.4921875 0.3000000000000001 0.7125 0.3000000000000001
3 0.64375 0.03750000000000007 0.421875 0.037500000000000054 0.421875 0.10312500000000006 0.64375 0.10312500000000009
2 0.49140625 0.6742187500000002 0.415625 0.5984375000000002 0.3398437500000001 0.6742187500000002 0.4156250000000001 0.7500000000000002
0 0.3625000000000001 0.6953125 0.1296875000000001 0.6953125 0.1296875000000001 0.8125 0.3625000000000001 0.8125
0 0.2390625000000001 0.878125 0.1312500000000001 0.878125 0.13125000000000012 0.984375 0.2390625000000001 0.984375
0 0.7015625000000002 0.86875 0.6687500000000002 0.86875 0.6687500000000002 0.953125 0.7015625000000002 0.953125
0 0.5609375000000001 0.4078125 0.3218750000000001 0.4078125 0.3218750000000001 0.99375 0.5609375000000002 0.99375
0 0.6765625000000001 0.6953125 0.465625 0.6953125 0.46562500000000007 0.8203125 0.6765625000000002 0.8203125
0 0.421875 0.5359375 0.4109375 0.5359375 0.4109375 0.6015625 0.421875 0.6015625
0 0.4515625 0.4078125 0.4125 0.4078125 0.4125 0.4703125 0.4515625 0.4703125
0 0.5328125 0.2984375000000001 0.48125 0.2984375000000001 0.48125 0.3421875000000001 0.5328125 0.3421875000000001
0 0.6078125 0.1906250000000001 0.5984375 0.1906250000000001 0.5984375 0.23437500000000008 0.6078125 0.23437500000000008
0 0.6078125 0.10468750000000009 0.575 0.10468750000000009 0.575 0.1468750000000001 0.6078125 0.1468750000000001
0 0.4218750000000001 0.08906250000000003 0.271875 0.08906250000000002 0.27187500000000003 0.9484375 0.42187500000000017 0.9484375
0 0.7953125000000001 0.29375000000000007 0.7109375 0.29375000000000007 0.7109375000000001 0.953125 0.7953125000000002 0.953125
4 0.1437500000000001 0.775 0.1281250000000001 0.775 0.1281250000000001 0.7875 0.1437500000000001 0.7875
4 0.6843750000000002 0.771875 0.6609375000000002 0.771875 0.6609375000000002 0.7890625 0.6843750000000002 0.7890625
4 0.565625 0.6671875 0.5453125 0.6671875 0.5453125 0.6828125 0.565625 0.6828125
4 0.8 0.5625000000000002 0.7828125 0.5625000000000002 0.7828125 0.5781250000000002 0.8 0.5781250000000002
4 0.2843750000000001 0.4328125 0.2687500000000001 0.4328125 0.2687500000000001 0.45 0.2843750000000001 0.45