3 0.7146674584323041 0.42535629453681717 0.7129732036817102 0.37622290676959624 0.49593601543942994 0.3837069477434679 0.4976302701900237 0.43284033551068885
3 0.8566337704497597 0.7263760562334647 0.8541404014362074 0.6585564190648453 0.630786505858215 0.666767959343448 0.6332798748717672 0.7345875965120674
3 0.8391302440333636 0.6181089478899991 0.8378655597076554 0.5717371892807004 0.6405123513502354 0.57711954950863 0.6417770356759436 0.6234913081179287
3 0.860388588809062 0.8357875511301065 0.8579066482248677 0.7672859910063454 0.635135232576433 0.7753574191095496 0.6376171731606273 0.8438589792333107
3 0.96765276839973 0.4164626941255907 0.9659562795408508 0.3678300135043889 0.7560917454422686 0.37515086934503705 0.7577882343011477 0.423783549966239
3 0.7204145304910955 0.5326624055585537 0.7171900296815974 0.4633356381543443 0.49546765380464103 0.4736483067997842 0.4986921546141391 0.5429750742039936
3 0.9675598378352055 0.5139214783130965 0.9656413341666124 0.46634258733199124 0.7616006062917993 0.4745700360366209 0.7635191099603922 0.5221489270177261
3 0.8341041804225815 0.08659417299438765 0.8318967687355562 0.018716263618355915 0.6087841490590954 0.025971958567183845 0.6109915607461207 0.09384986794321558
3 0.864175697743468 0.9454702345605701 0.8618059679334916 0.8767480700712589 0.6389567250593824 0.8844325267220903 0.6413264548693587 0.9531546912114015
2 0.8072004378980893 0.21020601114649687 0.7236753582802548 0.13244128184713375 0.6454538216560509 0.21645700636942672 0.7289789012738854 0.29422173566878984
0 0.7296875 0.0906250000000001 0.7171875 0.0906250000000001 0.7171875 0.13437500000000008 0.7296875 0.13437500000000008
0 0.8671875 0.2468750000000001 0.76875 0.2468750000000001 0.76875 0.3750000000000001 0.8671875 0.3750000000000001
0 0.69375 0.2531250000000001 0.5953125 0.2531250000000001 0.5953125 0.3828125000000001 0.69375 0.3828125000000001
0 0.8703125 0.4187500000000002 0.8578125 0.4187500000000002 0.8578125 0.47187500000000016 0.8703125 0.47187500000000016
0 0.6140625 0.428125 0.6015625 0.428125 0.6015625 0.4703125 0.6140625 0.4703125
0 0.871875 0.5187500000000002 0.803125 0.5187500000000002 0.803125 0.5734375000000002 0.871875 0.5734375000000002
0 0.6765625 0.534375 0.609375 0.534375 0.609375 0.5796875 0.6765625 0.5796875
0 0.7484375 0.6203125000000002 0.7375 0.6203125000000002 0.7375 0.6625000000000002 0.7484375 0.6625000000000002
0 0.7531250000000002 0.7296875000000002 0.7390625000000002 0.7296875000000002 0.7390625000000002 0.7718750000000002 0.7531250000000002 0.7718750000000002
0 0.7562500000000002 0.8375 0.7421875000000002 0.8375 0.7421875000000002 0.88125 0.7562500000000002 0.88125
0 0.7593750000000001 0.9484375 0.7484375000000002 0.9484375 0.7484375000000002 0.990625 0.7593750000000001 0.990625
4 0.9234375 0.3218750000000001 0.7984375 0.3218750000000001 0.7984375 0.3421875000000001 0.9234375 0.3421875000000001
4 0.665625 0.3187500000000001 0.54375 0.3187500000000001 0.54375 0.3593750000000001 0.665625 0.3593750000000001