3 0.4984375 0.3828125000000001 0.2828125000000001 0.38281250000000006 0.2828125000000001 0.43125 0.4984375 0.43125
3 0.3734375000000001 0.6703125 0.1515625000000001 0.6703125 0.1515625000000001 0.7375 0.3734375000000001 0.7375
3 0.3609375000000001 0.5828125 0.16406250000000008 0.5828125 0.16406250000000008 0.628125 0.3609375000000001 0.628125
3 0.3734375000000001 0.7796875 0.1515625000000001 0.7796875 0.1515625000000001 0.846875 0.3734375000000001 0.846875
3 0.2390625000000001 0.3828125 0.029687500000000044 0.3828125 0.02968750000000005 0.43125 0.2390625000000001 0.43125
3 0.5015625 0.4734375 0.2812500000000001 0.4734375 0.2812500000000001 0.540625 0.5015625 0.540625
3 0.23593750000000008 0.4828125 0.032812500000000064 0.4828125 0.032812500000000064 0.5296875 0.23593750000000008 0.5296875
3 0.3734375 0.029687500000000033 0.1515625 0.029687500000000023 0.1515625 0.09843750000000002 0.3734375 0.09843750000000004
3 0.3734375000000001 0.8890625 0.1515625000000001 0.8890625 0.1515625000000001 0.95625 0.3734375000000001 0.95625
2 0.34383834214002634 0.22200173381770152 0.26296482826948475 0.13924744055482172 0.1822448811096433 0.21813284346103043 0.2631183949801849 0.3008871367239102
0 0.26875 0.09843750000000002 0.2578125 0.09843750000000002 0.2578125 0.14062500000000006 0.26875 0.14062500000000006
0 0.22343750000000004 0.259375 0.12968750000000004 0.259375 0.12968750000000004 0.384375 0.2234375000000001 0.384375
0 0.39687500000000003 0.259375 0.303125 0.259375 0.30312500000000003 0.38593750000000004 0.3968750000000001 0.3859375000000001
0 0.14062500000000006 0.43125 0.12968750000000004 0.43125 0.12968750000000004 0.484375 0.14062500000000006 0.484375
0 0.3968750000000001 0.43125 0.3859375000000001 0.43125 0.3859375000000001 0.4734375 0.3968750000000001 0.4734375
0 0.19687500000000008 0.53125 0.13125000000000003 0.53125 0.13125000000000006 0.5828125 0.19687500000000008 0.5828125
0 0.3937500000000001 0.5390625 0.3281250000000001 0.5390625 0.3281250000000001 0.5828125 0.3937500000000001 0.5828125
0 0.2687500000000001 0.6296875 0.2578125000000001 0.6296875 0.2578125000000001 0.671875 0.2687500000000001 0.671875
0 0.27031250000000007 0.7390625 0.2578125000000001 0.7390625 0.2578125000000001 0.7796875 0.27031250000000007 0.7796875
0 0.27031250000000007 0.846875 0.2578125000000001 0.846875 0.2578125000000001 0.8890625 0.27031250000000007 0.8890625
0 0.2687500000000001 0.95625 0.2578125000000001 0.95625 0.2578125000000001 0.9984375 0.2687500000000001 0.9984375
4 0.19531250000000006 0.3359375 0.07187500000000005 0.3359375 0.07187500000000005 0.3515625 0.19531250000000006 0.3515625
4 0.45 0.32500000000000007 0.3296875 0.325 0.3296875 0.3609375 0.45 0.3609375000000001