3 0.5080842131664436 0.38626773600229314 0.2928873853430155 0.3653458221861265 0.287912944295815 0.4165115015287598 0.5031097721192432 0.4374334153449264
3 0.36278550341827237 0.6618182877563705 0.14071434120571788 0.6451629505904289 0.1355607131758857 0.7138779909881915 0.35763187538844016 0.7305333281541332
3 0.3570381637168142 0.5725525442477876 0.15916758849557527 0.5593611725663716 0.15606332964601774 0.6059250553097346 0.3539339048672567 0.6191164269911505
3 0.3548535581106278 0.7712233918582971 0.13320967992541963 0.7546001009944066 0.12807353169670616 0.8230820773772528 0.3497174098819143 0.8397053682411435
3 0.24861992385786805 0.3661960659898478 0.03908629441624369 0.35122937817258887 0.035604378172588866 0.3999762055837564 0.2451380076142132 0.4149428934010153
3 0.5048857868020306 0.4737864847715736 0.28380393401015236 0.45799492385786794 0.2789102157360407 0.5265069796954315 0.49999206852791883 0.5422985406091371
3 0.23928308823529418 0.4658823529411766 0.03579963235294123 0.4502297794117648 0.032113970588235355 0.4981433823529412 0.23559742647058832 0.513795955882353
3 0.4081284777424483 0.020664248807631177 0.18421750794912556 0.0086690182829889 0.18054501192368838 0.07722227742448336 0.40445598171701114 0.08921750794912564
3 0.34808801775147935 0.8792862426035501 0.12527921597633146 0.8639201183431953 0.12054548816568056 0.9325591715976331 0.3433542899408285 0.9479252958579881
2 0.36491980088495574 0.21057798672566372 0.289325221238938 0.1241841814159292 0.2029314159292035 0.19977876106194686 0.27852599557522123 0.2861725663716814
0 0.2984375 0.08281250000000004 0.284375 0.08281250000000004 0.284375 0.12656250000000005 0.2984375 0.12656250000000005
0 0.24062500000000003 0.234375 0.13906250000000003 0.234375 0.13906250000000003 0.365625 0.2406250000000001 0.365625
0 0.4140625 0.24687500000000004 0.3125 0.246875 0.31250000000000006 0.37812500000000004 0.4140625 0.3781250000000001
0 0.14531250000000004 0.4046875 0.13125000000000003 0.4046875 0.13125000000000003 0.4578125 0.14531250000000004 0.4578125
0 0.403125 0.4234375 0.3890625000000001 0.4234375 0.3890625000000001 0.465625 0.403125 0.465625
0 0.19687500000000008 0.50625 0.12656250000000005 0.50625 0.12656250000000008 0.5625 0.19687500000000008 0.5625
0 0.3906250000000001 0.5265625 0.3218750000000001 0.5265625 0.3218750000000001 0.575 0.3906250000000001 0.575
0 0.2593750000000001 0.6125 0.2468750000000001 0.6125 0.2468750000000001 0.6546875 0.2593750000000001 0.6546875
0 0.25468750000000007 0.721875 0.2390625000000001 0.721875 0.2390625000000001 0.7640625 0.25468750000000007 0.7640625
0 0.2468750000000001 0.8296875 0.2312500000000001 0.8296875 0.2312500000000001 0.8734375 0.2468750000000001 0.8734375
0 0.2375000000000001 0.9390625 0.2250000000000001 0.9390625 0.2250000000000001 0.98125 0.2375000000000001 0.98125
4 0.2078125 0.30625 0.08281250000000004 0.30625 0.08281250000000004 0.33125 0.2078125 0.33125
4 0.4625 0.3140625 0.340625 0.3140625 0.340625 0.35781250000000003 0.4625 0.3578125000000001