3 0.29375000000000007 0.40625 0.03906250000000005 0.40625 0.039062500000000056 0.4671875 0.29375000000000007 0.4671875
3 0.30625 0.02031250000000002 0.025 0.020312500000000004 0.025000000000000005 0.10468750000000002 0.30625 0.10468750000000004
3 0.30625 0.26875 0.026562500000000034 0.26875 0.026562500000000037 0.3546875 0.30625 0.3546875
3 0.3062500000000001 0.796875 0.025000000000000105 0.796875 0.025000000000000112 0.88125 0.3062500000000001 0.88125
3 0.3067470063667412 0.6046639804781381 0.30619360585234223 0.5194403012606992 0.02603090610110891 0.5212595395707721 0.02658430661550787 0.6064832187882111
3 0.3062500000000001 0.659375 0.025000000000000078 0.659375 0.025000000000000085 0.74375 0.3062500000000001 0.74375
3 0.2796875 0.15781250000000002 0.050000000000000024 0.1578125 0.050000000000000024 0.2171875 0.2796875 0.2171875
0 0.16718750000000004 0.46875 0.16406250000000006 0.46875 0.16406250000000006 0.50625 0.16718750000000004 0.50625
0 0.16875000000000004 0.35625 0.16250000000000003 0.35625 0.16250000000000003 0.4078125 0.16875000000000004 0.4078125
0 0.1687500000000001 0.60625 0.1625000000000001 0.60625 0.1625000000000001 0.6578125 0.1687500000000001 0.6578125
0 0.16875000000000004 0.21875 0.16250000000000003 0.21875 0.16250000000000003 0.2703125 0.16875000000000004 0.2703125
0 0.16875 0.10625 0.1625 0.10625 0.1625 0.1578125 0.16875 0.1578125
0 0.1687500000000001 0.7453125 0.1625000000000001 0.7453125 0.1625000000000001 0.7953125 0.1687500000000001 0.7953125
0 0.16875000000000012 0.8828125 0.16250000000000012 0.8828125 0.16250000000000014 0.934375 0.16875000000000012 0.934375