3 0.3020066624365482 0.3937817258883249 0.047057423857868055 0.3755710659898477 0.042695114213198 0.4366434010152285 0.2976443527918782 0.4548540609137057
3 0.34167025862068967 0.007230603448275907 0.059008620689655164 -0.009396551724137928 0.053960129310344815 0.07642780172413793 0.3366217672413793 0.09305495689655177
3 0.3239835887465691 0.2550520356816103 0.04390439158279965 0.23807753888380603 0.03858931838975298 0.3257762465690759 0.3186685155535224 0.34275074336688016
3 0.2875875765696785 0.7827364088820825 0.005560872894333957 0.7629450612557426 -0.00045558958652361923 0.8486796516079631 0.2815711140888209 0.868470999234303
3 0.3067999865446718 0.5077418595263723 0.02673153256189458 0.48820219994617864 0.020709432185145378 0.5745189720129171 0.30077788616792256 0.5940586315931109
3 0.29716836244960654 0.645463080725667 0.015194855058552587 0.6258815871568438 0.009245116625072075 0.7115578205989632 0.29121862401612597 0.7311393141677864
3 0.3052481963613551 0.14351278230865744 0.07460555207026351 0.12886880489335004 0.07081477415307405 0.18857355708908408 0.3014574184441656 0.20321753450439148
0 0.17031250000000003 0.446875 0.16250000000000003 0.446875 0.16250000000000003 0.4984375 0.17031250000000003 0.4984375
0 0.17812500000000003 0.334375 0.17031250000000003 0.334375 0.17031250000000003 0.3859375 0.17812500000000003 0.3859375
0 0.1593750000000001 0.5828125 0.1531250000000001 0.5828125 0.1531250000000001 0.634375 0.1593750000000001 0.634375
0 0.18750000000000006 0.19687500000000005 0.17968750000000006 0.19687500000000002 0.17968750000000006 0.2484375 0.18750000000000006 0.2484375
0 0.1953125 0.08437500000000002 0.1875 0.08437500000000002 0.1875 0.13593750000000004 0.1953125 0.13593750000000004
0 0.15000000000000008 0.721875 0.1437500000000001 0.721875 0.1437500000000001 0.771875 0.15000000000000008 0.771875
0 0.1422346023908525 0.859477325883576 0.13594074844074855 0.8592742983367984 0.13427592255717266 0.9108839007276508 0.14056977650727662 0.9110869282744284