3 0.9642932692307692 0.4302211538461539 0.7086586538461537 0.41601923076923075 0.705216346153846 0.47798076923076926 0.9608509615384616 0.49218269230769246
3 0.998591381683131 0.044967267739989575 0.7163027392353519 0.030239164655757583 0.7118241459920067 0.11607886848653956 0.994112788439786 0.13080697157077154
3 0.9829804462571978 0.2925923704414589 0.7023152591170827 0.2815858925143955 0.698878358925144 0.3692268474088293 0.9795435460652593 0.38023332533589266
3 0.9564021096835118 0.8205691459680651 0.6756929441137757 0.8056830538545185 0.6711453027528187 0.8914385766611345 0.9518544683225549 0.906324668774681
3 0.9716175518134718 0.5469591968911918 0.691181994818653 0.5288665803108809 0.685592616580311 0.6155019430051814 0.9660281735751297 0.6335945595854924
3 0.9649473411602211 0.6831880179558014 0.6830801104972377 0.6683529005524864 0.6785609461325969 0.7542170234806631 0.9604281767955802 0.7690521408839781
3 0.965916828793774 0.18283073929961097 0.7361502918287937 0.16847033073929968 0.7323382782101167 0.22946254863813237 0.962104815175097 0.24382295719844366
0 0.8363475483425413 0.48595908149171285 0.8320010359116022 0.4857303176795581 0.8300198549723756 0.523372755524862 0.8343663674033147 0.5236015193370167
0 0.8422377913429525 0.3734912597114319 0.8356305493895672 0.3732710183129857 0.8339119728079911 0.4248283157602665 0.8405192147613765 0.42504855715871265
0 0.828125 0.6234375000000002 0.821875 0.6234375000000002 0.821875 0.6750000000000002 0.828125 0.6750000000000002
0 0.8484375 0.23593750000000008 0.8421875 0.23593750000000008 0.8421875 0.2875000000000001 0.8484375 0.2875000000000001
0 0.8547362266112268 0.12348947505197516 0.848442372661123 0.12328644750519761 0.8467288201663203 0.17640657484407501 0.8530226741164242 0.17660960239085255
0 0.8218750000000001 0.7625000000000002 0.8156314968814972 0.7622985966735969 0.8140170218295222 0.8123473232848235 0.8202605249480251 0.812548726611227
0 0.8140625000000004 0.9000000000000001 0.8076175935550939 0.8997920997921 0.8059495192307695 0.951502403846154 0.812394425675676 0.9517103040540542