3 0.9825489904988125 0.3373292755344419 0.6826900237529692 0.3269893111638956 0.6795241983372923 0.41879824821852757 0.9793831650831354 0.4291382125890738
3 0.9928333896016206 0.043463664753545 0.692980249831195 0.03300367150573945 0.6887959993247804 0.15295218602295754 0.9886491390952061 0.1634121792707631
3 0.967454 0.7778780000000001 0.6679255000000002 0.7665035 0.6644380000000001 0.8583410000000002 0.9639665000000001 0.8697155000000002
3 0.9766082802547773 0.4846556528662422 0.6776035031847136 0.47397691082802557 0.6743391719745225 0.5653781847133759 0.9733439490445862 0.5760569267515925
3 0.9719187898089172 0.6315863853503186 0.6728025477707007 0.6209036624203823 0.6695402070063695 0.7122492038216562 0.968656449044586 0.7229319267515926
3 0.9615281060094529 0.21744429439567864 0.7141365631330181 0.20881435685347743 0.7119020087778527 0.2728715817015531 0.9592935516542875 0.28150151924375433
3 0.9610437508449371 0.9189874273354063 0.660339495741517 0.9154908662295524 0.659375 0.9984375 0.9600792551034203 1.0019340611058538
0 0.83125 0.42500000000000016 0.825 0.42500000000000016 0.825 0.47968750000000016 0.83125 0.47968750000000016
0 0.840625 0.1593750000000001 0.8328125 0.1593750000000001 0.8328125 0.21250000000000008 0.840625 0.21250000000000008
0 0.8268694506104328 0.6263960183129856 0.825 0.5703125 0.8170921198668145 0.5705760960044396 0.8189615704772473 0.6266596143174251
0 0.8375 0.27812500000000007 0.8296875 0.27812500000000007 0.8296875 0.33281250000000007 0.8375 0.33281250000000007
0 0.8220715306652806 0.7732799506237007 0.8203108757796258 0.7186996491683992 0.812506496881497 0.7189514033264034 0.8142671517671518 0.773531704781705
0 0.815625 0.8640625 0.8078125 0.8640625 0.8078125 0.9203125 0.815625 0.9203125