3 0.3218073219820092 0.4156397639655302 0.3202092703530123 0.3237517952982084 0.020367894398669577 0.3289664279235014 0.021965946027666494 0.42085439659082324
3 0.31569481993470727 0.15019989542950418 0.3139856661905734 0.03055913334013466 0.015564425627422973 0.034822293919608255 0.017273579371556835 0.15446305600897778
3 0.32987976264834484 0.8545655059337914 0.3275687070580887 0.7621232823235479 0.02748282323547785 0.7696254294191132 0.029793878825733915 0.8620676530293567
3 0.3243116838400326 0.5627553688022854 0.3230039150173434 0.47121155121403807 0.023399880126504798 0.4754916088553357 0.024707648949194035 0.5670354264435831
3 0.3269451923076923 0.7093134615384616 0.3253350961538462 0.6175379807692308 0.026523557692307697 0.6227802884615385 0.02813365384615384 0.7145557692307694
3 0.2922171099597629 0.26868773796132045 0.29095260243153204 0.2046193565309566 0.043197551161683896 0.20950925885865096 0.044462058689914756 0.27357764028901477
3 0.3312500000000001 0.9125 0.03125000000000011 0.9125 0.03125000000000012 0.9984375 0.3312500000000001 0.9984375
0 0.17656250000000004 0.41875 0.16875000000000004 0.41875 0.16875000000000004 0.4734375 0.17656250000000004 0.4734375
0 0.17187500000000003 0.153125 0.16406250000000003 0.153125 0.16406250000000006 0.20625 0.17187500000000006 0.20625
0 0.17968750000000008 0.5640625 0.17187500000000008 0.5640625 0.17187500000000008 0.6203125 0.17968750000000008 0.6203125
0 0.17343750000000005 0.271875 0.16562500000000005 0.271875 0.16562500000000005 0.3265625 0.17343750000000005 0.3265625
0 0.18125000000000008 0.7125 0.17343750000000008 0.7125 0.17343750000000008 0.7671875 0.18125000000000008 0.7671875
0 0.1843750000000001 0.859375 0.1765625000000001 0.859375 0.17656250000000012 0.9140625 0.18437500000000012 0.9140625