3 0.321875 0.3203125 0.023437500000000038 0.3203125 0.023437500000000045 0.4109375 0.3218750000000001 0.4109375
3 0.321875 0.026562500000000024 0.023437500000000007 0.0265625 0.02343750000000001 0.1453125 0.321875 0.14531250000000004
3 0.3218750000000001 0.7609375 0.023437500000000094 0.7609375 0.0234375000000001 0.8515625 0.3218750000000001 0.8515625
3 0.3218750000000001 0.4671875 0.023437500000000056 0.4671875 0.023437500000000062 0.5578125 0.3218750000000001 0.5578125
3 0.3218750000000001 0.6140625 0.023437500000000076 0.6140625 0.023437500000000083 0.7046875 0.3218750000000001 0.7046875
3 0.2953125 0.2015625 0.04843750000000002 0.2015625 0.04843750000000003 0.2640625 0.2953125 0.2640625
3 0.3218750000000001 0.90625 0.02343750000000011 0.90625 0.023437500000000118 0.9984375 0.3218750000000001 0.9984375
0 0.17656250000000004 0.4125 0.16875000000000004 0.4125 0.16875000000000004 0.4671875 0.17656250000000004 0.4671875
0 0.1765625 0.146875 0.16875 0.146875 0.16875000000000004 0.2 0.17656250000000004 0.2
0 0.1765625000000001 0.5578125 0.1687500000000001 0.5578125 0.1687500000000001 0.6140625 0.1765625000000001 0.6140625
0 0.17656250000000004 0.265625 0.16875000000000004 0.265625 0.16875000000000004 0.3203125 0.17656250000000004 0.3203125
0 0.1765625000000001 0.70625 0.1687500000000001 0.70625 0.1687500000000001 0.7609375 0.1765625000000001 0.7609375
0 0.1765625000000001 0.8515625 0.1687500000000001 0.8515625 0.16875000000000012 0.9078125 0.17656250000000012 0.9078125