3 0.09218750000000002 0.1234375 1.578646264525885e-17 0.1234375 1.769997326892659e-17 0.1546875 0.09218750000000002 0.1546875
3 0.4015625 0.17031250000000003 0.3125 0.17031250000000003 0.3125 0.20000000000000004 0.4015625 0.2000000000000001
3 0.4015625 0.20625000000000004 0.3125 0.20625 0.3125 0.23750000000000004 0.4015625 0.2375000000000001
3 0.5921875 0.2062500000000001 0.5046875 0.2062500000000001 0.5046875 0.2375000000000001 0.5921875 0.2375000000000001
3 0.08281250000000004 0.2515625 3.0903196572233993e-17 0.2515625 3.4538866757202695e-17 0.3109375 0.08281250000000004 0.3109375
3 0.290625 0.2515625 0.2015625 0.2515625 0.2015625 0.3109375 0.290625 0.3109375
3 0.8359817073170731 0.14858536585365864 0.7559329268292683 0.14608384146341474 0.7542500000000001 0.19993750000000007 0.8342987804878049 0.202439024390244
3 0.2390625 0.13125000000000003 0.1515625 0.13125 0.1515625 0.16250000000000003 0.2390625 0.16250000000000003
3 0.194323740632806 0.23592579100749375 0.19369015403830142 0.20488004787676933 0.10568471586178185 0.20667607722731055 0.10631830245628644 0.23772182035803496
3 0.665625 0.2500000000000001 0.578125 0.2500000000000001 0.578125 0.3109375000000001 0.665625 0.3109375000000001
3 0.48125 0.2500000000000001 0.390625 0.2500000000000001 0.390625 0.3109375000000001 0.48125 0.3109375000000001
3 0.7453125 0.2062500000000001 0.65625 0.2062500000000001 0.65625 0.2375000000000001 0.7453125 0.2375000000000001
3 0.3921875 0.06562500000000004 0.3109375 0.06562500000000004 0.3109375 0.12031250000000004 0.3921875 0.12031250000000004
3 0.3359375 0.13281250000000006 0.24375 0.13281250000000006 0.24375 0.16406250000000006 0.3359375 0.16406250000000006
3 0.834375 0.0781250000000001 0.7546875 0.07812500000000008 0.7546875 0.13437500000000008 0.834375 0.13437500000000008
0 0.02343750000000003 0.21875 0.003125000000000026 0.21875 0.0031250000000000284 0.2515625 0.023437500000000035 0.2515625
0 0.05312500000000002 0.1546875 0.042187500000000024 0.1546875 0.04218750000000003 0.2515625 0.05312500000000002 0.2515625
0 0.10468750000000004 0.2171875 0.059375000000000025 0.2171875 0.059375000000000025 0.2515625 0.10468750000000004 0.2515625
0 0.2015625 0.2765625 0.08281250000000004 0.2765625 0.08281250000000004 0.2875 0.2015625 0.2875
0 0.2296875 0.21875 0.19531250000000006 0.21875 0.19531250000000006 0.2515625 0.2296875 0.2515625
0 0.2375 0.16250000000000003 0.225 0.16250000000000003 0.225 0.25 0.2375 0.25
0 0.2734375 0.16406250000000006 0.2625 0.16406250000000006 0.2625 0.25 0.2734375 0.25
0 0.3125 0.2171875 0.2796875 0.2171875 0.2796875 0.2515625 0.3125 0.2515625
0 0.3921875 0.275 0.290625 0.275 0.290625 0.28750000000000003 0.3921875 0.2875000000000001
0 0.3609375 0.12500000000000006 0.35 0.12500000000000006 0.35 0.17031250000000003 0.3609375 0.17031250000000003
0 0.4203125 0.18281250000000004 0.4015625 0.18281250000000004 0.4015625 0.2515625000000001 0.4203125 0.2515625000000001
0 0.4203125 0.21875000000000008 0.4015625 0.21875000000000008 0.4015625 0.2515625000000001 0.4203125 0.2515625000000001
0 0.503125 0.2171875000000001 0.45 0.2171875000000001 0.45 0.2500000000000001 0.503125 0.2500000000000001
0 0.5765625 0.2765625000000001 0.48125 0.2765625000000001 0.48125 0.2875000000000001 0.5765625 0.2875000000000001
0 0.6109375 0.2171875000000001 0.59375 0.2171875000000001 0.59375 0.2515625000000001 0.6109375 0.2515625000000001
0 0.65625 0.2171875000000001 0.634375 0.2171875000000001 0.634375 0.2500000000000001 0.65625 0.2500000000000001
0 0.7546875 0.17343750000000008 0.7078125 0.17343750000000008 0.7078125 0.2078125000000001 0.7546875 0.2078125000000001
0 0.7546875 0.10468750000000009 0.7078125 0.10468750000000009 0.7078125 0.2062500000000001 0.7546875 0.2062500000000001
0 0.05312500000000001 0.059375 0.04218750000000001 0.059375 0.04218750000000001 0.1234375 0.05312500000000002 0.1234375
0 0.2359375 0.059375000000000025 0.2265625 0.059375000000000025 0.2265625 0.13281250000000006 0.2359375 0.13281250000000006
0 0.275 0.06093750000000003 0.2640625 0.06093750000000002 0.2640625 0.13125000000000003 0.275 0.13125000000000003
0 0.5546875 0.06093750000000007 0.54375 0.06093750000000007 0.54375 0.2062500000000001 0.5546875 0.2062500000000001