3 0.08750000000000002 0.1328125 1.674321795709272e-17 0.1328125 1.8656728580760457e-17 0.1640625 0.08750000000000002 0.1640625
3 0.396875 0.17343750000000005 0.3078125 0.17343750000000005 0.3078125 0.2046875 0.396875 0.20468750000000005
3 0.396875 0.20937500000000003 0.3078125 0.209375 0.3078125 0.24062500000000003 0.396875 0.2406250000000001
3 0.5890625 0.2062500000000001 0.5 0.2062500000000001 0.5 0.2375000000000001 0.5890625 0.2375000000000001
3 0.07968750000000004 0.259375 3.185995188406786e-17 0.259375 3.559129760021995e-17 0.3203125 0.07968750000000005 0.3203125
3 0.2880251633016627 0.31522973574821855 0.2859542013064133 0.25517183788598574 0.19672839964370548 0.25824858966745845 0.19879936163895487 0.31830648752969126
3 0.8297265111695138 0.19683393561103815 0.8282923373850197 0.14090115801576877 0.748977496714849 0.14293487187910645 0.7504116704993431 0.19886764947437582
3 0.234375 0.1375 0.146875 0.1375 0.146875 0.16875 0.234375 0.16875000000000004
3 0.190625 0.2421875 0.1893919728434505 0.21136182108626195 0.10084614616613416 0.2149036541533546 0.10207917332268368 0.24572933306709266
3 0.6637597379603399 0.3091589943342776 0.6623016997167139 0.24792138810198297 0.5736986543909348 0.25003098441926347 0.5751566926345608 0.3112685906515581
3 0.478125 0.2515625000000001 0.3875 0.2515625000000001 0.3875 0.3140625000000001 0.478125 0.3140625000000001
3 0.7423391393442622 0.23264446721311471 0.7407366803278688 0.20139651639344264 0.6502694672131148 0.2060358606557377 0.6518719262295083 0.2372838114754098
3 0.3859375 0.06718750000000004 0.303125 0.06718750000000004 0.303125 0.12343750000000005 0.3859375 0.12343750000000005
3 0.3296875 0.13593750000000004 0.2375 0.13593750000000004 0.2375 0.16875000000000004 0.3296875 0.16875000000000004
3 0.828125 0.0734375000000001 0.746875 0.07343750000000009 0.746875 0.1296875000000001 0.828125 0.1296875000000001
0 0.01875000000000003 0.2265625 2.7745904043182222e-17 0.2265625 2.975509019803335e-17 0.259375 0.018750000000000034 0.259375
0 0.04843750000000003 0.1625 0.035937500000000025 0.1625 0.035937500000000025 0.259375 0.048437500000000036 0.259375
0 0.10156250000000004 0.225 0.05468750000000002 0.225 0.05468750000000002 0.259375 0.10156250000000004 0.259375
0 0.19843750000000004 0.28125 0.07968750000000005 0.28125 0.07968750000000005 0.29375 0.19843750000000004 0.29375
0 0.225 0.2234375 0.19062500000000004 0.2234375 0.19062500000000004 0.25625 0.225 0.25625
0 0.2328125 0.16718750000000004 0.21875 0.16718750000000004 0.21875 0.25625 0.2328125 0.25625
0 0.2703125 0.16718750000000004 0.2578125 0.16718750000000004 0.2578125 0.2546875 0.2703125 0.2546875
0 0.3078125 0.2203125 0.275 0.2203125 0.275 0.2546875 0.3078125 0.2546875
0 0.3875 0.27656250000000004 0.2859375 0.2765625 0.2859375 0.290625 0.3875 0.2906250000000001
0 0.3546875 0.12812500000000004 0.34375 0.12812500000000004 0.34375 0.17343750000000005 0.3546875 0.17343750000000005
0 0.415625 0.18437500000000004 0.396875 0.18437500000000004 0.396875 0.25468750000000007 0.415625 0.25468750000000007
0 0.4171875 0.22031250000000008 0.396875 0.22031250000000008 0.396875 0.2531250000000001 0.4171875 0.2531250000000001
0 0.5 0.2171875000000001 0.4453125 0.2171875000000001 0.4453125 0.2515625000000001 0.5 0.2515625000000001
0 0.5734375 0.2750000000000001 0.4765625 0.2750000000000001 0.4765625 0.2875000000000001 0.5734375 0.2875000000000001
0 0.6078125 0.2156250000000001 0.5890625 0.2156250000000001 0.5890625 0.2500000000000001 0.6078125 0.2500000000000001
0 0.653125 0.2156250000000001 0.6296875 0.2156250000000001 0.6296875 0.2484375000000001 0.653125 0.2484375000000001
0 0.75 0.1687500000000001 0.703125 0.1687500000000001 0.703125 0.20468750000000008 0.75 0.20468750000000008
0 0.75 0.10000000000000009 0.7015625 0.10000000000000009 0.7015625 0.20312500000000008 0.75 0.20312500000000008
0 0.046875000000000014 0.0671875 0.03593750000000001 0.0671875 0.03593750000000001 0.1328125 0.046875000000000014 0.1328125
0 0.2296875 0.06406250000000002 0.21875 0.06406250000000002 0.21875 0.13750000000000004 0.2296875 0.13750000000000004
0 0.26875 0.06406250000000002 0.25625 0.06406250000000002 0.25625 0.13593750000000004 0.26875 0.13593750000000004
0 0.55 0.05937500000000007 0.5359375 0.05937500000000007 0.5359375 0.2062500000000001 0.55 0.2062500000000001