3 0.1127074115044248 0.10313882743362834 0.020927820796460196 0.09702018805309734 0.018750000000000017 0.1296875 0.11052959070796461 0.135806139380531
3 0.4200745558375634 0.1658312182741117 0.3301316624365482 0.1594067258883249 0.3279108502538071 0.19049809644670054 0.4178537436548223 0.19692258883248734
3 0.4174632352941178 0.20110294117647065 0.32808823529411774 0.19422794117647063 0.32561580882352953 0.22636948529411774 0.41499080882352946 0.2332444852941178
3 0.6079849137931034 0.21113146551724143 0.5204202586206896 0.2059806034482759 0.5184967672413793 0.23867995689655178 0.606061422413793 0.2438308189655173
3 0.09679646880415946 0.23000974870017332 0.013347595320623943 0.22653271230502597 0.010850844887348388 0.2864547227036395 0.0942997183708839 0.28993175909878677
3 0.3043243243243244 0.24092905405405407 0.21439124220374225 0.23725831600831607 0.21194581600831608 0.29717125779625786 0.3018788981288982 0.30084199584199595
3 0.8537959558823532 0.1662775735294119 0.7729044117647058 0.16005514705882362 0.768639705882353 0.2154963235294119 0.8495312500000003 0.22171875000000013
3 0.259366367403315 0.11735151933701662 0.1712059737569061 0.11271149861878457 0.16948377071823204 0.14543335635359123 0.2576441643646409 0.15007337707182328
3 0.20949999999999996 0.1899375 0.12149038461538464 0.1850480769230769 0.11979807692307694 0.21550961538461538 0.20780769230769228 0.2203990384615385
3 0.6792515538674034 0.25984547651933715 0.59035307320442 0.25516660911602224 0.5871503798342543 0.3160177831491714 0.6760488604972377 0.3206966505524863
3 0.4947263948497855 0.2509133583690987 0.4042542918454936 0.242930525751073 0.3987620708154508 0.3051756974248928 0.4892341738197426 0.31315853004291855
3 0.7609375 0.2171875000000001 0.6703125 0.2171875000000001 0.6703125 0.2484375000000001 0.7609375 0.2484375000000001
3 0.415625 0.05625000000000004 0.33125 0.05625000000000004 0.33125 0.11562500000000005 0.415625 0.11562500000000005
3 0.3546875 0.12031250000000004 0.2625 0.12031250000000004 0.2625 0.15625000000000006 0.3546875 0.15625000000000006
3 0.85625 0.0921875000000001 0.7734375 0.09218750000000009 0.7734375 0.1515625000000001 0.85625 0.1515625000000001
0 0.03906250000000002 0.19375 0.017187500000000022 0.19375 0.017187500000000026 0.2265625 0.03906250000000002 0.2265625
0 0.07187500000000002 0.13125 0.05625000000000002 0.13125 0.05625000000000002 0.228125 0.07187500000000002 0.228125
0 0.12187500000000004 0.1953125 0.07343750000000002 0.1953125 0.07343750000000002 0.23125 0.12187500000000004 0.23125
0 0.2140625 0.2546875 0.09531250000000002 0.2546875 0.09531250000000002 0.271875 0.2140625 0.271875
0 0.24375 0.203125 0.2078125 0.203125 0.2078125 0.2375 0.24375 0.2375
0 0.25625 0.14843750000000006 0.2390625 0.14843750000000006 0.2390625 0.2375 0.25625 0.2375
0 0.2921875 0.15156250000000004 0.2765625 0.15156250000000004 0.2765625 0.2390625 0.2921875 0.2390625
0 0.328125 0.20625 0.29375 0.20625 0.29375 0.2421875 0.328125 0.2421875
0 0.403125 0.26406250000000003 0.3015625 0.2640625 0.3015625 0.28125000000000006 0.403125 0.2812500000000001
0 0.38125 0.11875000000000005 0.36875 0.11875000000000005 0.36875 0.16406250000000006 0.38125 0.16406250000000006
0 0.4375 0.17812500000000003 0.415625 0.17812500000000003 0.415625 0.2484375000000001 0.4375 0.2484375000000001
0 0.4359375 0.2140625000000001 0.4140625 0.2140625000000001 0.4140625 0.2484375000000001 0.4359375 0.2484375000000001
0 0.51875 0.2156250000000001 0.4625 0.2156250000000001 0.4625 0.2515625000000001 0.51875 0.2515625000000001
0 0.5890625 0.2750000000000001 0.4921875 0.2750000000000001 0.4921875 0.2906250000000001 0.5890625 0.2906250000000001
0 0.6265625 0.2234375000000001 0.60625 0.2234375000000001 0.60625 0.2578125000000001 0.6265625 0.2578125000000001
0 0.671875 0.2250000000000001 0.646875 0.2250000000000001 0.646875 0.2593750000000001 0.671875 0.2593750000000001
0 0.771875 0.1843750000000001 0.7234375 0.1843750000000001 0.7234375 0.2218750000000001 0.771875 0.2218750000000001
0 0.775 0.11562500000000009 0.7234375 0.11562500000000009 0.7234375 0.22031250000000008 0.775 0.22031250000000008
0 0.0765625 0.03593750000000001 0.0625 0.03593750000000001 0.06250000000000001 0.1015625 0.07656250000000002 0.1015625
0 0.2609375 0.046875000000000035 0.246875 0.046875000000000035 0.246875 0.12031250000000004 0.2609375 0.12031250000000004
0 0.296875 0.048437500000000036 0.2828125 0.048437500000000036 0.2828125 0.12031250000000004 0.296875 0.12031250000000004
0 0.5765625 0.06406250000000006 0.5578125 0.06406250000000006 0.5578125 0.21093750000000008 0.5765625 0.21093750000000008