3 0.9797595481517876 0.419767768727795 0.9782047254138633 0.33036546129715016 0.687463857812382 0.33542182421195854 0.6890186805503061 0.4248241316426034
3 0.9874341346153847 0.8493706730769232 0.9858360576923075 0.7582802884615385 0.6937932692307693 0.7634038461538462 0.6953913461538461 0.8544942307692308
3 0.9844275674556882 0.7058467476385806 0.983336234147443 0.6169030830165958 0.6914802501599369 0.6204841380348475 0.692571583468182 0.7094278026568321
3 0.9766149486760438 0.27620201577362374 0.9755365947151933 0.18723781400345224 0.6838843696059348 0.190772992489625 0.6849627235667853 0.27973719425979654
3 0.9824086760148161 0.5619363708519163 0.9808640108851765 0.473118125897649 0.6889821840275152 0.4781943315821301 0.6905268491571547 0.5670125765363973
3 0.9891061478454682 0.991594075037147 0.9875622213967311 0.9020463410104013 0.6961887072808322 0.9070700222882616 0.6977326337295692 0.9966177563150074
0 0.8377046337402885 0.47645151220865695 0.8358837402885682 0.4218247086570477 0.828079911209767 0.42208483629300775 0.8299008046614873 0.476711639844617
0 0.8328125 0.1359375000000001 0.8265625 0.1359375000000001 0.8265625 0.18906250000000008 0.8328125 0.18906250000000008
0 0.8359375 0.2796875000000001 0.828125 0.2796875000000001 0.828125 0.33281250000000007 0.8359375 0.33281250000000007
0 0.840625 0.5656250000000002 0.834375 0.5656250000000002 0.834375 0.6187500000000001 0.840625 0.6187500000000001
0 0.84375 0.7093750000000002 0.8359375 0.7093750000000002 0.8359375 0.7625000000000002 0.84375 0.7625000000000002
0 0.84375 0.8515625 0.840625 0.8515625 0.840625 0.890625 0.84375 0.890625
3 0.978125 0.015625000000000104 0.68125 0.015625000000000083 0.68125 0.13906250000000012 0.978125 0.13906250000000014