3 0.30937500000000007 0.3375 0.01875000000000004 0.3375 0.018750000000000048 0.4265625 0.30937500000000007 0.4265625
3 0.30937500000000007 0.765625 0.018750000000000093 0.765625 0.0187500000000001 0.85625 0.30937500000000007 0.85625
3 0.30937500000000007 0.6234375 0.01875000000000008 0.6234375 0.018750000000000083 0.7125 0.30937500000000007 0.7125
3 0.309375 0.19375000000000003 0.018750000000000024 0.19375 0.018750000000000027 0.2828125 0.309375 0.2828125
3 0.30937500000000007 0.48125 0.018750000000000062 0.48125 0.018750000000000065 0.56875 0.30937500000000007 0.56875
3 0.30937500000000007 0.909375 0.01875000000000011 0.909375 0.018750000000000117 0.9984375 0.30937500000000007 0.9984375
0 0.1690066592674806 0.4811372780244173 0.16718403163152054 0.426458448945616 0.15932817702552718 0.42672031076581585 0.1611508046614872 0.4813991398446171
0 0.16718750000000002 0.140625 0.1609375 0.140625 0.16093750000000004 0.19375 0.16718750000000004 0.19375
0 0.16932240099009901 0.33697400990099013 0.1640470297029703 0.284220297029703 0.1547648514851485 0.2851485148514851 0.16004022277227722 0.3379022277227723
0 0.1671875000000001 0.5703125 0.1609375000000001 0.5703125 0.1609375000000001 0.6234375 0.1671875000000001 0.6234375
0 0.1671875000000001 0.7140625 0.1593750000000001 0.7140625 0.1593750000000001 0.7671875 0.1671875000000001 0.7671875
0 0.16562499999999997 0.8953125 0.16406249999999997 0.8562499999999998 0.16100489217252395 0.8563723043130989 0.16256739217252394 0.895434804313099
3 0.3109375 0.02343750000000002 0.017187500000000005 0.0234375 0.017187500000000012 0.14218750000000002 0.3109375 0.14218750000000005