3 0.30970500415753266 0.43147523905812973 0.30813246466097205 0.34105421800589614 0.01597898083755385 0.34613514815934693 0.01755152033411445 0.4365561692115806
3 0.3171076923076923 0.8610759615384616 0.31552644230769233 0.7709447115384617 0.023511057692307703 0.7760677884615385 0.02509230769230769 0.8661990384615386
3 0.31411314814535357 0.7171351541514503 0.3126304873539975 0.6271870661425165 0.021011576449461257 0.6319939712673166 0.022494237240817318 0.7219420592762503
3 0.30720528762567084 0.2877415384760753 0.305636527704286 0.19753784299644714 0.014026357812381887 0.20260932421195857 0.015595117733766739 0.2928130196915867
3 0.31096826923076926 0.5736288461538461 0.3094134615384615 0.4850048076923077 0.018466826923076923 0.49010913461538463 0.020021634615384608 0.5787331730769231
3 0.3187500000000001 0.915625 0.02656250000000011 0.915625 0.026562500000000117 0.9984375 0.3187500000000001 0.9984375
0 0.16900665926748057 0.4873872780244174 0.1671840316315205 0.432708448945616 0.15932817702552715 0.4329703107658157 0.1611508046614872 0.4876491398446171
0 0.16274850571725571 0.19989117723492722 0.16103495322245326 0.14677104989604992 0.15469074844074845 0.14697570166320167 0.15640430093555094 0.20009582900207898
0 0.16718750000000004 0.290625 0.15781250000000005 0.290625 0.15781250000000005 0.34375 0.16718750000000004 0.34375
0 0.17187500000000008 0.575 0.1609375000000001 0.575 0.1609375000000001 0.63125 0.17187500000000008 0.63125
0 0.17187500000000008 0.7203125 0.16406250000000008 0.7203125 0.16406250000000008 0.7734375 0.17187500000000008 0.7734375
0 0.17343750000000008 0.8640625 0.1703125000000001 0.8640625 0.1703125000000001 0.9015625 0.17343750000000008 0.9015625
3 0.30625 0.026562500000000017 0.009375000000000003 0.0265625 0.009375000000000012 0.15000000000000002 0.30625 0.15000000000000005