3 0.9521270837443282 0.8860445230814756 0.6986218312290393 0.8732895418228447 0.6947862620832512 0.9495214785953836 0.9482915145985402 0.9622764598540146
3 0.8505455112219451 0.046902275561097335 0.5974283042394014 0.03424641521197015 0.5936214152119701 0.11038419576059859 0.8467386221945137 0.12304005610972579
3 0.651320787292818 0.8811550414364643 0.41898739640883986 0.8689269682320443 0.4161300069060775 0.9232173687845305 0.6484633977900555 0.9354454419889503
2 0.8462102900552484 0.3063794889502764 0.7177054558011047 0.1635963397790056 0.5756992403314914 0.29140193370165746 0.704204074585635 0.43418508287292834
2 0.7374891185521093 0.6551547696169729 0.596634469390234 0.5011536865333226 0.44331815835290306 0.6413820197991742 0.5841728075147784 0.7953831028828244
0 0.8806507352941179 0.6771470588235295 0.865777573529412 0.6756084558823532 0.8447224264705884 0.8791415441176472 0.8595955882352943 0.8806801470588237
0 0.6999155405405406 0.7973817567567568 0.653779560810811 0.7327913851351353 0.6508234797297299 0.7349028716216217 0.6969594594594596 0.7994932432432433
0 0.9103602707006369 0.6380374203821656 0.8273586783439489 0.3558320063694267 0.7781249999999998 0.37031249999999993 0.8611265923566878 0.6525179140127388
0 0.6136767241379311 0.45187931034482764 0.6066724137931035 0.44999353448275875 0.593668103448276 0.4982952586206898 0.6006724137931035 0.5001810344827587
0 0.5390625000000002 0.8421875 0.5328125000000001 0.8421875 0.5328125000000001 0.875 0.5390625000000002 0.875
0 0.8234375 0.95625 0.8171875 0.95625 0.8171875 0.9984375 0.8234375 0.9984375
0 0.721875 0.11718750000000008 0.715625 0.11718750000000008 0.715625 0.16406250000000008 0.721875 0.16406250000000008
0 0.5575721153846154 0.767548076923077 0.5534735576923077 0.7664302884615385 0.5398076923076923 0.8165384615384615 0.54390625 0.8176562500000001
4 0.6296875 0.43125 0.609375 0.43125 0.609375 0.45 0.6296875 0.45
4 0.890625 0.6531250000000002 0.8640625 0.6531250000000002 0.8640625 0.6718750000000002 0.890625 0.6718750000000002
4 0.7671875000000001 0.8 0.6531250000000002 0.8 0.6531250000000002 0.8234375 0.7671875000000001 0.8234375
4 0.5546875000000002 0.81875 0.5265625000000002 0.81875 0.5265625000000002 0.8375 0.5546875000000002 0.8375