3 0.2796875000000001 0.8625 0.02656250000000011 0.8625 0.02656250000000011 0.9375 0.2796875000000001 0.9375
3 0.425 0.02968750000000004 0.171875 0.029687500000000023 0.171875 0.10468750000000002 0.425 0.10468750000000004
3 0.5593750000000002 0.8734375 0.3281250000000001 0.8734375 0.3281250000000001 0.9265625 0.5593750000000002 0.9265625
2 0.4335842820007171 0.2898624058802438 0.29849352366439585 0.15314404804589457 0.1632999058802438 0.2867282179992829 0.29839066421656507 0.4234465758336321
2 0.54609375 0.6429687500000002 0.4000000000000001 0.4968750000000002 0.2531250000000001 0.6437500000000002 0.39921875000000007 0.7898437500000002
0 0.13494649880169607 0.8607358623179499 0.11562500000000005 0.65625 0.1021015447366804 0.6575278067965341 0.12142304353837644 0.8620136691144842
0 0.33570884146341456 0.7276295731707316 0.3320884146341463 0.7247332317073172 0.28285060975609755 0.7862804878048781 0.2864710365853659 0.7891768292682926
0 0.22812500000000013 0.35625000000000007 0.18674551963193617 0.33922529950571095 0.07424551963193612 0.6126627995057109 0.11562500000000009 0.6296875
0 0.4045072115384615 0.49441105769230764 0.39447115384615383 0.4442307692307693 0.38756009615384623 0.44561298076923084 0.39759615384615393 0.4957932692307693
0 0.4468750000000002 0.8390625 0.44062500000000016 0.8390625 0.44062500000000016 0.871875 0.4468750000000002 0.871875
0 0.15625000000000014 0.9390625 0.15000000000000013 0.9390625 0.15000000000000013 0.9859375 0.15625000000000014 0.9859375
0 0.3015625 0.10625000000000004 0.2953125 0.10625000000000004 0.2953125 0.15312500000000004 0.3015625 0.15312500000000004
0 0.44122596153846166 0.8139423076923077 0.43112980769230774 0.7634615384615386 0.42782451923076925 0.7641225961538464 0.43792067307692306 0.8146033653846155
4 0.3937500000000001 0.425 0.3750000000000001 0.425 0.3750000000000001 0.44375 0.3937500000000001 0.44375
4 0.1281250000000001 0.634375 0.10312500000000009 0.634375 0.10312500000000009 0.6515625 0.1281250000000001 0.6515625
4 0.3312500000000001 0.790625 0.21875000000000008 0.790625 0.21875000000000008 0.809375 0.3312500000000001 0.809375
4 0.4578125000000002 0.8171875 0.42968750000000017 0.8171875 0.42968750000000017 0.8359375 0.4578125000000002 0.8359375