0 0.7580106548856551 0.03135719854469864 0.7158670088357589 0.029997726091476183 0.7093246491683993 0.2328108757796259 0.7514682952182954 0.23417034823284838
0 0.2859356420927467 0.1078886741973841 0.252381837098692 0.07265717895362667 0.18355752080856122 0.13820414684898935 0.2171113258026159 0.17343564209274678
0 0.7018256897386254 0.03156764278799622 0.6894345958373669 0.030405977734753224 0.6843114714424008 0.08505263794772515 0.6967025653436593 0.08621430300096813
0 0.8204057005341643 0.14687221789450255 0.8169955347206767 0.03263166314266637 0.802898953928333 0.03305245659915425 0.8063091197418206 0.14729301135099043
3 0.5830143460854093 0.06586465747330965 0.2890152357651246 0.06031750444839862 0.2872525578291815 0.15373943505338084 0.5812516681494662 0.15928658807829185
3 0.43125 0.17343750000000002 0.1421875 0.1734375 0.14218750000000002 0.32031250000000006 0.43125 0.3203125000000001
4 0.8046875 0.1437500000000001 0.584375 0.1437500000000001 0.584375 0.18906250000000008 0.8046875 0.18906250000000008
4 0.9546875 0.1750000000000001 0.7515625 0.1750000000000001 0.7515625 0.2015625000000001 0.9546875 0.2015625000000001
4 0.7578125 0.2640625000000001 0.59375 0.2640625000000001 0.59375 0.3062500000000001 0.7578125 0.3062500000000001
1 0.8825000000000001 0.1290625000000001 0.8356250000000001 0.11343750000000011 0.8193750000000002 0.1621875000000001 0.8662500000000002 0.1778125000000001
1 0.7113359899328858 0.22465394295302024 0.6697042785234898 0.19551174496644302 0.6410025167785234 0.23651426174496654 0.6826342281879194 0.2656564597315437
1 0.71875 0.08906250000000009 0.66875 0.08906250000000009 0.66875 0.1390625000000001 0.71875 0.1390625000000001