0 0.7501483791030223 0.026679497075073215 0.7080233384790381 0.025660342866428425 0.703125 0.22812500000000005 0.7452500406239844 0.22914415420864484
0 0.278125 0.11093750000000005 0.24375 0.07656250000000003 0.1765625 0.14375000000000002 0.2109375 0.17812500000000003
0 0.6921875 0.02656250000000009 0.6796875 0.026562500000000083 0.6796875 0.08125000000000009 0.6921875 0.08125000000000009
0 0.8140624999999998 0.140625 0.8075251729048005 0.02622177583401139 0.79350844182262 0.027022731895850277 0.8000457689178194 0.1414259560618389
3 0.575 0.06406250000000005 0.28125 0.06406250000000005 0.28125 0.15625000000000006 0.575 0.15625000000000008
3 0.425 0.17968750000000003 0.1390625 0.1796875 0.13906250000000003 0.321875 0.425 0.3218750000000001
4 0.7984375 0.14218750000000008 0.578125 0.14218750000000008 0.578125 0.1843750000000001 0.7984375 0.1843750000000001
4 0.95 0.17031250000000012 0.746875 0.1703125000000001 0.746875 0.19375000000000012 0.95 0.19375000000000014
4 0.753125 0.2609375000000001 0.590625 0.2609375000000001 0.590625 0.30156250000000007 0.753125 0.30156250000000007
1 0.86875 0.1140625000000001 0.81875 0.1140625000000001 0.81875 0.16406250000000008 0.86875 0.16406250000000008
1 0.696875 0.2015625000000001 0.646875 0.2015625000000001 0.646875 0.2515625000000001 0.696875 0.2515625000000001
1 0.7109375 0.08437500000000009 0.6609375 0.08437500000000009 0.6609375 0.13437500000000008 0.7109375 0.13437500000000008