0 0.7266902413703609 0.213577488320789 0.7168675382818583 0.010574957825071368 0.6745522969114977 0.012622469504282374 0.6843750000000001 0.215625
0 0.253289973242696 0.1277385558287533 0.2172146188892103 0.09576267356089098 0.15317471796355223 0.16801281819496677 0.18925007231703792 0.19998870046282907
0 0.659375 0.01562500000000008 0.646875 0.015625000000000076 0.646875 0.06875000000000009 0.659375 0.06875000000000009
0 0.7892803206319703 0.12041995817843865 0.7744946561338291 0.0070631970260223165 0.7602666124535317 0.008919028810408935 0.7750522769516729 0.12227578996282526
3 0.5525770573944732 0.15282768372304892 0.5458627676131187 0.059344110613422416 0.25136160036440935 0.08049612815062254 0.25807589014576376 0.17397970126024903
3 0.4125 0.184375 0.11718750000000004 0.184375 0.11718750000000004 0.34687500000000004 0.4125 0.3468750000000001
4 0.7765625 0.12343750000000009 0.553125 0.12343750000000009 0.553125 0.17968750000000008 0.7765625 0.17968750000000008
4 0.928125 0.1406250000000001 0.7234375 0.14062500000000008 0.7234375 0.17812500000000012 0.928125 0.17812500000000014
4 0.7390625 0.24375000000000008 0.5734375 0.24375000000000008 0.5734375 0.2953125000000001 0.7390625 0.2953125000000001
1 0.84375 0.09218750000000012 0.79375 0.0921875000000001 0.79375 0.14218750000000008 0.84375 0.14218750000000008
1 0.678125 0.1906250000000001 0.628125 0.1906250000000001 0.628125 0.2406250000000001 0.678125 0.2406250000000001
1 0.684375 0.07343750000000009 0.634375 0.07343750000000007 0.634375 0.12343750000000009 0.684375 0.12343750000000009