3 1.0038572974662638 0.06298591287628585 0.7442522058129659 0.03971097362461084 0.7385381770784185 0.10344437104841005 0.9981432687317164 0.12671931030008504
3 1.005365140079878 0.32613851609303435 0.7099118627393398 0.3036583754258194 0.7028300466932926 0.3967336720310114 0.9982833240338307 0.4192138126982263
3 0.9706967213114754 0.7660860655737707 0.6737192622950822 0.7390881147540985 0.6652407786885248 0.8323514344262296 0.9622182377049182 0.8593493852459018
3 0.9833748676781934 0.6221639026111505 0.6852615561044461 0.5940400052928723 0.6766330716302047 0.6855019407198306 0.9747463832039521 0.7136258380381089
3 1.0063069371220341 0.1819385757481781 0.7246159772832997 0.15729061676228878 0.7167211001705691 0.2475177837649249 0.9984120600093036 0.2721657427508142
3 0.9963092166979364 0.47447525797373374 0.6991000234521577 0.44863098030018767 0.6911380159474673 0.5401940666041277 0.9883472091932459 0.5660383442776736
3 0.956599988051617 0.9115376573203757 0.6594217978333599 0.8889671618607613 0.6523827067070256 0.9816485283574956 0.9495608969252828 1.00421902381711
0 0.8546875000000002 0.4078125000000001 0.8466135700389106 0.40730787937743196 0.8431845817120622 0.46217169260700397 0.8512585116731518 0.46267631322957203
0 0.8797749352331607 0.11583225388601046 0.8718944300518133 0.11532383419689127 0.8684617875647668 0.1685297927461141 0.8763422927461141 0.1690382124352333
0 0.8413001179245285 0.5532222877358491 0.8335023584905663 0.5528832547169813 0.831120283018868 0.6076709905660379 0.8389180424528302 0.6080100235849057
0 0.8286674528301887 0.7000235849056604 0.8193101415094339 0.699616745283019 0.8169251179245285 0.7544722877358492 0.8262824292452832 0.7548791273584907
0 0.8673810840707965 0.2611587389380532 0.8596031526548673 0.26064021017699124 0.8559527101769913 0.31539684734513285 0.8637306415929205 0.3159153761061948
0 0.8158128238341972 0.8455262305699485 0.8077315414507773 0.8450048575129536 0.8040981217616581 0.9013228626943007 0.812179404145078 0.9018442357512955