3 0.2953125 0.020312500000000018 0.01875 0.0203125 0.018750000000000006 0.08281250000000002 0.2953125 0.08281250000000004
3 0.30625 0.284375 0.007812500000000036 0.284375 0.007812500000000042 0.375 0.30625 0.375
3 0.3046875000000001 0.721875 0.007812500000000088 0.721875 0.007812500000000094 0.815625 0.3046875000000001 0.815625
3 0.3062500000000001 0.578125 0.007812500000000073 0.578125 0.007812500000000078 0.66875 0.3062500000000001 0.66875
3 0.3046875 0.13906250000000003 0.007812500000000017 0.1390625 0.007812500000000023 0.228125 0.3046875 0.228125
3 0.3046875000000001 0.43125 0.007812500000000052 0.43125 0.007812500000000059 0.521875 0.3046875000000001 0.521875
3 0.3062500000000001 0.871875 0.007812500000000108 0.871875 0.007812500000000113 0.9625 0.3062500000000001 0.9625
0 0.16093750000000004 0.3765625 0.15312500000000004 0.3765625 0.15312500000000004 0.43125 0.16093750000000004 0.43125
0 0.1613196243523316 0.1371729274611399 0.15780602331606217 0.08271211139896373 0.1500259067357513 0.08321405440414507 0.15353950777202074 0.13767487046632124
0 0.16093750000000007 0.5234375 0.15312500000000007 0.5234375 0.1531250000000001 0.578125 0.1609375000000001 0.578125
0 0.16144220132743362 0.7247580199115042 0.15779867256637167 0.6701050884955752 0.14846515486725662 0.6707273230088495 0.15210868362831856 0.7253802544247787
0 0.16144220132743362 0.28413301991150436 0.1578055862831858 0.22958379424778758 0.15002765486725664 0.23010232300884956 0.15366426991150445 0.28465154867256637
0 0.1609375000000001 0.815625 0.1531250000000001 0.815625 0.1531250000000001 0.871875 0.1609375000000001 0.871875