3 0.28960866133799035 0.08800334161741004 0.2885595781837722 0.02400926921010211 0.010893420875873187 0.02856117342826433 0.011942504030091335 0.09255524583557226
3 0.3056514423076923 0.37994471153846154 0.3040360576923077 0.2878677884615385 0.004621634615384616 0.2931206730769231 0.006237019230769221 0.3851975961538462
3 0.31197193600867684 0.8199654284164859 0.30999186550976143 0.7249220444685467 0.012139370932754906 0.7311273047722342 0.014119441431670285 0.8261706887201734
3 0.309972456368625 0.6733780991005007 0.3085118306791503 0.5818455558934178 0.009236309506972535 0.5866212291036121 0.010696935196447268 0.6781537723106951
3 0.30166023054899294 0.23275130891362675 0.2999395597245025 0.14212931215712968 0.0014514425579625941 0.1477968080526969 0.00317211338245305 0.23841880480919397
3 0.3066932692307692 0.5268288461538462 0.3050822115384616 0.4349985576923078 0.0066543269230769295 0.4402341346153847 0.008265384615384612 0.5320644230769231
3 0.3143911737523105 0.9670910351201479 0.31262707948243995 0.875358133086876 0.014239833641404806 0.8810963493530497 0.016003927911275414 0.9728292513863217
0 0.16093750000000004 0.3828125 0.15312500000000004 0.3828125 0.15312500000000004 0.4375 0.16093750000000004 0.4375
0 0.15487048261665146 0.14364421317474843 0.15156250000000004 0.08906250000000002 0.1438729414455627 0.08952853385178408 0.1471809240622141 0.1441102470265325
0 0.16250000000000006 0.5296875 0.15468750000000006 0.5296875 0.1546875000000001 0.584375 0.1625000000000001 0.584375
0 0.16601978460793804 0.7307735358180059 0.1609375 0.6765625 0.15193459583736688 0.6774065222652468 0.15701688044530493 0.7316175580832527
0 0.15781250000000005 0.2359375 0.15000000000000005 0.2359375 0.15000000000000005 0.290625 0.15781250000000005 0.290625
0 0.1687500000000001 0.821875 0.1609375000000001 0.821875 0.1609375000000001 0.878125 0.1687500000000001 0.878125