0 0.26406250000000003 0.25 0.08906250000000002 0.25 0.08906250000000006 0.7625 0.2640625000000001 0.7625
0 0.4296875 0.25468750000000007 0.33125 0.2546875 0.33125000000000004 0.36718750000000006 0.4296875 0.3671875000000001
0 0.43125 0.41875 0.4046875 0.41875 0.4046875 0.5015625 0.43125 0.5015625
0 0.3703125000000001 0.6390625 0.21093750000000008 0.6390625 0.21093750000000008 0.765625 0.3703125000000001 0.765625
4 0.30937500000000007 0.696875 0.2828125000000001 0.696875 0.2828125000000001 0.7203125 0.30937500000000007 0.7203125
4 0.4515625000000001 0.715625 0.4296875 0.715625 0.4296875000000001 0.7359375 0.4515625000000002 0.7359375
0 0.4453125000000001 0.675 0.4328125 0.675 0.4328125000000001 0.7625 0.44531250000000017 0.7625
0 0.44843750000000016 0.81875 0.4343750000000002 0.81875 0.4343750000000002 0.8828125 0.44843750000000016 0.8828125
0 0.1671875000000001 0.81875 0.1546875000000001 0.81875 0.1546875000000001 0.8703125 0.1671875000000001 0.8703125
0 0.16875000000000012 0.95 0.15156250000000013 0.95 0.15156250000000013 1 0.16875000000000012 1
0 0.3078125 0.11406250000000004 0.2921875 0.11406250000000004 0.2921875 0.16562500000000005 0.3078125 0.16562500000000005
2 0.36484375 0.2273437500000001 0.30078124999999994 0.16328125000000002 0.2375 0.2265625 0.30156250000000007 0.290625
2 0.51484375 0.59296875 0.41953125 0.49765625 0.325 0.5921875 0.4203125000000001 0.6875000000000001
3 0.54375 0.3656250000000001 0.2953125000000001 0.36562500000000003 0.2953125000000001 0.421875 0.54375 0.421875
3 0.29375000000000007 0.8703125 0.02656250000000011 0.8703125 0.02656250000000011 0.95 0.29375000000000007 0.95
3 0.2890625000000001 0.7640625 0.03125000000000009 0.7640625 0.0312500000000001 0.81875 0.2890625000000001 0.81875
3 0.4015625 0.032812500000000036 0.2 0.03281250000000002 0.2 0.11406250000000004 0.4015625 0.11406250000000004
3 0.5296875000000002 0.7640625 0.3515625000000001 0.7640625 0.3515625000000001 0.81875 0.5296875000000002 0.81875
3 0.5375000000000002 0.8828125 0.3453125000000001 0.8828125 0.3453125000000001 0.9390625 0.5375000000000002 0.9390625
4 0.2171875000000001 0.45 0.07187500000000005 0.45 0.07187500000000005 0.471875 0.2171875000000001 0.471875
4 0.5140625 0.32031250000000006 0.3265625 0.3203125 0.3265625 0.34218750000000003 0.5140625 0.3421875000000001