0 0.93125 0.27031250000000007 0.7125 0.27031250000000007 0.7125000000000001 0.7968750000000001 0.93125 0.7968750000000002
0 0.690625 0.26250000000000007 0.5828125 0.26250000000000007 0.5828125 0.3828125000000001 0.690625 0.3828125000000001
0 0.603125 0.425 0.56875 0.425 0.56875 0.509375 0.603125 0.509375
0 0.7765625 0.6484375000000001 0.60625 0.6484375 0.6062500000000001 0.7890625000000001 0.7765625000000002 0.7890625000000002
4 0.7000000000000001 0.7125 0.6703125 0.7125 0.6703125000000001 0.7375 0.7000000000000002 0.7375
4 0.5515625000000001 0.71875 0.528125 0.71875 0.5281250000000001 0.7421875 0.5515625000000002 0.7421875
0 0.5515625000000001 0.6796875 0.53125 0.6796875 0.5312500000000001 0.76875 0.5515625000000002 0.76875
0 0.5375000000000002 0.8234375 0.5187500000000002 0.8234375 0.5187500000000002 0.8875 0.5375000000000002 0.8875
0 0.8171875 0.846875 0.8 0.846875 0.8 0.8984375 0.8171875 0.8984375
0 0.8078125 0.9765625 0.7859375000000002 0.9765625 0.7859375000000002 1 0.8078125 1
0 0.740625 0.1312500000000001 0.7203125 0.1312500000000001 0.7203125 0.1843750000000001 0.740625 0.1843750000000001
2 0.7847330953200276 0.250151625946318 0.7265641130419821 0.18201081813489345 0.6569022066414316 0.24147829920853417 0.715071188919477 0.30961910701995876
2 0.6664531543151969 0.6080543503752346 0.5799586655722326 0.5050847209193245 0.476842460131332 0.591702333489681 0.5633369488742963 0.6946719629455911
3 0.7150685596643879 0.38241920447482913 0.4665057877563704 0.3637769965817278 0.46212418427594787 0.4221983763206961 0.7106869561839653 0.44084058421379746
3 0.9393964592274682 0.9102776287553649 0.6720842274678114 0.8866912553648071 0.6649745171673822 0.9672679721030045 0.9322867489270388 0.9908543454935623
3 0.9439617925631433 0.8038261517773622 0.6858897041627691 0.7812761634705333 0.6809934810570628 0.837310716791394 0.939065569457437 0.859860705098223
3 0.8396484740411598 0.0606549637511694 0.6373851145930777 0.04298146632366706 0.6301854829279702 0.12537725093545377 0.8324488423760522 0.14305074836295611
3 0.624923780487805 0.775876524390244 0.4468544793621014 0.7603922373358349 0.4419881566604129 0.8163549484052532 0.6200574577861164 0.8318392354596623
3 0.6205006138914875 0.8947221410196446 0.4293779232927971 0.8780221000935455 0.4244817001870908 0.9340566534144064 0.6156043907857812 0.9507566943405055
4 0.9328125 0.4750000000000002 0.7859375 0.4750000000000002 0.7859375 0.5109375000000002 0.9328125 0.5109375000000002
4 0.6890625 0.3203125000000001 0.5 0.3203125000000001 0.5 0.3593750000000001 0.6890625 0.3593750000000001