0 0.27812500000000007 0.228125 0.07656250000000002 0.228125 0.07656250000000006 0.7484375 0.27812500000000007 0.7484375
0 0.44375 0.24687500000000004 0.3390625 0.246875 0.33906250000000004 0.36406250000000007 0.44375 0.36406250000000007
0 0.4359375 0.4140625 0.4046875 0.4140625 0.4046875 0.4984375 0.4359375 0.4984375
0 0.3625000000000001 0.6234375 0.19687500000000008 0.6234375 0.19687500000000008 0.7578125 0.3625000000000001 0.7578125
4 0.3000000000000001 0.684375 0.2718750000000001 0.684375 0.2718750000000001 0.709375 0.3000000000000001 0.709375
4 0.4406250000000001 0.7125 0.41875 0.7125 0.41875000000000007 0.734375 0.44062500000000016 0.734375
0 0.4359375000000001 0.671875 0.41875 0.671875 0.41875000000000007 0.7609375 0.4359375000000002 0.7609375
0 0.43281250000000016 0.815625 0.4156250000000002 0.815625 0.4156250000000002 0.8796875 0.43281250000000016 0.8796875
0 0.1515625000000001 0.8015625 0.1359375000000001 0.8015625 0.1359375000000001 0.853125 0.1515625000000001 0.853125
0 0.14687500000000014 0.93125 0.12656250000000013 0.93125 0.12656250000000013 0.9828125 0.14687500000000014 0.9828125
0 0.3296875 0.10312500000000005 0.3109375 0.10312500000000005 0.3109375 0.15625000000000006 0.3296875 0.15625000000000006
2 0.37901730049875315 0.21965399002493768 0.3186058291770574 0.1528834164588529 0.25163068890274315 0.21347997194513718 0.3120421602244389 0.28025054551122197
2 0.5106569513715711 0.5931109725685787 0.4195585255610972 0.4924232387780549 0.3200163653366583 0.5824851932668329 0.41111479114713223 0.6831729270573568
3 0.5517043729122381 0.3689516588217431 0.30228823451260245 0.3535556008958397 0.298756832675372 0.4107643106589737 0.5481729710750075 0.42616036858487705
3 0.27513353115727013 0.8582001112759643 0.007021513353115838 0.8451214762611275 0.0030749258160238436 0.9260265207715135 0.27118694362017814 0.9391051557863502
3 0.27607933291770576 0.7518508416458852 0.017351153366583626 0.738914432668329 0.014541770573566176 0.7951020885286783 0.27326995012468835 0.8080384975062345
3 0.42695936711522287 0.027516558031959654 0.2240774810765349 0.01697723927670314 0.2197818544995795 0.09966805088309509 0.42266374053826744 0.11020736963835161
3 0.5166695441988951 0.7645286602209946 0.3373143991712708 0.7550889157458565 0.33436636740331505 0.8111015193370168 0.5137215124309393 0.820541263812155
3 0.5171875000000001 0.8734375 0.3218750000000001 0.8734375 0.3218750000000001 0.9390625 0.5171875000000001 0.9390625
4 0.22031250000000008 0.428125 0.07343750000000004 0.428125 0.07343750000000006 0.4578125 0.22031250000000008 0.4578125
4 0.5234375 0.31093750000000003 0.334375 0.3109375 0.334375 0.34375000000000006 0.5234375 0.3437500000000001