1 0.8171153846153845 0.3087980769230769 0.8147355769230767 0.28975961538461537 0.7937740384615384 0.29237980769230765 0.7961538461538461 0.3114182692307692
1 0.5859375000000001 0.4015625000000001 0.5710937500000001 0.3867187500000001 0.55625 0.4015625000000001 0.57109375 0.4164062500000001
1 0.6762740384615384 0.49605769230769237 0.6537740384615385 0.49324519230769237 0.6514182692307693 0.5120913461538462 0.6739182692307693 0.5149038461538462
1 0.23276442307692308 0.43399038461538464 0.23026442307692307 0.4139903846153846 0.21045673076923074 0.41646634615384615 0.21295673076923075 0.43646634615384616
1 0.579125 0.45074999999999993 0.57609375 0.42953125 0.5544374999999999 0.432625 0.55746875 0.45384375
1 0.2421875 0.3 0.2203125 0.3 0.2203125 0.321875 0.2421875 0.321875
1 0.8078125 0.4125000000000002 0.784375 0.4125000000000002 0.784375 0.4312500000000002 0.8078125 0.4312500000000002
1 0.8203125 0.2375000000000001 0.7984375 0.2375000000000001 0.7984375 0.2578125000000001 0.8203125 0.2578125000000001
1 0.2218750000000001 0.5390625 0.2015625000000001 0.5390625 0.2015625000000001 0.559375 0.2218750000000001 0.559375
1 0.24117647058823527 0.36654411764705885 0.23000919117647056 0.3479319852941177 0.2116268382352941 0.3589613970588236 0.22279411764705884 0.3775735294117647
1 0.22656250000000008 0.4703125 0.20468750000000008 0.4703125 0.20468750000000008 0.490625 0.22656250000000008 0.490625
1 0.246875 0.2390625 0.221875 0.2390625 0.221875 0.2640625 0.246875 0.2640625
1 0.8134908536585366 0.3535823170731708 0.7913681402439025 0.3511242378048781 0.7891768292682928 0.3708460365853659 0.8112995426829268 0.37330411585365864
1 0.2515625 0.18750000000000006 0.23125 0.18750000000000006 0.23125 0.209375 0.2515625 0.209375
1 0.5734375 0.4828125 0.5515625 0.4828125 0.5515625 0.5046875 0.5734375 0.5046875
1 0.6768867924528302 0.3933962264150944 0.656869103773585 0.3876768867924529 0.6507959905660378 0.40893278301886793 0.670813679245283 0.41465212264150947
1 0.6703125 0.440625 0.6484375 0.440625 0.6484375 0.4609375 0.6703125 0.4609375
3 0.827546942060086 0.1805096566523606 0.7217985515021459 0.17117891630901297 0.7169983905579399 0.22558074034334777 0.82274678111588 0.23491148068669537
3 0.5445080445544556 0.5330445544554456 0.43760829207920804 0.5223545792079209 0.43217821782178223 0.5766553217821784 0.5390779702970299 0.5873452970297031
3 0.6336206896551724 0.2449892241379311 0.5176293103448275 0.235323275862069 0.5151077586206896 0.26558189655172415 0.6310991379310346 0.27524784482758624
3 0.7303406762295083 0.6381275614754098 0.6145363729508199 0.6275998975409837 0.6115778688524591 0.660143442622951 0.7273821721311476 0.6706711065573772
3 0.31158133030571555 0.07731017390341166 0.19469497673903416 0.06858731169694288 0.19233426561807712 0.10022084071776698 0.3092206191847585 0.10894370292423576
3 0.6023093329148596 0.04451680552385307 0.48748537719698704 0.035818020999771806 0.48505478201323904 0.06790187742524544 0.5998787377311116 0.07660066194932671
3 0.6059239053170316 0.33341493104918973 0.49869073429058863 0.3225098628092125 0.4932155423656527 0.37634925007108333 0.6004487133920955 0.3872543183110606
3 0.5941678854993732 0.1379831801086503 0.4796875 0.12968750000000004 0.47745115963226076 0.16054899707480152 0.5919315451316339 0.16884467718345175
3 0.5990899839388569 0.09125671521931776 0.483015341160833 0.08259442844483836 0.4807221283783784 0.11332347972972978 0.5967967711564024 0.1219857665042092
3 0.3790193965517242 0.14082974137931037 0.2720797413793104 0.13191810344827587 0.2674030172413794 0.18803879310344834 0.37434267241379315 0.19695043103448281
3 0.7351559843590616 0.5915653689221354 0.61867774566474 0.5807803468208093 0.6156839722883374 0.6131130992859573 0.732162210982659 0.6238981213872833
3 0.18906250000000002 0.10937500000000003 0.07187500000000002 0.109375 0.07187500000000002 0.18593750000000003 0.18906250000000005 0.18593750000000003
0 0.28125 0.18125000000000005 0.25 0.18125000000000005 0.25 0.259375 0.28125 0.259375
0 0.2734375 0.14531250000000004 0.1875 0.14531250000000004 0.1875 0.16406250000000006 0.2734375 0.16406250000000006
0 0.3328125 0.09062500000000004 0.3078125 0.09062500000000004 0.3078125 0.13750000000000004 0.3328125 0.13750000000000004
0 0.753125 0.05625000000000008 0.5953125 0.056250000000000064 0.5953125 0.17343750000000008 0.753125 0.17343750000000008
0 0.4859375 0.03437500000000005 0.3484375 0.034375000000000044 0.3484375 0.14843750000000006 0.4859375 0.14843750000000006
0 0.48125 0.08125000000000006 0.35 0.08125000000000004 0.35 0.15000000000000005 0.48125 0.15000000000000005
0 0.4765625 0.12656250000000005 0.3484375 0.12656250000000005 0.3484375 0.15000000000000005 0.4765625 0.15000000000000005
0 0.7234375 0.16406250000000006 0.378125 0.16406250000000006 0.378125 0.2015625000000001 0.7234375 0.2015625000000001
0 0.7171875 0.20312500000000008 0.6328125 0.20312500000000008 0.6328125 0.2687500000000001 0.7171875 0.2687500000000001
0 0.5734375 0.27031250000000007 0.5625 0.27031250000000007 0.5625 0.3296875000000001 0.5734375 0.3296875000000001
0 0.73125 0.2171875000000001 0.6046875 0.2171875000000001 0.6046875 0.37187500000000007 0.73125 0.37187500000000007
0 0.6625 0.3703125000000001 0.5890625 0.3703125000000001 0.5890625 0.5046875 0.6625 0.5046875
0 0.5609375 0.3812500000000001 0.5328125 0.3812500000000001 0.5328125 0.403125 0.5609375 0.403125
0 0.5140625 0.19375000000000003 0.3390625 0.19375000000000003 0.3390625 0.35625000000000007 0.5140625 0.35625000000000007
0 0.30781250000000004 0.18437500000000004 0.228125 0.18437500000000004 0.22812500000000005 0.4890625 0.3078125000000001 0.4890625
0 0.61875 0.58125 0.4765625 0.58125 0.4765625 0.646875 0.61875 0.646875
0 0.8 0.2328125000000001 0.7765625 0.2328125000000001 0.7765625 0.3031250000000001 0.8 0.3031250000000001
0 0.8 0.2312500000000001 0.746875 0.2312500000000001 0.746875 0.4234375000000002 0.8 0.4234375000000002
0 0.32343750000000004 0.18593750000000003 0.2234375 0.18593750000000003 0.22343750000000004 0.5578125 0.3234375000000001 0.5578125
0 0.1921875 0.07343750000000002 0.1328125 0.07343750000000002 0.1328125 0.11875000000000002 0.1921875 0.11875000000000005
4 0.26875 0.2109375 0.2 0.2109375 0.2 0.2375 0.26875 0.2375
4 0.2734375 0.2640625 0.18593750000000003 0.2640625 0.18593750000000003 0.2890625 0.2734375 0.2890625
4 0.2484375 0.3234375 0.18750000000000006 0.3234375 0.18750000000000006 0.346875 0.2484375 0.346875
4 0.2453125000000001 0.3765625 0.2015625000000001 0.3765625 0.2015625000000001 0.3984375 0.2453125000000001 0.3984375
4 0.2656250000000001 0.4359375 0.16875000000000004 0.4359375 0.16875000000000004 0.4640625 0.2656250000000001 0.4640625
4 0.2640625000000001 0.4875 0.15468750000000003 0.4875 0.15468750000000003 0.525 0.2640625000000001 0.525
4 0.2296875000000001 0.5609375 0.18125000000000008 0.5609375 0.18125000000000008 0.5828125 0.2296875000000001 0.5828125
4 0.615625 0.4515625 0.5328125 0.4515625 0.5328125 0.478125 0.615625 0.478125
4 0.5921875 0.409375 0.5484375 0.409375 0.5484375 0.43125 0.5921875 0.43125
4 0.7125 0.4171875 0.6171875 0.4171875 0.6171875 0.4421875 0.7125 0.4421875
4 0.6953125 0.459375 0.6265625 0.459375 0.6265625 0.484375 0.6953125 0.484375
4 0.853125 0.43750000000000017 0.76875 0.43750000000000017 0.76875 0.4625000000000002 0.853125 0.4625000000000002
4 0.8296875 0.3781250000000001 0.7859375 0.3781250000000001 0.7859375 0.4000000000000002 0.8296875 0.4000000000000002
4 0.8359375 0.31718750000000007 0.7921875 0.31718750000000007 0.7921875 0.3390625000000001 0.8359375 0.3390625000000001
4 0.8484375 0.2656250000000001 0.7875 0.2656250000000001 0.7875 0.2890625000000001 0.8484375 0.2890625000000001
4 0.7109375 0.5109375 0.603125 0.5109375 0.603125 0.546875 0.7109375 0.546875
4 0.6 0.5046875 0.540625 0.5046875 0.540625 0.528125 0.6 0.528125