1 0.7953125 0.2640625000000001 0.7765625 0.2640625000000001 0.7765625 0.2843750000000001 0.7953125 0.2843750000000001
1 0.571875 0.3843750000000001 0.55 0.3843750000000001 0.55 0.40625 0.571875 0.40625
1 0.6734375 0.4796875 0.6515625 0.4796875 0.6515625 0.4984375 0.6734375 0.4984375
1 0.22635289634146344 0.45748856707317076 0.22442835365853658 0.44016768292682934 0.20333460365853656 0.4425114329268293 0.20525914634146342 0.45983231707317074
1 0.574375 0.4309375000000001 0.5556249999999999 0.4215625000000001 0.5459375 0.4409375000000001 0.5646875 0.45031250000000006
1 0.225 0.3234375 0.2046875 0.3234375 0.2046875 0.3453125 0.225 0.3453125
1 0.7984375 0.3859375000000001 0.7765625 0.3859375000000001 0.7765625 0.4046875000000002 0.7984375 0.4046875000000002
1 0.7953125 0.21093750000000008 0.775 0.21093750000000008 0.775 0.2312500000000001 0.7953125 0.2312500000000001
1 0.22812500000000008 0.5640625 0.20468750000000008 0.5640625 0.20468750000000008 0.5859375 0.22812500000000008 0.5859375
1 0.2260557432432433 0.3780405405405406 0.20527871621621627 0.37457770270270274 0.20194256756756762 0.39459459459459467 0.22271959459459464 0.3980574324324325
1 0.2258750000000001 0.4954375 0.20509375000000002 0.4924687499999999 0.20231250000000003 0.5119374999999999 0.2230937500000001 0.51490625
1 0.22605574324324323 0.2844594594594595 0.22242398648648648 0.26266891891891886 0.2021537162162162 0.26604729729729726 0.20578547297297295 0.2878378378378379
1 0.7994283536585366 0.32701981707317085 0.7774771341463416 0.32458079268292694 0.7752858231707318 0.3443025914634147 0.7972370426829268 0.3467416158536586
1 0.225 0.2109375 0.2046875 0.2109375 0.2046875 0.23125 0.225 0.23125
1 0.571875 0.4765625 0.55 0.4765625 0.55 0.4984375 0.571875 0.4984375
1 0.6640625 0.3765625000000001 0.64375 0.3765625000000001 0.64375 0.3968750000000001 0.6640625 0.3968750000000001
1 0.6640625 0.425 0.64375 0.425 0.64375 0.446875 0.6640625 0.446875
3 0.796875 0.1531250000000001 0.690625 0.1531250000000001 0.690625 0.2062500000000001 0.796875 0.2062500000000001
3 0.5453125 0.528125 0.4390625 0.528125 0.4390625 0.58125 0.5453125 0.58125
3 0.609375 0.23437500000000008 0.49375 0.23437500000000008 0.49375 0.2640625000000001 0.609375 0.2640625000000001
3 0.740625 0.6171875000000001 0.625 0.6171875 0.625 0.6484375000000001 0.740625 0.6484375000000002
3 0.275 0.09531250000000004 0.1578125 0.09531250000000002 0.1578125 0.12656250000000002 0.275 0.12656250000000005
3 0.5625 0.03750000000000006 0.446875 0.037500000000000054 0.446875 0.06875000000000006 0.5625 0.06875000000000006
3 0.5890625 0.3234375000000001 0.4828125 0.3234375000000001 0.4828125 0.3765625000000001 0.5890625 0.3765625000000001
3 0.5625 0.13125000000000006 0.446875 0.13125000000000003 0.446875 0.16093750000000007 0.5625 0.1609375000000001
3 0.5625 0.08437500000000006 0.446875 0.08437500000000005 0.446875 0.11406250000000007 0.5625 0.1140625000000001
3 0.346875 0.15312500000000004 0.240625 0.15312500000000004 0.240625 0.2078125 0.346875 0.2078125
3 0.740625 0.5703125000000001 0.625 0.5703125 0.625 0.6015625000000001 0.740625 0.6015625000000002
3 0.15625000000000003 0.146875 0.04531250000000002 0.146875 0.04531250000000002 0.2140625 0.15625000000000006 0.2140625
0 0.2546875 0.2046875 0.2296875 0.2046875 0.2296875 0.28125 0.2546875 0.28125
0 0.24375 0.17500000000000002 0.1578125 0.175 0.15781250000000002 0.18593750000000003 0.24375 0.18593750000000003
0 0.296875 0.10781250000000005 0.2765625 0.10781250000000005 0.2765625 0.15312500000000004 0.296875 0.15312500000000004
0 0.7140625 0.04843750000000008 0.5640625 0.048437500000000064 0.5640625 0.1531250000000001 0.7140625 0.1531250000000001
0 0.446875 0.04843750000000004 0.3171875 0.048437500000000036 0.3171875 0.15156250000000004 0.446875 0.15156250000000004
0 0.4453125 0.09531250000000005 0.31875 0.09531250000000005 0.31875 0.15312500000000004 0.4453125 0.15312500000000004
0 0.4453125 0.14062500000000006 0.3171875 0.14062500000000006 0.3171875 0.15312500000000004 0.4453125 0.15312500000000004
0 0.6953125 0.17656250000000007 0.35 0.17656250000000004 0.35 0.18437500000000007 0.6953125 0.1843750000000001
0 0.690625 0.1921875000000001 0.6109375 0.1921875000000001 0.6109375 0.2515625000000001 0.690625 0.2515625000000001
0 0.553125 0.2656250000000001 0.546875 0.2656250000000001 0.546875 0.3234375000000001 0.553125 0.3234375000000001
0 0.70625 0.2078125000000001 0.5921875 0.2078125000000001 0.5921875 0.3531250000000001 0.70625 0.3531250000000001
0 0.6515625 0.3625000000000001 0.5890625 0.3625000000000001 0.5890625 0.490625 0.6515625 0.490625
0 0.55 0.3781250000000001 0.5234375 0.3781250000000001 0.5234375 0.3984375000000001 0.55 0.3984375000000001
0 0.4875 0.20625000000000004 0.325 0.20625 0.325 0.35625000000000007 0.4875 0.35625000000000007
0 0.28125000000000006 0.2078125 0.228125 0.2078125 0.22812500000000005 0.5078125 0.2812500000000001 0.5078125
0 0.6265625 0.58125 0.4890625 0.58125 0.4890625 0.6359375 0.6265625 0.6359375
0 0.775 0.2078125000000001 0.7578125 0.2078125000000001 0.7578125 0.27812500000000007 0.775 0.27812500000000007
0 0.775 0.2078125000000001 0.7390625 0.2078125000000001 0.7390625 0.3984375000000001 0.775 0.3984375000000001
0 0.2984375 0.2078125 0.2296875 0.2078125 0.22968750000000004 0.5765625 0.2984375000000001 0.5765625
0 0.1578125 0.10625 0.1015625 0.10625 0.1015625 0.146875 0.1578125 0.146875
4 0.24375 0.2375 0.17656250000000004 0.2375 0.17656250000000004 0.2578125 0.24375 0.2578125
4 0.253125 0.2921875 0.16718750000000004 0.2921875 0.16718750000000004 0.309375 0.253125 0.309375
4 0.23437500000000006 0.3515625 0.17343750000000005 0.3515625 0.17343750000000005 0.36875 0.23437500000000008 0.36875
4 0.23593750000000008 0.403125 0.19375000000000003 0.403125 0.19375000000000003 0.4203125 0.23593750000000008 0.4203125
4 0.2609375000000001 0.4640625 0.16562500000000005 0.4640625 0.16562500000000005 0.484375 0.2609375000000001 0.484375
4 0.2640625000000001 0.5171875 0.15781250000000005 0.5171875 0.15781250000000008 0.5453125 0.2640625000000001 0.5453125
4 0.23593750000000008 0.5875 0.18906250000000008 0.5875 0.18906250000000008 0.60625 0.23593750000000008 0.60625
4 0.6109375 0.4484375 0.5296875 0.4484375 0.5296875 0.4671875 0.6109375 0.4671875
4 0.584375 0.4046875 0.5421875 0.4046875 0.5421875 0.4234375 0.584375 0.4234375
4 0.7046875 0.40625 0.6109375 0.40625 0.6109375 0.4234375 0.7046875 0.4234375
4 0.6921875 0.4484375 0.625 0.4484375 0.625 0.4671875 0.6921875 0.4671875
4 0.846875 0.41406250000000017 0.7640625 0.41406250000000017 0.7640625 0.4312500000000002 0.846875 0.4312500000000002
4 0.8171875 0.3531250000000001 0.775 0.3531250000000001 0.775 0.37187500000000007 0.8171875 0.37187500000000007
4 0.81875 0.2921875000000001 0.7765625 0.2921875000000001 0.7765625 0.3109375000000001 0.81875 0.3109375000000001
4 0.8265625 0.2406250000000001 0.7671875 0.2406250000000001 0.7671875 0.2593750000000001 0.8265625 0.2593750000000001
4 0.7125 0.5015625 0.60625 0.5015625 0.60625 0.528125 0.7125 0.528125
4 0.6 0.5015625 0.5421875 0.5015625 0.5421875 0.5203125 0.6 0.5203125