1 0.21875 0.2703125 0.2 0.2703125 0.2 0.290625 0.21875 0.290625
1 0.44909855769230766 0.38888221153846153 0.4280649038461538 0.3846754807692308 0.42421875 0.40390625 0.44525240384615383 0.40811298076923086
1 0.3468750000000001 0.4828125 0.32500000000000007 0.4828125 0.32500000000000007 0.5015625 0.3468750000000001 0.5015625
1 0.7951028963414634 0.4378239329268294 0.7740091463414633 0.43548018292682944 0.7720846036585366 0.45280106707317086 0.7931783536585366 0.45514481707317084
1 0.4523437500000001 0.43828125000000007 0.4367187500000001 0.42265625000000007 0.42265625000000007 0.4367187500000001 0.43828125000000007 0.4523437500000001
1 0.7921875 0.3187500000000001 0.771875 0.3187500000000001 0.771875 0.34062500000000007 0.7921875 0.34062500000000007
1 0.2234375000000001 0.3890625 0.2000000000000001 0.3890625 0.2000000000000001 0.4109375 0.2234375000000001 0.4109375
1 0.21875 0.2171875 0.19843750000000004 0.2171875 0.19843750000000004 0.2375 0.21875 0.2375
1 0.7939975247524753 0.5790377475247526 0.791924504950495 0.5583075495049505 0.7744430693069306 0.560055693069307 0.7765160891089108 0.580785891089109
1 0.7953553082191781 0.37540667808219186 0.7777183219178082 0.36879280821917815 0.7700770547945205 0.38916952054794524 0.7877140410958904 0.395783390410959
1 0.7984375 0.4890625000000002 0.775 0.4890625000000002 0.775 0.5125000000000002 0.7984375 0.5125000000000002
1 0.796875 0.27031250000000007 0.78125 0.25468750000000007 0.76640625 0.2695312500000001 0.78203125 0.2851562500000001
1 0.2203125 0.33125 0.19843750000000004 0.33125 0.19843750000000004 0.3515625 0.2203125 0.3515625
1 0.7890625 0.2062500000000001 0.76875 0.2062500000000001 0.76875 0.22656250000000008 0.7890625 0.22656250000000008
1 0.4484375 0.478125 0.4265625 0.478125 0.4265625 0.5 0.4484375 0.5
1 0.3531250000000001 0.3796875 0.33281250000000007 0.3796875 0.33281250000000007 0.4 0.3531250000000001 0.4
1 0.3546875000000001 0.428125 0.3343750000000001 0.428125 0.3343750000000001 0.45 0.3546875000000001 0.45
3 0.3031574752007558 0.2108688592347662 0.30196917808219176 0.15620719178082193 0.1961767831837506 0.15850702645252718 0.1973650803023146 0.21316869390647147
3 0.5609375 0.528125 0.4546875 0.528125 0.4546875 0.5828125 0.5609375 0.5828125
3 0.5016498909163031 0.26557975505751685 0.5012098373661246 0.23433595299484336 0.3855197590241968 0.23596539071796907 0.3859598125743753 0.2672091927806426
3 0.3772961642251349 0.6514119121048574 0.37641914032382423 0.6198390516576715 0.26014601002313026 0.6230688608326909 0.261023033924441 0.6546417212798767
3 0.834375 0.09062500000000011 0.7171875 0.0906250000000001 0.7171875 0.1218750000000001 0.834375 0.1218750000000001
3 0.5453125 0.03750000000000007 0.428125 0.03750000000000006 0.428125 0.07031250000000006 0.5453125 0.07031250000000007
3 0.5140625 0.3234375000000001 0.4078125 0.3234375000000001 0.4078125 0.3781250000000001 0.5140625 0.3781250000000001
3 0.5453125 0.13125000000000006 0.4296875 0.13125000000000003 0.4296875 0.16250000000000003 0.5453125 0.16250000000000006
3 0.5453125 0.08437500000000006 0.4296875 0.08437500000000006 0.4296875 0.11562500000000005 0.5453125 0.11562500000000006
3 0.753125 0.15000000000000008 0.646875 0.15000000000000008 0.646875 0.20468750000000008 0.753125 0.20468750000000008
3 0.3750000000000001 0.5734375 0.2593750000000001 0.5734375 0.2593750000000001 0.60625 0.3750000000000001 0.60625
3 0.95 0.13906250000000012 0.8375 0.1390625000000001 0.8375 0.2078125000000001 0.95 0.2078125000000001
0 0.765625 0.2000000000000001 0.740625 0.2000000000000001 0.740625 0.2765625000000001 0.765625 0.2765625000000001
0 0.8375 0.1687500000000001 0.7515625 0.1687500000000001 0.7515625 0.18125000000000008 0.8375 0.18125000000000008
0 0.71875 0.10468750000000009 0.696875 0.10468750000000009 0.696875 0.15000000000000008 0.71875 0.15000000000000008
0 0.4296875 0.050000000000000044 0.278125 0.050000000000000044 0.278125 0.15781250000000005 0.4296875 0.15781250000000005
0 0.678125 0.045312500000000075 0.546875 0.04531250000000007 0.546875 0.1515625000000001 0.678125 0.1515625000000001
0 0.6765625 0.09218750000000007 0.5484375 0.09218750000000006 0.5484375 0.1531250000000001 0.6765625 0.1531250000000001
0 0.6765625 0.1375000000000001 0.5484375 0.1375000000000001 0.5484375 0.1515625000000001 0.6765625 0.1515625000000001
0 0.6453125 0.17343750000000008 0.2984375 0.17343750000000005 0.2984375 0.18750000000000006 0.6453125 0.18750000000000008
0 0.384375 0.19531250000000006 0.3046875 0.19531250000000006 0.3046875 0.25468750000000007 0.384375 0.25468750000000007
0 0.4515625 0.2656250000000001 0.44375 0.2656250000000001 0.44375 0.32500000000000007 0.4515625 0.32500000000000007
0 0.40625 0.20937500000000003 0.2890625 0.209375 0.2890625 0.35625000000000007 0.40625 0.35625000000000007
0 0.4109375 0.36406250000000007 0.3468750000000001 0.3640625 0.3468750000000001 0.49375 0.4109375 0.49375
0 0.475 0.37968750000000007 0.4484375 0.37968750000000007 0.4484375 0.4 0.475 0.4
0 0.6734375 0.20468750000000008 0.5078125 0.20468750000000008 0.5078125 0.35625000000000007 0.6734375 0.35625000000000007
0 0.7734375 0.20312500000000008 0.7140625 0.20312500000000008 0.7140625 0.5046875000000001 0.7734375 0.5046875000000002
0 0.5140625 0.58125 0.3750000000000001 0.58125 0.3750000000000001 0.6375 0.5140625 0.6375
0 0.2390625 0.2125 0.2203125 0.2125 0.2203125 0.2828125 0.2390625 0.2828125
0 0.259375 0.2125 0.2203125 0.2125 0.22031250000000005 0.403125 0.2593750000000001 0.403125
0 0.7734375 0.20468750000000008 0.6984375 0.20468750000000008 0.6984375 0.5734375 0.7734375 0.5734375000000002
0 0.89375 0.10000000000000009 0.8375 0.10000000000000009 0.8375 0.14218750000000008 0.89375 0.14218750000000008
4 0.8203125 0.2328125000000001 0.7515625 0.2328125000000001 0.7515625 0.25468750000000007 0.8203125 0.25468750000000007
4 0.8296875 0.2875000000000001 0.7421875 0.2875000000000001 0.7421875 0.3062500000000001 0.8296875 0.3062500000000001
4 0.825 0.3453125000000001 0.7640625 0.3453125000000001 0.7640625 0.36406250000000007 0.825 0.36406250000000007
4 0.80625 0.3984375000000001 0.7625 0.3984375000000001 0.7625 0.41718750000000016 0.80625 0.41718750000000016
4 0.834375 0.4593750000000002 0.7375 0.4593750000000002 0.7375 0.4812500000000002 0.834375 0.4812500000000002
4 0.84375 0.5109375000000002 0.7359375 0.5109375000000002 0.7359375 0.5421875000000002 0.84375 0.5421875000000002
4 0.8125 0.5828125000000002 0.765625 0.5828125000000002 0.765625 0.6015625000000002 0.8125 0.6015625000000002
4 0.4703125 0.45 0.38750000000000007 0.45 0.38750000000000007 0.4703125 0.4703125 0.4703125
4 0.4578125 0.40625 0.415625 0.40625 0.415625 0.425 0.4578125 0.425
4 0.3890625000000001 0.409375 0.29375000000000007 0.409375 0.29375000000000007 0.428125 0.3890625000000001 0.428125
4 0.3750000000000001 0.4515625 0.3078125000000001 0.4515625 0.3078125000000001 0.471875 0.3750000000000001 0.471875
4 0.23593750000000008 0.41875 0.15312500000000004 0.41875 0.15312500000000004 0.4375 0.23593750000000008 0.4375
4 0.22343750000000004 0.359375 0.17968750000000006 0.359375 0.17968750000000006 0.378125 0.2234375000000001 0.378125
4 0.221875 0.2984375 0.17968750000000006 0.2984375 0.17968750000000006 0.3171875 0.221875 0.3171875
4 0.228125 0.2453125 0.16875000000000004 0.2453125 0.16875000000000004 0.265625 0.228125 0.265625
4 0.39531250000000007 0.5046875 0.2890625000000001 0.5046875 0.2890625000000001 0.5328125 0.39531250000000007 0.5328125
4 0.4578125 0.5015625 0.4 0.5015625 0.4 0.521875 0.4578125 0.521875