0 0.1578125 0.1640625 0.10625 0.1640625 0.10625 0.1796875 0.1578125 0.1796875
0 0.3953125 0.11406250000000004 0.3 0.11406250000000004 0.3 0.14531250000000004 0.3953125 0.14531250000000004
0 0.4 0.20000000000000004 0.2921875 0.2 0.2921875 0.25468750000000007 0.4 0.25468750000000007
0 0.6203125 0.321875 0.01718750000000004 0.321875 0.017187500000000043 0.35000000000000003 0.6203125 0.3500000000000001
0 0.6265625 0.2328125000000001 0.559375 0.2328125000000001 0.559375 0.2687500000000001 0.6265625 0.2687500000000001
0 0.83125 0.10468750000000009 0.7828125 0.10468750000000009 0.7828125 0.11875000000000009 0.83125 0.11875000000000009
0 0.6046875 0.10937500000000008 0.55625 0.10937500000000008 0.55625 0.12031250000000009 0.6046875 0.12031250000000009
4 0.3734375 0.23281250000000003 0.35 0.2328125 0.35 0.25625000000000003 0.3734375 0.2562500000000001
4 0.371875 0.10625000000000004 0.346875 0.10625000000000004 0.346875 0.12968750000000004 0.371875 0.12968750000000004
4 0.253125 0.3265625 0.228125 0.3265625 0.228125 0.3546875 0.253125 0.3546875
1 0.7859375 0.2218750000000001 0.6140625 0.2218750000000001 0.6140625 0.38750000000000007 0.7859375 0.38750000000000007
3 0.784375 0.08593750000000008 0.6046875 0.08593750000000008 0.6046875 0.1390625000000001 0.784375 0.1390625000000001
3 0.5600928378648542 0.2671418932427029 0.5590644992003199 0.21572496001599353 0.39675442323070775 0.21897116153538582 0.3977827618952419 0.2703880947620952
3 0.5578125 0.09062500000000007 0.3953125 0.09062500000000005 0.3953125 0.14375000000000004 0.5578125 0.14375000000000007
2 0.325599421708185 0.16926935053380782 0.23828180604982205 0.0851857206405694 0.15471863879003556 0.1719628558718861 0.24203625444839855 0.2560464857651245