0 0.90625 0.1765625000000001 0.8546875 0.1765625000000001 0.8546875 0.1937500000000001 0.90625 0.1937500000000001
0 0.7140625 0.11718750000000008 0.6171875 0.11718750000000008 0.6171875 0.1515625000000001 0.7140625 0.1515625000000001
0 0.71875 0.20468750000000008 0.609375 0.20468750000000008 0.609375 0.26250000000000007 0.71875 0.26250000000000007
0 0.9890625 0.31718750000000007 0.3859375 0.31718750000000007 0.38593750000000004 0.3656250000000001 0.9890625 0.3656250000000001
0 0.4515625 0.2296875000000001 0.3828125 0.2296875000000001 0.3828125 0.2671875000000001 0.4515625 0.2671875000000001
0 0.23125 0.09375000000000003 0.1828125 0.09375000000000003 0.1828125 0.10937500000000004 0.23125 0.10937500000000004
0 0.4578125 0.10625000000000004 0.409375 0.10625000000000004 0.409375 0.11875000000000005 0.4578125 0.11875000000000005
4 0.6609375 0.2375000000000001 0.6359375 0.2375000000000001 0.6359375 0.26250000000000007 0.6609375 0.26250000000000007
4 0.6671875 0.11093750000000009 0.6421875 0.11093750000000009 0.6421875 0.1359375000000001 0.6671875 0.1359375000000001
4 0.778125 0.3343750000000001 0.753125 0.3343750000000001 0.753125 0.3625000000000001 0.778125 0.3625000000000001
1 0.39531250000000007 0.21250000000000005 0.21875 0.2125 0.21875000000000006 0.384375 0.39531250000000007 0.3843750000000001
3 0.4097949498567336 0.08444931948424073 0.22901235673352435 0.0752569842406877 0.22631670845272206 0.12827140042979945 0.40709930157593127 0.1374637356733525
3 0.6121011788102375 0.2221055741295827 0.4502035537237722 0.21340140073783725 0.44748710225962646 0.2639273979709477 0.6093847273460918 0.27263157136269317
3 0.618901070441989 0.09556716160221002 0.45512776243093944 0.08694751381215476 0.45233943370165763 0.13992575966850834 0.6161127417127072 0.14854540745856362
2 0.855447168508287 0.18244129834254158 0.774723756906077 0.09274861878453051 0.6844267955801102 0.17401588397790063 0.7651502071823202 0.2637085635359117