0 0.1625 0.159375 0.1109375 0.159375 0.1109375 0.1734375 0.1625 0.1734375
0 0.4015625 0.11250000000000004 0.30625 0.11250000000000004 0.30625 0.14218750000000005 0.4015625 0.14218750000000005
0 0.403125 0.19843750000000004 0.296875 0.19843750000000004 0.296875 0.2515625 0.403125 0.2515625000000001
0 0.621875 0.32343750000000004 0.02031250000000004 0.3234375 0.020312500000000042 0.34062500000000007 0.621875 0.34062500000000007
0 0.6296875 0.23593750000000008 0.5640625 0.23593750000000008 0.5640625 0.27031250000000007 0.6296875 0.27031250000000007
0 0.8390625 0.11093750000000009 0.790625 0.11093750000000009 0.790625 0.12343750000000009 0.8390625 0.12343750000000009
0 0.6109375 0.11093750000000009 0.5640625 0.11093750000000009 0.5640625 0.12031250000000009 0.6109375 0.12031250000000009
4 0.378125 0.23125000000000004 0.3546875 0.23125 0.3546875 0.25468750000000007 0.378125 0.25468750000000007
4 0.378125 0.10312500000000005 0.353125 0.10312500000000005 0.353125 0.12656250000000005 0.378125 0.12656250000000005
4 0.25625 0.321875 0.23125 0.321875 0.23125 0.3484375 0.25625 0.3484375
1 0.7875 0.22656250000000008 0.61875 0.22656250000000008 0.61875 0.3890625000000001 0.7875 0.3890625000000001
3 0.790625 0.0906250000000001 0.6109375 0.09062500000000008 0.6109375 0.14218750000000008 0.790625 0.14218750000000008
3 0.5625 0.2171875000000001 0.4015625 0.2171875000000001 0.4015625 0.2671875000000001 0.5625 0.2671875000000001
3 0.5640625 0.09062500000000005 0.4015625 0.09062500000000004 0.4015625 0.14218750000000008 0.5640625 0.14218750000000008
2 0.3304391375545852 0.16480021834061137 0.2437502729257642 0.07971670305676858 0.1601421943231441 0.16490229257641925 0.2468310589519651 0.24998580786026206