2 0.31015625 0.22265625000000006 0.209375 0.12187500000000004 0.11015625000000002 0.22109375000000003 0.21093750000000006 0.321875
3 0.6625 0.34843750000000007 0.4453125 0.34843750000000007 0.4453125 0.4140625 0.6625 0.4140625
3 0.7078125 0.12656250000000008 0.4015625 0.12656250000000005 0.4015625 0.19218750000000007 0.7078125 0.1921875000000001
4 0.371875 0.15000000000000005 0.3390625 0.15000000000000005 0.3390625 0.17187500000000006 0.371875 0.17187500000000006
4 0.3687500000000001 0.37031250000000004 0.3421875000000001 0.3703125 0.3421875000000001 0.3921875 0.3687500000000001 0.3921875000000001
4 0.2218750000000001 0.5046875 0.19687500000000005 0.5046875 0.19687500000000005 0.53125 0.2218750000000001 0.53125
0 0.11093750000000005 0.2125 0.050000000000000024 0.2125 0.050000000000000024 0.23125 0.11093750000000005 0.23125
0 0.4015625 0.15156250000000004 0.28125 0.15156250000000004 0.28125 0.19218750000000004 0.4015625 0.19218750000000004
0 0.7671875 0.15000000000000008 0.70625 0.15000000000000008 0.70625 0.1671875000000001 0.7671875 0.1671875000000001
0 0.4453125 0.27187500000000003 0.25625 0.271875 0.25625000000000003 0.39062500000000006 0.4453125 0.3906250000000001
0 0.7875 0.3734375000000001 0.6640625 0.3734375000000001 0.6640625 0.4140625000000001 0.7875 0.41406250000000017