2 0.9028707020057306 0.2414595272206304 0.80754835243553 0.1359240687679084 0.7010968839541547 0.23207378223495714 0.7964192335243553 0.3376092406876791
3 0.561136049723757 0.3509150552486188 0.34340037983425414 0.3394552831491712 0.33989122928176796 0.40612914364640884 0.5576268991712707 0.4175889157458565
3 0.6170821068124475 0.13132569386038692 0.3112718145500421 0.11543944491169053 0.30778358915054677 0.18258778385197655 0.6135938814129521 0.19847403280067294
4 0.6796875 0.15625000000000008 0.6453125 0.15625000000000008 0.6453125 0.17968750000000008 0.6796875 0.17968750000000008
4 0.665625 0.3781250000000001 0.6375 0.3781250000000001 0.6375 0.4015625 0.665625 0.4015625
4 0.8015625 0.5187500000000002 0.7765625 0.5187500000000002 0.7765625 0.5468750000000002 0.8015625 0.5468750000000002
0 0.965625 0.23437500000000008 0.903125 0.23437500000000008 0.903125 0.2562500000000001 0.965625 0.2562500000000001
0 0.7375 0.15781250000000008 0.615625 0.15781250000000008 0.615625 0.20468750000000008 0.7375 0.20468750000000008
0 0.3125 0.13750000000000004 0.2515625 0.13750000000000004 0.2515625 0.15781250000000005 0.3125 0.15781250000000005
0 0.75625 0.2750000000000001 0.5609375 0.2750000000000001 0.5609375 0.40312500000000007 0.75625 0.4031250000000002
0 0.34375000000000006 0.359375 0.2171875 0.359375 0.21718750000000003 0.40625 0.3437500000000001 0.40625