2 0.332162610619469 0.20974834070796464 0.2376935840707964 0.1017837389380531 0.13050331858407077 0.19557522123893806 0.22497234513274336 0.30353982300884963
3 0.674673409438288 0.3615859046618266 0.45649957011845615 0.34447423098968294 0.45130755636224684 0.41067240638135266 0.6694813956820787 0.4277840800534964
3 0.7336928934010152 0.14236199238578684 0.4283312182741117 0.12055044416243658 0.4235723350253807 0.1871748096446701 0.7289340101522843 0.20898635786802036
4 0.396875 0.13906250000000003 0.3625 0.13906250000000003 0.3625 0.16250000000000003 0.396875 0.16250000000000003
4 0.37812500000000004 0.35937500000000006 0.35 0.359375 0.35000000000000003 0.384375 0.3781250000000001 0.3843750000000001
4 0.2218750000000001 0.4828125 0.19531250000000006 0.4828125 0.19531250000000006 0.5109375 0.2218750000000001 0.5109375
0 0.13281250000000006 0.1828125 0.07031250000000003 0.1828125 0.07031250000000003 0.2046875 0.13281250000000006 0.2046875
0 0.4265625 0.13750000000000004 0.303125 0.13750000000000004 0.303125 0.18750000000000006 0.4265625 0.18750000000000006
0 0.790625 0.16562500000000008 0.7296875 0.16562500000000008 0.7296875 0.1859375000000001 0.790625 0.1859375000000001
0 0.4625 0.25625000000000003 0.265625 0.25625 0.26562500000000006 0.38750000000000007 0.4625 0.38750000000000007
0 0.796875 0.3859375000000001 0.6703125 0.3859375000000001 0.6703125 0.43437500000000007 0.796875 0.4343750000000002