3 0.3375 0.3421875 0.11562500000000005 0.3421875 0.11562500000000005 0.446875 0.3375000000000001 0.446875
3 0.65625 0.3359375000000001 0.4421875 0.3359375000000001 0.4421875 0.4390625 0.65625 0.4390625
4 0.15625000000000006 0.5328125 0.0031250000000000652 0.5328125 0.003125000000000068 0.5796875 0.15625000000000008 0.5796875
4 0.2968750000000001 0.5296875 0.16562500000000005 0.5296875 0.16562500000000008 0.578125 0.2968750000000001 0.578125
4 0.41875 0.525 0.3281250000000001 0.525 0.3281250000000001 0.571875 0.41875 0.571875
4 0.5953125 0.528125 0.440625 0.528125 0.440625 0.5734375 0.5953125 0.5734375
4 0.7703125 0.4750000000000001 0.665625 0.475 0.665625 0.5234375000000001 0.7703125 0.5234375000000002
4 0.803125 0.5828125000000001 0.671875 0.5828125 0.671875 0.6265625000000001 0.803125 0.6265625000000001
4 0.4546875 0.21406250000000004 0.2546875 0.2140625 0.2546875 0.259375 0.4546875 0.2593750000000001
3 0.859375 0.1312500000000001 0.6359375 0.1312500000000001 0.6359375 0.2328125000000001 0.859375 0.2328125000000001
0 0.12812500000000004 0.3875 0.006250000000000047 0.3875 0.006250000000000049 0.40625 0.12812500000000004 0.40625
0 0.45625 0.38125000000000003 0.3343750000000001 0.38125 0.3343750000000001 0.4015625 0.45625 0.4015625
0 0.6421875 0.17968750000000008 0.5859375 0.17968750000000008 0.5859375 0.34062500000000007 0.6421875 0.34062500000000007