3 0.3375 0.3390625 0.11875000000000005 0.3390625 0.11875000000000005 0.440625 0.3375000000000001 0.440625
3 0.65625 0.3390625000000001 0.4453125 0.3390625000000001 0.4453125 0.4390625 0.65625 0.4390625
4 0.15468750000000006 0.5265625 0.003125000000000064 0.5265625 0.0031250000000000665 0.5703125 0.1546875000000001 0.5703125
4 0.2953125000000001 0.525 0.16406250000000006 0.525 0.16406250000000006 0.571875 0.2953125000000001 0.571875
4 0.4171875 0.5234375 0.3265625000000001 0.5234375 0.3265625000000001 0.56875 0.4171875 0.56875
4 0.5953125 0.5296875 0.440625 0.5296875 0.440625 0.571875 0.5953125 0.571875
4 0.7703125 0.4796875000000001 0.6671875 0.4796875 0.6671875 0.5250000000000001 0.7703125 0.5250000000000001
4 0.8015625 0.5875000000000001 0.6703125 0.5875 0.6703125 0.6296875000000001 0.8015625 0.6296875000000002
4 0.459375 0.21250000000000005 0.259375 0.2125 0.259375 0.25468750000000007 0.459375 0.25468750000000007
3 0.8640625 0.1375000000000001 0.6421875 0.1375000000000001 0.6421875 0.23593750000000008 0.8640625 0.23593750000000008
0 0.12968750000000004 0.3796875 0.007812500000000047 0.3796875 0.007812500000000049 0.396875 0.12968750000000004 0.396875
0 0.4578125 0.38125000000000003 0.3359375000000001 0.38125 0.3359375000000001 0.39843750000000006 0.4578125 0.3984375000000001
0 0.64375 0.18125000000000008 0.590625 0.18125000000000008 0.590625 0.3421875000000001 0.64375 0.3421875000000001