3 0.33437500000000003 0.3515625 0.10781250000000005 0.3515625 0.10781250000000005 0.4671875 0.3343750000000001 0.4671875
3 0.653125 0.3281250000000001 0.434375 0.3281250000000001 0.434375 0.4421875 0.653125 0.4421875
4 0.1609375000000001 0.55 0.006250000000000066 0.55 0.006250000000000071 0.6046875 0.1609375000000001 0.6046875
4 0.3000000000000001 0.540625 0.16718750000000004 0.540625 0.16718750000000007 0.5953125 0.3000000000000001 0.5953125
4 0.4234375 0.5296875 0.3296875000000001 0.5296875 0.3296875000000001 0.5796875 0.4234375 0.5796875
4 0.6 0.521875 0.4421875 0.521875 0.4421875 0.575 0.6 0.575
4 0.771875 0.4609375000000001 0.665625 0.4609375 0.665625 0.5140625000000001 0.771875 0.5140625000000002
4 0.8109375 0.5671875000000001 0.6765625 0.5671875 0.6765625 0.6171875000000001 0.8109375 0.6171875000000002
4 0.4421875 0.21562500000000004 0.2390625 0.215625 0.2390625 0.27187500000000003 0.4421875 0.2718750000000001
3 0.8453125 0.1140625000000001 0.6171875 0.1140625000000001 0.6171875 0.22656250000000008 0.8453125 0.22656250000000008
0 0.12187500000000004 0.40625 4.975127621536122e-17 0.40625 5.128208471429542e-17 0.43125 0.12187500000000004 0.43125
0 0.45 0.384375 0.3281250000000001 0.384375 0.3281250000000001 0.4109375 0.45 0.4109375
0 0.6328125 0.17187500000000008 0.56875 0.17187500000000008 0.56875 0.3359375000000001 0.6328125 0.3359375000000001