0 0.740625 0.27343750000000006 0.14843750000000006 0.2734375 0.14843750000000006 0.6234375000000001 0.740625 0.6234375000000002
0 0.6890625 0.33281250000000007 0.6203125 0.33281250000000007 0.6203125 0.3593750000000001 0.6890625 0.3593750000000001
0 0.7515625 0.2515625 0.14687500000000003 0.2515625 0.14687500000000003 0.4203125000000001 0.7515625 0.4203125000000002
0 0.7703125 0.20937500000000003 0.14531250000000004 0.209375 0.14531250000000004 0.33125000000000004 0.7703125 0.3312500000000001
0 0.7921875 0.20468750000000005 0.14218750000000005 0.2046875 0.14218750000000005 0.32812500000000006 0.7921875 0.3281250000000001
0 0.15000000000000008 0.71875 0.10000000000000009 0.71875 0.10000000000000009 0.7734375 0.15000000000000008 0.7734375
0 0.5718750000000001 0.846875 0.47656250000000017 0.846875 0.47656250000000017 0.8921875 0.5718750000000001 0.8921875
0 0.7296875000000002 0.8796875 0.5843750000000002 0.8796875 0.5843750000000002 0.9375 0.7296875000000002 0.9375
0 0.40937500000000016 0.821875 0.1750000000000001 0.821875 0.1750000000000001 0.9453125 0.40937500000000016 0.9453125
0 0.88125 0.7750000000000001 0.8328125 0.7750000000000001 0.8328125 0.834375 0.88125 0.834375
0 0.11875000000000006 0.5328125 0.07343750000000007 0.5328125 0.07343750000000007 0.5859375 0.11875000000000009 0.5859375
0 0.07656250000000002 0.14375 0.014062500000000016 0.14375 0.01406250000000002 0.19375 0.07656250000000002 0.19375
3 0.828125 0.2875000000000001 0.6921875 0.2875000000000001 0.6921875 0.3921875000000001 0.828125 0.3921875000000001
3 0.14687500000000003 0.1875 0.006250000000000022 0.1875 0.006250000000000028 0.2828125 0.14687500000000003 0.2828125
3 0.15937500000000004 0.3859375 0.01562500000000005 0.3859375 0.015625000000000056 0.4859375 0.15937500000000004 0.4859375
3 0.1703125000000001 0.5796875 0.026562500000000065 0.5796875 0.02656250000000008 0.68125 0.1703125000000001 0.68125
3 0.1765625000000001 0.76875 0.03750000000000009 0.76875 0.0375000000000001 0.8671875 0.1765625000000001 0.8671875
3 0.5875000000000001 0.8875 0.4078125000000002 0.8875 0.4078125000000002 0.990625 0.5875000000000001 0.990625
3 0.9453125 0.8296875 0.7234375000000002 0.8296875 0.7234375000000002 0.9328125 0.9453125 0.9328125