0 0.7359375 0.28593750000000007 0.15937500000000004 0.2859375 0.15937500000000007 0.6062500000000001 0.7359375 0.6062500000000002
0 0.696875 0.3437500000000001 0.6296875 0.3437500000000001 0.6296875 0.3656250000000001 0.696875 0.3656250000000001
0 0.7578125 0.26406250000000003 0.15937500000000004 0.2640625 0.15937500000000004 0.40312500000000007 0.7578125 0.4031250000000002
0 0.78125 0.22343750000000004 0.15937500000000004 0.2234375 0.15937500000000004 0.31250000000000006 0.78125 0.3125000000000001
0 0.8015625 0.22031250000000005 0.15625000000000006 0.2203125 0.15625000000000006 0.30937500000000007 0.8015625 0.30937500000000007
0 0.1359375000000001 0.7 0.08906250000000009 0.7 0.08906250000000009 0.7515625 0.1359375000000001 0.7515625
0 0.5515625000000002 0.85 0.4578125000000002 0.85 0.4578125000000002 0.890625 0.5515625000000002 0.890625
0 0.7062500000000002 0.890625 0.5640625000000001 0.890625 0.5640625000000001 0.940625 0.7062500000000002 0.940625
0 0.38750000000000007 0.8171875 0.1593750000000001 0.8171875 0.1593750000000001 0.928125 0.38750000000000007 0.928125
0 0.8625 0.7937500000000002 0.8171875 0.7937500000000002 0.8171875 0.85 0.8625 0.85
0 0.11562500000000006 0.5125 0.07343750000000007 0.5125 0.07343750000000007 0.5625 0.11562500000000009 0.5625
0 0.09375000000000003 0.121875 0.03281250000000001 0.121875 0.032812500000000015 0.16875 0.09375000000000003 0.16875
3 0.8328125 0.3046875000000001 0.7015625 0.3046875000000001 0.7015625 0.40312500000000007 0.8328125 0.4031250000000002
3 0.15937500000000002 0.16875 0.02343750000000002 0.16875 0.023437500000000028 0.25625 0.15937500000000004 0.25625
3 0.16093750000000004 0.3671875 0.021875000000000044 0.3671875 0.02187500000000005 0.459375 0.16093750000000004 0.459375
3 0.1609375000000001 0.5625 0.021875000000000068 0.5625 0.02187500000000007 0.65625 0.1609375000000001 0.65625
3 0.15781250000000008 0.75 0.023437500000000094 0.75 0.0234375000000001 0.8421875 0.15781250000000008 0.8421875
3 0.5625000000000002 0.890625 0.38750000000000007 0.890625 0.38750000000000007 0.984375 0.5625000000000002 0.984375
3 0.9234375 0.8515625 0.7046875000000001 0.8515625 0.7046875000000001 0.94375 0.9234375 0.94375