0 0.84375 0.27968750000000003 0.2609375 0.2796875 0.26093750000000004 0.6093750000000001 0.84375 0.6093750000000002
0 0.36875 0.34687500000000004 0.3015625 0.346875 0.30156250000000007 0.37031250000000004 0.3687500000000001 0.3703125000000001
0 0.8390625 0.259375 0.2390625 0.259375 0.23906250000000004 0.4078125000000001 0.8390625 0.4078125000000002
0 0.8390625 0.21718750000000003 0.215625 0.2171875 0.215625 0.31718750000000007 0.8390625 0.31718750000000007
0 0.840625 0.21406250000000004 0.19375000000000003 0.2140625 0.19375000000000003 0.31562500000000004 0.840625 0.3156250000000001
0 0.915625 0.6921875000000002 0.8671875 0.6921875000000002 0.8671875 0.7453125000000002 0.915625 0.7453125000000002
0 0.5500000000000002 0.8484375 0.45625000000000016 0.8484375 0.45625000000000016 0.890625 0.5500000000000002 0.890625
0 0.44531250000000017 0.8921875 0.30156250000000007 0.8921875 0.30156250000000007 0.9453125 0.44531250000000017 0.9453125
0 0.8484375 0.8109375 0.6187500000000001 0.8109375 0.6187500000000001 0.9265625 0.8484375 0.9265625
0 0.18906250000000008 0.8 0.14218750000000008 0.8 0.14218750000000008 0.8578125 0.18906250000000008 0.8578125
0 0.9296875 0.5046875000000002 0.8859375 0.5046875000000002 0.8859375 0.5562500000000001 0.9296875 0.5562500000000001
0 0.9609375 0.11406250000000011 0.9 0.1140625000000001 0.9 0.16250000000000012 0.9609375 0.16250000000000014
3 0.29687500000000006 0.309375 0.16406250000000006 0.309375 0.16406250000000006 0.409375 0.2968750000000001 0.409375
3 0.971875 0.16093750000000012 0.834375 0.1609375000000001 0.834375 0.2515625000000001 0.971875 0.2515625000000001
3 0.978125 0.3593750000000001 0.8375 0.3593750000000001 0.8375 0.4546875000000002 0.978125 0.4546875000000002
3 0.98125 0.5546875000000002 0.840625 0.5546875000000002 0.840625 0.6515625000000002 0.98125 0.6515625000000002
3 0.9828125 0.7421875000000002 0.846875 0.7421875000000002 0.846875 0.8359375 0.9828125 0.8359375
3 0.6218750000000002 0.8890625 0.4437500000000002 0.8890625 0.4437500000000002 0.9859375 0.6218750000000002 0.9859375
3 0.3031250000000001 0.85625 0.08281250000000011 0.85625 0.08281250000000011 0.9515625 0.3031250000000001 0.9515625