3 0.7378238943281566 0.7193608625928427 0.5536548362592842 0.7129363605671843 0.5504410027008777 0.80506625590817 0.7346100607697501 0.8114907579338284
3 0.8900158254557728 0.013296336934503794 0.6892608457123564 0.00629325624577996 0.6855102126941255 0.11381140276839981 0.8862651924375419 0.12081448345712364
3 0.510462333518313 0.5517549944506104 0.287324847391787 0.5443170782463929 0.2843056326304107 0.6348935210876803 0.5074431187569368 0.6423314372918979
0 0.2312500000000001 0.3875 0.09062500000000004 0.3875 0.09062500000000005 0.4875 0.2312500000000001 0.4875
0 0.2453125 0.17500000000000002 0.103125 0.175 0.10312500000000002 0.275 0.2453125 0.275
0 0.2453125 2.1335643453895294e-17 0.103125 1.262917011620708e-17 0.103125 0.08593750000000003 0.2453125 0.08593750000000003
4 0.8078125 0.6562500000000001 0.70625 0.65625 0.70625 0.6953125000000001 0.8078125 0.6953125000000002
4 0.7703125000000002 0.8703125 0.6781250000000002 0.8703125 0.6781250000000002 0.925 0.7703125000000002 0.925
4 0.31562500000000004 0.33125 0.209375 0.33125 0.20937500000000003 0.36875 0.3156250000000001 0.36875
4 0.2953125 0.12187500000000004 0.2359375 0.12187500000000004 0.2359375 0.15781250000000005 0.2953125 0.15781250000000005
0 0.5578125 0.6359375 0.3906250000000001 0.6359375 0.3906250000000001 0.7609375 0.5578125000000002 0.7609375
0 0.3687500000000001 0.4328125 0.2250000000000001 0.4328125 0.2250000000000001 0.5484375 0.3687500000000001 0.5484375
0 0.39843750000000006 0.23125000000000004 0.2296875 0.23125 0.22968750000000004 0.5484375 0.3984375000000001 0.5484375
0 0.6875 0.03125000000000006 0.240625 0.031250000000000035 0.240625 0.06406250000000005 0.6875 0.06406250000000009