3 0.4375000000000001 0.7109375 0.25468750000000007 0.7109375 0.25468750000000007 0.8015625 0.43750000000000017 0.8015625
3 0.3265625 2.870265935501609e-17 0.1265625 1.645619136354256e-17 0.1265625 0.10625000000000002 0.3265625 0.10625000000000004
3 0.709375 0.5515625 0.4875 0.5515625 0.4875 0.640625 0.709375 0.640625
0 0.9109375 0.40156250000000016 0.7734375 0.40156250000000016 0.7734375 0.4968750000000002 0.9109375 0.4968750000000002
0 0.9046875 0.18906250000000008 0.7671875 0.18906250000000008 0.7671875 0.2843750000000001 0.9046875 0.2843750000000001
0 0.9109375 0.001562500000000103 0.771875 0.0015625000000000944 0.771875 0.0953125000000001 0.9109375 0.0953125000000001
4 0.2875000000000001 0.6484375 0.18750000000000008 0.6484375 0.18750000000000008 0.684375 0.2875000000000001 0.684375
4 0.3078125000000001 0.8640625 0.2171875000000001 0.8640625 0.2171875000000001 0.915625 0.3078125000000001 0.915625
4 0.7953125 0.34062500000000007 0.690625 0.34062500000000007 0.690625 0.3750000000000001 0.7953125 0.3750000000000001
4 0.7765625 0.1312500000000001 0.71875 0.1312500000000001 0.71875 0.16562500000000008 0.7765625 0.16562500000000008
0 0.6015625000000001 0.6390625 0.4390625 0.6390625 0.4390625000000001 0.759375 0.6015625000000002 0.759375
0 0.7734375 0.44218750000000007 0.6328125 0.4421875 0.6328125 0.5515625000000001 0.7734375 0.5515625000000002
0 0.76875 0.2390625000000001 0.6109375 0.2390625000000001 0.6109375 0.5515625000000001 0.76875 0.5515625000000002
0 0.775 0.04062500000000007 0.328125 0.04062500000000004 0.328125 0.057812500000000065 0.775 0.057812500000000086