3 0.7330151184538652 0.7225101309226932 0.5490999064837905 0.7133143703241895 0.5445059226932669 0.8051940461346634 0.7284211346633416 0.8143898067331671
3 0.8982994552327306 0.0193355321672103 0.6969792284316633 0.008922416987844734 0.6914189890305367 0.11642037874295888 0.8927392158316039 0.12683349392232443
3 0.5088915745856355 0.5513725828729282 0.2868093922651934 0.539684046961326 0.2820485151933702 0.6301407113259669 0.5041306975138122 0.6418292472375693
0 0.2328125000000001 0.3796875 0.09062500000000004 0.3796875 0.09062500000000005 0.4828125 0.2328125000000001 0.4828125
0 0.25 0.16718750000000002 0.10625 0.1671875 0.10625000000000002 0.2703125 0.25 0.2703125
0 0.2546875 2.2388074296912548e-17 0.1109375 1.358592542804095e-17 0.1109375 0.08125000000000002 0.2546875 0.08125000000000002
4 0.8046875 0.659375 0.7015625 0.659375 0.7015625 0.7000000000000001 0.8046875 0.7000000000000002
4 0.7640625000000002 0.8734375 0.6703125000000002 0.8734375 0.6703125000000002 0.9296875 0.7640625000000002 0.9296875
4 0.31875000000000003 0.325 0.2109375 0.325 0.21093750000000006 0.365625 0.3187500000000001 0.365625
4 0.3015625 0.11718750000000004 0.2421875 0.11718750000000004 0.2421875 0.15468750000000003 0.3015625 0.15468750000000003
0 0.5546875000000001 0.634375 0.3859375000000001 0.634375 0.3859375000000001 0.7625 0.5546875000000002 0.7625
0 0.37187500000000007 0.428125 0.2250000000000001 0.428125 0.2250000000000001 0.5453125 0.37187500000000007 0.5453125
0 0.403125 0.22500000000000003 0.2296875 0.225 0.22968750000000004 0.5453125 0.403125 0.5453125
0 0.6953125 0.026562500000000062 0.2484375 0.026562500000000034 0.2484375 0.06718750000000005 0.6953125 0.0671875000000001