3 0.25468750000000007 0.5640625 0.12343750000000009 0.5640625 0.12343750000000009 0.6515625 0.25468750000000007 0.6515625
3 0.2562500000000001 0.3859375 0.12343750000000005 0.3859375 0.12343750000000005 0.475 0.2562500000000001 0.475
1 0.6688970588235295 0.4134007352941177 0.6267095588235294 0.4040257352941177 0.6171139705882354 0.44720588235294123 0.6593014705882354 0.45658088235294125
1 0.6546875 0.6703125 0.609375 0.6703125 0.609375 0.7140625 0.6546875 0.7140625
1 0.6626404494382022 0.5344627808988764 0.625 0.5109375 0.6012113764044944 0.5489992977528091 0.6388518258426966 0.5725245786516855
4 0.6828125 0.45625 0.5953125 0.45625 0.5953125 0.496875 0.6828125 0.496875
4 0.725 0.578125 0.546875 0.578125 0.546875 0.6140625 0.725 0.6140625
4 0.7281250000000001 0.7203125000000001 0.55 0.7203125 0.55 0.7765625 0.7281250000000001 0.7765625000000002
2 0.4453125000000001 0.6078125000000001 0.4101562500000001 0.5726562500000001 0.37578125000000007 0.6070312500000001 0.41093750000000007 0.6421875000000001
0 0.6203125 0.41875 0.2562500000000001 0.41875 0.2562500000000001 0.440625 0.6203125 0.440625
0 0.3781250000000001 0.596875 0.2578125000000001 0.596875 0.2578125000000001 0.6171875 0.3781250000000001 0.6171875
0 0.6078125 0.5328125 0.40625 0.5328125 0.40625 0.575 0.6078125 0.575
0 0.6078125 0.640625 0.4046875 0.640625 0.4046875 0.7015625 0.6078125 0.7015625