3 0.8751569465081724 0.5705846025260031 0.7435958395245171 0.568316307578009 0.7420602711738484 0.6573792719167906 0.8736213781575037 0.6596475668647847
3 0.8783060921248144 0.39262165676077276 0.7441326151560179 0.3903083209509659 0.7425724368499258 0.4807986627043091 0.8767459138187222 0.483111998514116
1 0.382391826923077 0.4463341346153847 0.37367788461538465 0.40276442307692306 0.33131009615384616 0.41123798076923085 0.3400240384615385 0.4548076923076924
1 0.3859375000000001 0.66875 0.34062500000000007 0.66875 0.34062500000000007 0.7125 0.3859375000000001 0.7125
1 0.39563577586206905 0.5273168103448276 0.35414870689655176 0.5107219827586207 0.33766163793103454 0.5519396551724137 0.3791487068965518 0.5685344827586206
4 0.40625 0.4546875 0.31718750000000007 0.4546875 0.31718750000000007 0.4953125 0.40625 0.4953125
4 0.4515625 0.575 0.2734375000000001 0.575 0.2734375000000001 0.6140625 0.4515625 0.6140625
4 0.4468750000000001 0.7171875 0.2671875000000001 0.7171875 0.2671875000000001 0.7765625 0.4468750000000002 0.7765625
2 0.6215920676998368 0.6099026305057096 0.5882264477977162 0.5745743270799348 0.5515675978792822 0.6091965742251224 0.5849332177814028 0.6445248776508972
0 0.7453125 0.4171875000000001 0.3812500000000001 0.4171875 0.3812500000000001 0.4453125000000001 0.7453125 0.44531250000000017
0 0.7421875 0.6000000000000001 0.621875 0.6 0.621875 0.6218750000000001 0.7421875 0.6218750000000002
0 0.59375 0.53125 0.3906250000000001 0.53125 0.3906250000000001 0.5765625 0.59375 0.5765625
0 0.59375 0.6390625 0.3890625000000001 0.6390625 0.3890625000000001 0.7046875 0.59375 0.7046875