3 0.25422062327082695 0.5554934867814325 0.12157143406086697 0.5508391292652935 0.1184483553642792 0.6398468721180448 0.2510975445742393 0.6445012296341839
3 0.2618665540540542 0.3774493243243244 0.12748018451143456 0.3731142801455302 0.12456633316008323 0.4634436720374221 0.2589527027027028 0.46777871621621625
1 0.67084375 0.45528124999999997 0.6646249999999999 0.41175000000000006 0.6213124999999999 0.4179375 0.62753125 0.46146875
1 0.6570913461538461 0.7036057692307692 0.6325721153846154 0.666826923076923 0.5954326923076924 0.6915865384615384 0.619951923076923 0.7283653846153846
1 0.6594288793103448 0.533459051724138 0.6192887931034482 0.5174030172413794 0.6025862068965517 0.5591594827586207 0.6427262931034482 0.5752155172413793
4 0.684375 0.4609375 0.5953125 0.4609375 0.5953125 0.503125 0.684375 0.503125
4 0.7234375 0.5796875 0.54375 0.5796875 0.54375 0.621875 0.7234375 0.621875
4 0.7203125000000001 0.721875 0.540625 0.721875 0.5406250000000001 0.784375 0.7203125000000001 0.784375
2 0.4421824021207178 0.6064284257748775 0.40773348287112565 0.5699530995106036 0.3723592985318108 0.6033620513866232 0.40680821778140297 0.6398373776508972
0 0.6234375 0.4109375 0.2593750000000001 0.4109375 0.2593750000000001 0.4453125 0.6234375 0.4453125
0 0.3734375000000001 0.5890625 0.2531250000000001 0.5890625 0.2531250000000001 0.6140625 0.3734375000000001 0.6140625
0 0.6078125 0.528125 0.4046875 0.528125 0.4046875 0.578125 0.6078125 0.578125
0 0.603125 0.6375 0.3968750000000001 0.6375 0.3968750000000001 0.70625 0.603125 0.70625