3 0.7794974434876212 0.5337341899892358 0.775264060818084 0.47305570505920347 0.6864883275026911 0.47924936087190523 0.6907217101722282 0.5399278458019376
3 0.3205345812182741 0.5093591370558376 0.31620399746192895 0.44873096446700506 0.22581694162436547 0.45518718274111675 0.23014752538071065 0.5158153553299493
3 0.8562877155172414 0.3631411637931034 0.8526346982758619 0.30103987068965515 0.7624137931034481 0.30634698275862066 0.7660668103448275 0.36844827586206896
3 0.4515818420344456 0.6992355691603875 0.4474518972012917 0.6400396932185145 0.3572658772874058 0.6463317411194833 0.3613958221205597 0.7055276170613564
3 0.6595680732484077 0.544468550955414 0.6574144108280254 0.48416600318471337 0.5691341560509554 0.4873188694267515 0.5712878184713376 0.5476214171974522
1 0.19140625 0.48984375 0.17031250000000003 0.4687500000000001 0.14921875000000004 0.4898437500000001 0.1703125 0.5109375
1 0.9178125000000001 0.33406250000000004 0.9046875 0.3078125 0.8784375000000001 0.32093750000000004 0.8915625 0.3471875000000001
1 0.8395931603773585 0.49189268867924535 0.8117334905660378 0.48393278301886805 0.8039504716981133 0.5111733490566038 0.831810141509434 0.5191332547169811
1 0.5484375 0.5265625 0.5332720588235295 0.5012867647058824 0.5077665441176471 0.5165900735294118 0.5229319852941176 0.5418658088235293
2 0.13136432926829275 0.5510289634146341 0.10621189024390247 0.5309070121951219 0.08624237804878047 0.5558689024390244 0.11139481707317075 0.5759908536585366
2 0.4863185975609755 0.5237423780487804 0.4602134146341463 0.5028582317073169 0.43978658536585363 0.5283917682926829 0.46589176829268286 0.5492759146341463
2 0.05810237556561093 0.5576498868778281 0.032593325791855234 0.5344598416289592 0.010958710407239858 0.5582579185520362 0.036467760180995554 0.581447963800905
2 0.3820312500000001 0.5320312500000001 0.3593750000000001 0.5093750000000001 0.3343750000000001 0.534375 0.3570312500000001 0.5570312500000001
0 0.884375 0.3218750000000001 0.8546875 0.3218750000000001 0.8546875 0.3359375000000001 0.884375 0.3359375000000001
0 0.8265625 0.3625000000000001 0.80625 0.3625000000000001 0.80625 0.4859375000000002 0.8265625 0.4859375000000002
0 0.8078125 0.49531250000000016 0.778125 0.49531250000000016 0.778125 0.5093750000000001 0.8078125 0.5093750000000001
0 0.6890625 0.5046875 0.6609375 0.5046875 0.6609375 0.5171875 0.6890625 0.5171875
0 0.571875 0.5140625 0.5453125 0.5140625 0.5453125 0.525 0.571875 0.525
0 0.515625 0.5171875 0.4875 0.5171875 0.4875 0.5296875 0.515625 0.5296875
0 0.44375 0.5203125 0.37968750000000007 0.5203125 0.37968750000000007 0.5390625 0.44375 0.5390625
0 0.48125 0.546875 0.4421875 0.546875 0.4421875 0.675 0.48125 0.675
0 0.3609375000000001 0.5578125 0.032812500000000064 0.5578125 0.03281250000000008 0.7015625 0.3609375000000001 0.7015625
0 0.3609375000000001 0.4703125 0.3187500000000001 0.4703125 0.3187500000000001 0.5140625 0.3609375000000001 0.5140625
0 0.3671875000000001 0.5546875 0.1062500000000001 0.5546875 0.1062500000000001 0.6078125 0.3671875000000001 0.6078125
0 0.2296875000000001 0.4796875 0.18593750000000003 0.4796875 0.18593750000000003 0.49375 0.2296875000000001 0.49375
0 0.15781250000000005 0.4828125 0.10000000000000005 0.4828125 0.10000000000000005 0.5296875 0.15781250000000005 0.5296875
0 0.08906250000000007 0.5484375 0.057812500000000065 0.5484375 0.057812500000000065 0.5640625 0.08906250000000007 0.5640625
4 0.8640625 0.5171875000000001 0.784375 0.5171875000000001 0.784375 0.5484375000000001 0.8640625 0.5484375000000001
4 0.559375 0.5375 0.5046875 0.5375 0.5046875 0.56875 0.559375 0.56875
4 0.2562500000000001 0.565625 0.1296875000000001 0.565625 0.1296875000000001 0.6 0.2562500000000001 0.6
4 0.2062500000000001 0.509375 0.14062500000000006 0.509375 0.14062500000000006 0.5375 0.2062500000000001 0.5375