3 0.3109375000000001 0.4921875 0.2234375000000001 0.4921875 0.2234375000000001 0.5515625 0.3109375000000001 0.5515625
3 0.76875 0.4359375000000001 0.6796875 0.4359375 0.6796875 0.4953125000000001 0.76875 0.49531250000000016
3 0.22343750000000004 0.325 0.13437500000000005 0.325 0.13437500000000005 0.3859375 0.2234375000000001 0.3859375
3 0.6515625 0.6359375 0.5609375 0.6359375 0.5609375 0.69375 0.6515625 0.69375
3 0.4296875 0.4921875 0.34062500000000007 0.4921875 0.34062500000000007 0.5515625 0.4296875 0.5515625
1 0.847675304878049 0.46345274390243907 0.825 0.4453125 0.806859756097561 0.46798780487804886 0.8295350609756099 0.4861280487804879
1 0.10836397058823533 0.3446691176470588 0.08005514705882355 0.3375919117647059 0.07279411764705886 0.3666360294117647 0.10110294117647063 0.37371323529411765
1 0.19921875000000006 0.52265625 0.17890625 0.50234375 0.15859375 0.52265625 0.17890625000000004 0.5429687500000001
1 0.4859375 0.5078125 0.4578125 0.5078125 0.4578125 0.5375 0.4859375 0.5375
2 0.915625 0.5234375000000002 0.89375 0.5015625000000001 0.8703125 0.5250000000000001 0.8921875 0.5468750000000002
2 0.559375 0.5234375 0.53671875 0.5007812500000001 0.51484375 0.52265625 0.5375 0.5453125
2 0.9906250000000002 0.5250000000000001 0.9671875 0.5015625000000001 0.94375 0.5250000000000001 0.9671875000000002 0.5484375000000001
2 0.6663207547169813 0.5222523584905661 0.6405660377358492 0.49864386792452836 0.6187735849056606 0.5224174528301887 0.6445283018867926 0.5460259433962265
0 0.13437500000000005 0.35 0.10468750000000004 0.35 0.10468750000000004 0.3625 0.13437500000000005 0.3625
0 0.18437500000000004 0.3859375 0.17343750000000005 0.3859375 0.17343750000000005 0.5078125 0.18437500000000004 0.5078125
0 0.2234375000000001 0.515625 0.19375000000000003 0.515625 0.19375000000000003 0.528125 0.2234375000000001 0.528125
0 0.34062500000000007 0.5171875 0.3125000000000001 0.5171875 0.3125000000000001 0.528125 0.34062500000000007 0.528125
0 0.45625 0.51875 0.43125 0.51875 0.43125 0.528125 0.45625 0.528125
0 0.515625 0.5171875 0.4875 0.5171875 0.4875 0.528125 0.515625 0.528125
0 0.621875 0.515625 0.559375 0.515625 0.559375 0.5296875 0.621875 0.5296875
0 0.5625 0.54375 0.5328125 0.54375 0.5328125 0.6703125 0.5625 0.6703125
0 0.971875 0.5468750000000001 0.6515625 0.546875 0.6515625 0.6687500000000001 0.971875 0.6687500000000002
0 0.6796875 0.4609375 0.6390625 0.4609375 0.6390625 0.5015625 0.6796875 0.5015625
0 0.8984375 0.5437500000000001 0.6390625 0.54375 0.6390625 0.5796875000000001 0.8984375 0.5796875000000001
0 0.8125 0.4593750000000002 0.76875 0.4593750000000002 0.76875 0.47187500000000016 0.8125 0.47187500000000016
0 0.8984375 0.4593750000000002 0.84375 0.4593750000000002 0.84375 0.5031250000000002 0.8984375 0.5031250000000002
0 0.9453125 0.5187500000000002 0.915625 0.5187500000000002 0.915625 0.5328125000000001 0.9453125 0.5328125000000001
4 0.21875000000000008 0.5421875 0.14062500000000006 0.5421875 0.14062500000000006 0.56875 0.21875000000000008 0.56875
4 0.4984375 0.5421875 0.4453125 0.5421875 0.4453125 0.56875 0.4984375 0.56875
4 0.875 0.5484375000000001 0.75 0.5484375000000001 0.75 0.5734375000000002 0.875 0.5734375000000002
4 0.859375 0.48750000000000016 0.7953125 0.48750000000000016 0.7953125 0.5125000000000002 0.859375 0.5125000000000002