0 0.25625 0.0765625 0.03437500000000001 0.0765625 0.03437500000000001 0.10000000000000002 0.25625 0.10000000000000005
0 0.3015625 0.14218750000000005 0.19375 0.14218750000000005 0.19375000000000003 0.2171875 0.3015625 0.2171875
0 0.3453125 0.14062500000000006 0.2265625 0.14062500000000006 0.22656250000000006 0.4078125 0.3453125000000001 0.4078125
0 0.459375 0.14062500000000006 0.3984375 0.14062500000000006 0.3984375 0.26250000000000007 0.459375 0.26250000000000007
0 0.509375 0.3031250000000001 0.40625 0.3031250000000001 0.40625 0.3703125000000001 0.509375 0.3703125000000001
0 0.596875 0.3062500000000001 0.5796875 0.3062500000000001 0.5796875 0.3687500000000001 0.596875 0.3687500000000001
0 0.765625 0.30156250000000007 0.6359375 0.30156250000000007 0.6359375 0.3687500000000001 0.765625 0.3687500000000001
0 0.96875 0.2500000000000001 0.7859375 0.2500000000000001 0.7859375 0.27031250000000007 0.96875 0.27031250000000007
1 0.45333750000000006 0.3793000000000001 0.38183750000000005 0.3663 0.3704375000000001 0.4290000000000001 0.44193750000000004 0.44200000000000006
1 0.23281250000000003 0.3609375 0.16093750000000004 0.3609375 0.16093750000000004 0.43125 0.2328125000000001 0.43125
1 0.799123475609756 0.37820121951219526 0.7269245426829268 0.37017911585365865 0.7190548780487804 0.4410060975609757 0.7912538109756098 0.44902820121951226
1 0.6314903846153846 0.38557692307692315 0.56329185520362 0.3612203054298643 0.5393947963800906 0.4281320701357467 0.6075933257918552 0.4524886877828056
1 0.2328125 0.2171875 0.16406250000000006 0.2171875 0.16406250000000006 0.28125 0.2328125 0.28125
4 0.5234375 0.446875 0.2828125000000001 0.446875 0.2828125000000001 0.5609375 0.5234375 0.5609375
4 0.2453125000000001 0.428125 0.14843750000000006 0.428125 0.14843750000000006 0.4765625 0.2453125000000001 0.4765625
4 0.30625 0.2859375 0.10000000000000005 0.2859375 0.10000000000000005 0.359375 0.30625 0.359375
4 0.625 0.453125 0.5484375 0.453125 0.5484375 0.484375 0.625 0.484375
4 0.871875 0.4546875000000001 0.646875 0.4546875 0.646875 0.5125000000000001 0.871875 0.5125000000000002
3 0.7854125000000001 0.2127375000000001 0.45149663461538464 0.206879326923077 0.4498240384615385 0.30221730769230776 0.7837399038461539 0.30807548076923086
3 0.6820608583489682 0.050182340525328405 0.250078564727955 0.044264774859287086 0.24877345215759852 0.13953799249530963 0.6807557457786118 0.14545555816135095