0 0.2484375 0.084375 0.02656250000000001 0.084375 0.02656250000000001 0.10468750000000002 0.2484375 0.10468750000000004
0 0.2953125 0.14843750000000006 0.1890625 0.14843750000000006 0.18906250000000002 0.2203125 0.2953125 0.2203125
0 0.33906250000000004 0.14531250000000004 0.225 0.14531250000000004 0.22500000000000003 0.4109375 0.3390625000000001 0.4109375
0 0.453125 0.14218750000000005 0.39375 0.14218750000000005 0.39375 0.2640625000000001 0.453125 0.2640625000000001
0 0.5046875 0.3046875000000001 0.403125 0.3046875000000001 0.403125 0.3703125000000001 0.5046875 0.3703125000000001
0 0.59375 0.3046875000000001 0.578125 0.3046875000000001 0.578125 0.3671875000000001 0.59375 0.3671875000000001
0 0.7625 0.3000000000000001 0.634375 0.3000000000000001 0.634375 0.3656250000000001 0.7625 0.3656250000000001
0 0.9640625 0.2453125000000001 0.7828125 0.2453125000000001 0.7828125 0.26250000000000007 0.9640625 0.26250000000000007
1 0.4453125 0.3734375000000001 0.3734375000000001 0.3734375000000001 0.3734375000000001 0.4359375 0.4453125 0.4359375
1 0.2296875000000001 0.365625 0.15781250000000005 0.365625 0.15781250000000005 0.4359375 0.2296875000000001 0.4359375
1 0.7948258196721313 0.3725409836065575 0.7231173155737706 0.3660220286885247 0.716688012295082 0.4367443647540985 0.7883965163934428 0.4432633196721314
1 0.61875 0.3671875000000001 0.546875 0.3671875000000001 0.546875 0.440625 0.61875 0.440625
1 0.228125 0.221875 0.15937500000000004 0.221875 0.15937500000000004 0.2859375 0.228125 0.2859375
4 0.521875 0.45 0.2828125000000001 0.45 0.2828125000000001 0.559375 0.521875 0.559375
4 0.24375000000000008 0.434375 0.14843750000000006 0.434375 0.14843750000000006 0.4796875 0.24375000000000008 0.4796875
4 0.303125 0.29375 0.09687500000000004 0.29375 0.09687500000000004 0.3625 0.303125 0.3625
4 0.6234375 0.4515625 0.546875 0.4515625 0.546875 0.48125 0.6234375 0.48125
4 0.8703125 0.4515625000000001 0.646875 0.4515625 0.646875 0.5062500000000001 0.8703125 0.5062500000000002
3 0.7796875 0.2078125000000001 0.4453125 0.2078125000000001 0.4453125 0.30156250000000007 0.7796875 0.30156250000000007
3 0.6734375 0.04687500000000007 0.2421875 0.04687500000000005 0.2421875 0.14218750000000008 0.6734375 0.14218750000000008