0 0.9875 0.0937500000000001 0.765625 0.09375000000000008 0.765625 0.12187500000000011 0.9875 0.12187500000000014
0 0.8234375 0.15625000000000008 0.7140625 0.15625000000000008 0.7140625 0.2328125000000001 0.8234375 0.2328125000000001
0 0.7875 0.1515625000000001 0.6640625 0.1515625000000001 0.6640625 0.4203125000000001 0.7875 0.4203125000000002
0 0.61875 0.1453125000000001 0.55625 0.1453125000000001 0.55625 0.2687500000000001 0.61875 0.2687500000000001
0 0.603125 0.3046875000000001 0.5 0.3046875000000001 0.5 0.3734375000000001 0.603125 0.3734375000000001
0 0.4296875 0.30156250000000007 0.4125 0.30156250000000007 0.4125 0.36406250000000007 0.4296875 0.36406250000000007
0 0.3734375 0.290625 0.24375 0.290625 0.24375 0.3609375 0.3734375 0.3609375000000001
0 0.2265625 0.2296875 0.04375000000000003 0.2296875 0.04375000000000003 0.253125 0.2265625 0.253125
1 0.6296875 0.3765625000000001 0.5578125 0.3765625000000001 0.5578125 0.440625 0.6296875 0.440625
1 0.8486168032786885 0.3808401639344263 0.7757812500000001 0.3742187500000001 0.7694031762295083 0.4443775614754101 0.8422387295081967 0.45099897540983624
1 0.286360143442623 0.3641009221311476 0.21479252049180336 0.357594774590164 0.20829918032786893 0.42902151639344266 0.27986680327868857 0.43552766393442627
1 0.4702612704918033 0.39787397540983616 0.41477971311475403 0.35163934426229515 0.36816086065573767 0.4075819672131148 0.42364241803278685 0.4538165983606558
1 0.8484375 0.2328125000000001 0.7796875 0.2328125000000001 0.7796875 0.2984375000000001 0.8484375 0.2984375000000001
4 0.71875 0.4484375 0.4765625 0.4484375 0.4765625 0.5671875 0.71875 0.5671875
4 0.8546875 0.4437500000000002 0.7578125 0.4437500000000002 0.7578125 0.4937500000000002 0.8546875 0.4937500000000002
4 0.909375 0.30156250000000007 0.7015625 0.30156250000000007 0.7015625 0.3781250000000001 0.909375 0.3781250000000001
4 0.45625 0.446875 0.3781250000000001 0.446875 0.3781250000000001 0.4796875 0.45625 0.4796875
4 0.35625000000000007 0.4390625 0.12968750000000004 0.4390625 0.12968750000000004 0.5015625 0.35625000000000007 0.5015625
3 0.5643733119513842 0.20984005739365297 0.2294973835246455 0.19815833896016208 0.22617340479405806 0.293445729237002 0.5610493332207968 0.30512744767049294
3 0.7731631711409396 0.05680453020134237 0.34094337248322154 0.042633389261745015 0.33783515100671146 0.13743414429530204 0.7700549496644296 0.1516052852348994