3 0.940625 0.6656250000000001 0.7875 0.6656250000000001 0.7875000000000001 0.7468750000000002 0.940625 0.7468750000000002
3 0.7640625000000001 0.6703125000000001 0.6125 0.6703125 0.6125 0.7515625000000001 0.7640625000000002 0.7515625000000001
3 0.5890625 0.6203125 0.4375 0.6203125 0.4375 0.7015625 0.5890625 0.7015625
3 0.3156250000000001 0.6296875 0.16406250000000008 0.6296875 0.16406250000000008 0.7109375 0.3156250000000001 0.7109375
0 0.790625 0.7015625000000002 0.7640625 0.7015625000000002 0.7640625 0.7156250000000002 0.790625 0.7156250000000002
0 0.6140625 0.6515625 0.5859375 0.6515625 0.5859375 0.71875 0.6140625 0.71875
0 0.4390625 0.653125 0.39531250000000007 0.653125 0.39531250000000007 0.6734375 0.4390625 0.6734375
0 0.34062500000000007 0.6609375 0.3140625000000001 0.6609375 0.3140625000000001 0.675 0.34062500000000007 0.675
0 0.16406250000000008 0.665625 0.10937500000000008 0.665625 0.10937500000000008 0.68125 0.16406250000000008 0.68125
1 0.11093750000000009 0.653125 0.06562500000000009 0.653125 0.06562500000000009 0.6984375 0.11093750000000009 0.6984375
4 0.11562500000000009 0.703125 0.06562500000000009 0.703125 0.06562500000000009 0.740625 0.11562500000000009 0.740625
2 0.3968750000000001 0.6359375 0.3390625000000001 0.6359375 0.3390625000000001 0.6953125 0.3968750000000001 0.6953125