3 0.21875000000000008 0.6796875 0.06875000000000009 0.6796875 0.06875000000000009 0.75625 0.21875000000000008 0.75625
3 0.39531250000000007 0.6796875 0.2453125000000001 0.6796875 0.2453125000000001 0.75625 0.39531250000000007 0.75625
3 0.5671875 0.621875 0.41875 0.621875 0.41875 0.6984375 0.5671875 0.6984375
3 0.840625 0.6218750000000001 0.6921875 0.621875 0.6921875 0.6984375 0.840625 0.6984375000000002
0 0.2453125000000001 0.7109375 0.21875000000000008 0.7109375 0.21875000000000008 0.725 0.2453125000000001 0.725
0 0.4203125 0.6546875 0.3937500000000001 0.6546875 0.3937500000000001 0.7203125 0.4203125 0.7203125
0 0.6109375 0.6515625 0.5671875 0.6515625 0.5671875 0.6703125 0.6109375 0.6703125
0 0.6921875 0.6546875 0.665625 0.6546875 0.665625 0.6671875 0.6921875 0.6671875
0 0.8953125 0.6531250000000002 0.8421875 0.6531250000000002 0.8421875 0.6671875000000002 0.8953125 0.6671875000000002
1 0.9390625 0.6375000000000002 0.8953125 0.6375000000000002 0.8953125 0.6828125000000002 0.9390625 0.6828125000000002
4 0.9421875 0.6890625000000001 0.89375 0.6890625000000001 0.89375 0.7250000000000002 0.9421875 0.7250000000000002
2 0.665625 0.6328125 0.609375 0.6328125 0.609375 0.6890625 0.665625 0.6890625