3 0.2140625000000001 0.665625 0.06093750000000009 0.665625 0.06093750000000009 0.746875 0.2140625000000001 0.746875
3 0.3890625000000001 0.6703125 0.2375000000000001 0.6703125 0.2375000000000001 0.7515625 0.3890625000000001 0.7515625
3 0.5640625 0.6203125 0.4125 0.6203125 0.4125 0.7015625 0.5640625 0.7015625
3 0.8375 0.6296875000000001 0.6859375 0.6296875 0.6859375 0.7109375000000001 0.8375 0.7109375000000002
0 0.2375000000000001 0.7015625 0.21093750000000008 0.7015625 0.21093750000000008 0.715625 0.2375000000000001 0.715625
0 0.415625 0.6515625 0.38750000000000007 0.6515625 0.38750000000000007 0.71875 0.415625 0.71875
0 0.6046875 0.653125 0.5609375 0.653125 0.5609375 0.6734375 0.6046875 0.6734375
0 0.6875 0.6609375 0.6609375 0.6609375 0.6609375 0.675 0.6875 0.675
0 0.890625 0.6656250000000001 0.8359375 0.6656250000000001 0.8359375 0.6812500000000001 0.890625 0.6812500000000001
1 0.934375 0.6531250000000002 0.8890625 0.6531250000000002 0.8890625 0.6984375000000002 0.934375 0.6984375000000002
4 0.9359375 0.7031250000000002 0.8859375 0.7031250000000002 0.8859375 0.7406250000000002 0.9359375 0.7406250000000002
2 0.6609375 0.6359375 0.603125 0.6359375 0.603125 0.6953125 0.6609375 0.6953125