0 0.4578125 0.6515625 0.434375 0.6515625 0.434375 0.6671875 0.4578125 0.6671875
0 0.3781250000000001 0.653125 0.3500000000000001 0.653125 0.3500000000000001 0.66875 0.3781250000000001 0.66875
0 0.20312500000000008 0.6546875 0.17968750000000008 0.6546875 0.17968750000000008 0.66875 0.20312500000000008 0.66875
0 0.1546875000000001 0.6890625 0.1359375000000001 0.6890625 0.1359375000000001 0.8859375 0.1546875000000001 0.8859375
0 0.628125 0.653125 0.6046875 0.653125 0.6046875 0.6703125 0.628125 0.6703125
4 0.8265625 0.6000000000000002 0.7421875 0.6000000000000002 0.7421875 0.6328125000000002 0.8265625 0.6328125000000002
4 0.8015625 0.7015625000000001 0.6828125 0.7015625 0.6828125 0.7359375000000001 0.8015625 0.7359375000000001
2 0.6842230504587156 0.6606106651376147 0.6546875000000001 0.6328125 0.6274856651376147 0.6617144495412844 0.6570212155963302 0.6895126146788991
2 0.43437500000000007 0.6609375000000002 0.4054687500000001 0.6320312500000002 0.3773437500000001 0.6601562500000001 0.4062500000000001 0.6890625000000001
1 0.17968750000000008 0.63125 0.1218750000000001 0.63125 0.1218750000000001 0.6875 0.17968750000000008 0.6875
4 0.10000000000000009 0.640625 0.025000000000000078 0.640625 0.025000000000000078 0.675 0.10000000000000009 0.675
4 0.2328125000000001 0.5671875 0.034375000000000065 0.5671875 0.03437500000000007 0.6 0.2328125000000001 0.6
3 0.9671875 0.6812500000000001 0.8203125 0.6812500000000001 0.8203125 0.7546875000000002 0.9671875 0.7546875000000002
3 0.3500000000000001 0.6234375 0.20312500000000008 0.6234375 0.20312500000000008 0.696875 0.3500000000000001 0.696875
3 0.6046875 0.6234375 0.45625 0.6234375 0.45625 0.696875 0.6046875 0.696875
4 0.1921875000000001 0.6984375 0.10781250000000009 0.6984375 0.10781250000000009 0.7296875 0.1921875000000001 0.7296875
4 0.6500000000000001 0.7578125 0.4750000000000002 0.7578125 0.4750000000000002 0.7921875 0.6500000000000001 0.7921875
0 0.8203125 0.6890625000000001 0.6515625 0.6890625 0.6515625 0.7234375000000001 0.8203125 0.7234375000000002