0 0.55625 0.653125 0.53125 0.653125 0.53125 0.671875 0.55625 0.671875
0 0.6390625 0.6609375 0.6109375 0.6609375 0.6109375 0.6796875 0.6390625 0.6796875
0 0.809375 0.6750000000000002 0.784375 0.6750000000000002 0.784375 0.6906250000000002 0.809375 0.6906250000000002
0 0.85 0.7140625000000002 0.8171875 0.7140625000000002 0.8171875 0.9109375 0.85 0.9109375
0 0.3859375000000001 0.64375 0.3609375000000001 0.64375 0.3609375000000001 0.6625 0.3859375000000001 0.6625
4 0.2515625000000001 0.5765625 0.16562500000000008 0.5765625 0.16562500000000008 0.615625 0.2515625000000001 0.615625
4 0.3046875000000001 0.6796875 0.1828125000000001 0.6796875 0.1828125000000001 0.721875 0.3046875000000001 0.721875
2 0.3608899111675127 0.6506662436548224 0.3354735088832488 0.6213396256345178 0.30418385152284266 0.6484573286802031 0.3296002538071066 0.6777839467005077
2 0.6099280973451326 0.6698285398230089 0.5829231194690265 0.6389657079646018 0.5537195796460177 0.6645188053097346 0.5807245575221238 0.6953816371681417
1 0.86875 0.6546875000000002 0.8078125 0.6546875000000002 0.8078125 0.7140625000000002 0.86875 0.7140625000000002
4 0.965625 0.6687500000000002 0.8890625 0.6687500000000002 0.8890625 0.7078125000000002 0.965625 0.7078125000000002
4 0.9609375 0.5859375000000002 0.759375 0.5859375000000002 0.759375 0.6328125000000002 0.9609375 0.6328125000000002
3 0.1678703579117331 0.658441536598493 0.02044116657696455 0.6481557790635091 0.015322255113024841 0.7215268433799784 0.1627514464477934 0.7318126009149624
3 0.7875780053598773 0.6438102986217459 0.6396769716692191 0.6334312787136295 0.6344798047473202 0.7074909073506892 0.7823808384379785 0.7178699272588056
3 0.5351167687595713 0.6261485451761102 0.3856608920367535 0.6156604134762633 0.38043118300153145 0.6901837672281776 0.5298870597243492 0.7006718989280245
4 0.878125 0.7203125000000001 0.790625 0.7203125000000001 0.7906250000000001 0.7578125000000002 0.878125 0.7578125000000002
4 0.5078125000000002 0.7484375 0.3312500000000001 0.7484375 0.3312500000000001 0.79375 0.5078125000000002 0.79375
0 0.3359375000000001 0.665625 0.16406250000000008 0.665625 0.16406250000000008 0.7125 0.3359375000000001 0.7125