0 0.5765625 0.6484375 0.5515625 0.6484375 0.5515625 0.665625 0.5765625 0.665625
0 0.659375 0.6453125 0.63125 0.6453125 0.63125 0.6625 0.659375 0.6625
0 0.8296875 0.6375000000000002 0.8046875 0.6375000000000002 0.8046875 0.6531250000000002 0.8296875 0.6531250000000002
0 0.884375 0.6703125000000002 0.8546875 0.6703125000000002 0.8546875 0.8671875 0.884375 0.8671875
0 0.4046875 0.659375 0.37968750000000007 0.659375 0.37968750000000007 0.6765625 0.4046875 0.6765625
4 0.2656250000000001 0.6125 0.17968750000000008 0.6125 0.17968750000000008 0.65 0.2656250000000001 0.65
4 0.3312500000000001 0.7109375 0.2093750000000001 0.7109375 0.2093750000000001 0.7515625 0.3312500000000001 0.7515625
2 0.37968750000000007 0.6687500000000001 0.3515625 0.640625 0.32265625 0.6695312500000001 0.35078125000000004 0.6976562500000002
2 0.6295215707964603 0.6537610619469028 0.5989905973451327 0.6270464601769913 0.5725663716814159 0.657245575221239 0.6030973451327435 0.6839601769911506
1 0.8890625 0.6125000000000002 0.828125 0.6125000000000002 0.828125 0.6703125000000002 0.8890625 0.6703125000000002
4 0.984375 0.6156250000000002 0.9078125 0.6156250000000002 0.9078125 0.6531250000000002 0.984375 0.6531250000000002
4 0.9703125 0.5421875000000002 0.7703125 0.5421875000000002 0.7703125 0.5859375000000002 0.9703125 0.5859375000000002
3 0.19279896677872255 0.7714004103223255 0.18858698338936128 0.6966377051611627 0.040443630116669974 0.7049838095708918 0.04465561350603124 0.7797465147320546
3 0.806034185082873 0.6818370165745857 0.8020934046961326 0.6069621892265193 0.6541479627071825 0.6147487914364641 0.6580887430939228 0.6896236187845305
3 0.5532523903053661 0.6951712125704121 0.5493806514971835 0.6203175956122147 0.399700285354284 0.6280596835161577 0.40357202416246657 0.7029133004743553
4 0.9046875 0.6781250000000002 0.81875 0.6781250000000002 0.81875 0.7140625000000002 0.9046875 0.7140625000000002
4 0.5406250000000001 0.7578125 0.36406250000000007 0.7578125 0.36406250000000007 0.8 0.5406250000000001 0.8
0 0.3609375000000001 0.696875 0.18906250000000008 0.696875 0.18906250000000008 0.740625 0.3609375000000001 0.740625