2 0.7453125 0.465625 0.721875 0.44218750000000007 0.6984375 0.4656250000000002 0.7218749999999999 0.48906250000000007
2 0.3992112619808306 0.4775309504792332 0.3780051916932907 0.4545577076677317 0.35237120607028755 0.47821984824281155 0.37357727635782745 0.5011930910543131
2 0.14375000000000004 0.4609375 0.09531250000000006 0.4609375 0.09531250000000006 0.509375 0.14375000000000004 0.509375
1 0.91875 0.30937500000000007 0.884375 0.30937500000000007 0.884375 0.3437500000000001 0.91875 0.3437500000000001
1 0.80625 0.44531250000000017 0.7734375 0.44531250000000017 0.7734375 0.47968750000000016 0.80625 0.47968750000000016
1 0.928125 0.5890625000000002 0.8953125 0.5890625000000002 0.8953125 0.6234375000000002 0.928125 0.6234375000000002
3 0.3031250000000001 0.4515625 0.18437500000000004 0.4515625 0.18437500000000004 0.5125 0.3031250000000001 0.5125
3 0.6720900467775468 0.4966748960498961 0.6697004937629938 0.43813084719334716 0.5651552754677754 0.4423979989604989 0.5675448284823285 0.5009420478170479
3 0.8533426455301457 0.6395595114345115 0.8513773388773391 0.5786350051975052 0.7468490124740125 0.5820068866943867 0.7488143191268192 0.642931392931393
3 0.8372864105504588 0.36013904816513764 0.835441513761468 0.2992574541284404 0.7292416857798166 0.30247563073394496 0.7310865825688074 0.3633572247706422
3 0.5390817790530847 0.5013499820659971 0.5370866212338595 0.44249282639885223 0.43251927905308474 0.4460374820659971 0.43451443687230995 0.504894637733142
0 0.8984375 0.6000000000000002 0.853125 0.6000000000000002 0.853125 0.6140625000000002 0.8984375 0.6140625000000002
0 0.7515625 0.4859375000000001 0.7171875 0.4859375 0.7171875 0.6156250000000001 0.7515625 0.6156250000000002
0 0.8890625 0.3218750000000001 0.8375 0.3218750000000001 0.8375 0.3359375000000001 0.8890625 0.3359375000000001
0 0.79375 0.3609375000000001 0.7796875 0.3609375000000001 0.7796875 0.44843750000000016 0.79375 0.44843750000000016
0 0.775 0.45625000000000016 0.746875 0.45625000000000016 0.746875 0.4703125000000002 0.775 0.4703125000000002
0 0.703125 0.459375 0.671875 0.459375 0.671875 0.4734375 0.703125 0.4734375
0 0.56875 0.465625 0.5390625 0.465625 0.5390625 0.4796875 0.56875 0.4796875
0 0.434375 0.4703125 0.3984375000000001 0.4703125 0.3984375000000001 0.484375 0.434375 0.484375
0 0.3578125000000001 0.471875 0.3031250000000001 0.471875 0.3031250000000001 0.4875 0.3578125000000001 0.4875
0 0.18593750000000003 0.478125 0.14062500000000006 0.478125 0.14062500000000006 0.4921875 0.18593750000000003 0.4921875
0 0.09687500000000007 0.48125 0.05312500000000007 0.48125 0.05312500000000007 0.49375 0.09687500000000007 0.49375
0 0.3828125000000001 0.4984375 0.11562500000000005 0.4984375 0.11562500000000006 0.5546875 0.3828125000000001 0.5546875
4 0.8296875 0.4812500000000002 0.7515625 0.4812500000000002 0.7515625 0.5093750000000001 0.8296875 0.5093750000000001
4 0.9515625 0.6234375000000002 0.875 0.6234375000000002 0.875 0.6640625000000002 0.9515625 0.6640625000000002
4 0.7296875 0.6515625 0.625 0.6515625 0.625 0.6812500000000001 0.7296875 0.6812500000000001
4 0.4359375 0.4171875 0.3140625000000001 0.4171875 0.3140625000000001 0.4484375 0.4359375 0.4484375
4 0.3390625000000001 0.4578125 0.32500000000000007 0.4578125 0.32500000000000007 0.471875 0.3390625000000001 0.471875
4 0.3750000000000001 0.5125 0.3500000000000001 0.5125 0.3500000000000001 0.528125 0.3750000000000001 0.528125