2 0.2991332547169812 0.4722523584905661 0.27486438679245284 0.4500058962264151 0.25307193396226413 0.4737794811320756 0.2773408018867925 0.4960259433962265
2 0.6453125 0.47343750000000007 0.621875 0.4500000000000002 0.59921875 0.47265625000000017 0.6226562499999999 0.49609375
2 0.9046875 0.44843750000000016 0.8578125 0.44843750000000016 0.8578125 0.49531250000000016 0.9046875 0.49531250000000016
1 0.10937500000000004 0.3234375 0.07656250000000005 0.3234375 0.07656250000000005 0.35625 0.10937500000000004 0.35625
1 0.22656250000000008 0.45625 0.19375000000000003 0.45625 0.19375000000000003 0.4890625 0.22656250000000008 0.4890625
1 0.10781250000000009 0.603125 0.07656250000000006 0.603125 0.07656250000000007 0.6359375 0.10781250000000009 0.6359375
3 0.8140625 0.4437500000000001 0.6953125 0.44375 0.6953125 0.503125 0.8140625 0.5031250000000002
3 0.43125 0.44375 0.3281250000000001 0.44375 0.3281250000000001 0.5015625 0.43125 0.5015625
3 0.25468750000000007 0.590625 0.1515625000000001 0.590625 0.1515625000000001 0.65 0.25468750000000007 0.65
3 0.2625 0.3109375 0.15781250000000005 0.3109375 0.15781250000000005 0.3703125 0.26250000000000007 0.3703125
3 0.5640625 0.44375 0.4609375 0.44375 0.4609375 0.5015625 0.5640625 0.5015625
0 0.1515625000000001 0.6140625 0.1062500000000001 0.6140625 0.1062500000000001 0.6265625 0.1515625000000001 0.6265625
0 0.2828125000000001 0.4953125 0.2531250000000001 0.4953125 0.2531250000000001 0.6234375 0.2828125000000001 0.6234375
0 0.15781250000000005 0.334375 0.10625000000000004 0.334375 0.10625000000000004 0.346875 0.15781250000000005 0.346875
0 0.2156250000000001 0.3703125 0.20468750000000008 0.3703125 0.20468750000000008 0.4578125 0.2156250000000001 0.4578125
0 0.2531250000000001 0.4671875 0.2250000000000001 0.4671875 0.2250000000000001 0.4796875 0.2531250000000001 0.4796875
0 0.3281250000000001 0.4671875 0.2968750000000001 0.4671875 0.2968750000000001 0.4796875 0.3281250000000001 0.4796875
0 0.459375 0.4671875 0.43125 0.4671875 0.43125 0.4796875 0.459375 0.4796875
0 0.6 0.4671875 0.565625 0.4671875 0.565625 0.4796875 0.6 0.4796875
0 0.696875 0.4671875 0.6421875 0.4671875 0.6421875 0.4796875 0.696875 0.4796875
0 0.8578125 0.4671875000000002 0.8140625 0.4671875000000002 0.8140625 0.47968750000000016 0.8578125 0.47968750000000016
0 0.946875 0.4671875000000002 0.903125 0.4671875000000002 0.903125 0.4781250000000002 0.946875 0.4781250000000002
0 0.8859375 0.4937500000000001 0.6203125 0.49375 0.6203125 0.5406250000000001 0.8859375 0.5406250000000001
4 0.2484375000000001 0.49375 0.17187500000000006 0.49375 0.17187500000000006 0.51875 0.2484375000000001 0.51875
4 0.1312500000000001 0.6390625 0.05625000000000009 0.6390625 0.05625000000000009 0.6765625 0.1312500000000001 0.6765625
4 0.3812500000000001 0.659375 0.27812500000000007 0.659375 0.27812500000000007 0.6859375 0.3812500000000001 0.6859375
4 0.684375 0.4140625 0.5625 0.4140625 0.5625 0.440625 0.684375 0.440625
4 0.675 0.4515625 0.6609375 0.4515625 0.6609375 0.4640625 0.675 0.4640625
4 0.65 0.509375 0.6265625 0.509375 0.6265625 0.5234375 0.65 0.5234375