2 0.7469523514851484 0.4836014851485147 0.7264155321782177 0.45850092821782173 0.7013149752475247 0.4790377475247524 0.7218517945544554 0.5041383044554454
2 0.40077240566037736 0.4697346698113208 0.37904481132075474 0.44603183962264153 0.3553419811320755 0.4677594339622642 0.3770695754716981 0.49146226415094346
2 0.14531250000000004 0.434375 0.09687500000000004 0.434375 0.09687500000000006 0.4828125 0.14531250000000004 0.4828125
1 0.9296875 0.3375000000000001 0.8953125 0.3375000000000001 0.8953125 0.37187500000000007 0.9296875 0.37187500000000007
1 0.8078125 0.4656250000000002 0.775 0.4656250000000002 0.775 0.5000000000000002 0.8078125 0.5000000000000002
1 0.9203125 0.6171875000000002 0.8875 0.6171875000000002 0.8875 0.6515625000000002 0.9203125 0.6515625000000002
3 0.3067547505938243 0.43692473277909744 0.1877152612826604 0.4328199228028504 0.1856721347980998 0.4920705908551069 0.30471162410926367 0.4961754008313539
3 0.6737778662420384 0.44984474522293005 0.5691679936305734 0.4461086783439492 0.5670820063694268 0.504516321656051 0.6716918789808919 0.5082523885350319
3 0.8438689793577984 0.6023236811926608 0.7406493692660552 0.5991958142201836 0.7388202408256881 0.6595570527522937 0.8420398509174314 0.6626849197247708
3 0.8490142927550517 0.32374091301133573 0.7426618716116314 0.3190141387382949 0.7399758193691474 0.37945031419418446 0.8463282405125678 0.38417708846722537
3 0.5408393970893972 0.4449161902286904 0.43636142151767154 0.44154593295218314 0.43444808991684003 0.5008592125779627 0.5389260654885656 0.5042294698544699
0 0.8890625 0.6250000000000002 0.84375 0.6250000000000002 0.84375 0.6390625000000002 0.8890625 0.6390625000000002
0 0.746875 0.5015625000000001 0.7125 0.5015625 0.7125 0.6312500000000001 0.746875 0.6312500000000002
0 0.9 0.3468750000000001 0.8484375 0.3468750000000001 0.8484375 0.3609375000000001 0.9 0.3609375000000001
0 0.8 0.3812500000000001 0.7859375 0.3812500000000001 0.7859375 0.46875000000000017 0.8 0.46875000000000017
0 0.7765625 0.4750000000000002 0.7484375 0.4750000000000002 0.7484375 0.4890625000000002 0.7765625 0.4890625000000002
0 0.7046875 0.471875 0.6734375 0.471875 0.6734375 0.4859375 0.7046875 0.4859375
0 0.5703125 0.46875 0.540625 0.46875 0.540625 0.4828125 0.5703125 0.4828125
0 0.4359375 0.4640625 0.4 0.4640625 0.4 0.478125 0.4359375 0.478125
0 0.3593750000000001 0.459375 0.3046875000000001 0.459375 0.3046875000000001 0.475 0.3593750000000001 0.475
0 0.18750000000000006 0.4546875 0.14218750000000005 0.4546875 0.14218750000000005 0.46875 0.18750000000000006 0.46875
0 0.09843750000000005 0.4515625 0.05468750000000004 0.4515625 0.054687500000000056 0.4640625 0.09843750000000007 0.4640625
0 0.3812500000000001 0.48125 0.11406250000000004 0.48125 0.11406250000000004 0.5375 0.3812500000000001 0.5375
4 0.8296875 0.5015625000000001 0.7515625 0.5015625000000001 0.7515625 0.5296875000000002 0.8296875 0.5296875000000002
4 0.940625 0.6515625000000002 0.8640625 0.6515625000000002 0.8640625 0.6921875000000002 0.940625 0.6921875000000002
4 0.7171875 0.6640625 0.6125 0.6640625 0.6125 0.69375 0.7171875 0.69375
4 0.440625 0.4078125 0.3187500000000001 0.4078125 0.3187500000000001 0.4390625 0.440625 0.4390625
4 0.3421875000000001 0.4453125 0.3281250000000001 0.4453125 0.3281250000000001 0.459375 0.3421875000000001 0.459375
4 0.3734375000000001 0.503125 0.34843750000000007 0.503125 0.34843750000000007 0.51875 0.3734375000000001 0.51875