2 0.8190796232876713 0.31671232876712335 0.7821618150684931 0.2824315068493152 0.7479922945205478 0.31922945205479464 0.7849101027397261 0.3535102739726028
3 0.6296875 0.2718750000000001 0.4953125 0.2718750000000001 0.4953125 0.3625000000000001 0.6296875 0.3625000000000001
0 0.7515625 0.30937500000000007 0.63125 0.30937500000000007 0.63125 0.3281250000000001 0.7515625 0.3281250000000001
0 0.790625 0.0421875000000001 0.7765625 0.0421875000000001 0.7765625 0.28593750000000007 0.790625 0.28593750000000007
0 0.7859375 0.04218750000000007 0.3546875 0.042187500000000044 0.35468750000000004 0.39687500000000003 0.7859375 0.3968750000000001
0 0.5703125 0.029687500000000068 0.5546875 0.029687500000000068 0.5546875 0.2750000000000001 0.5703125 0.2750000000000001
4 0.5765625 0.057812500000000065 0.5515625 0.057812500000000065 0.5515625 0.07656250000000006 0.5765625 0.07656250000000006
4 0.759375 0.37968750000000007 0.7296875 0.37968750000000007 0.7296875 0.4000000000000002 0.759375 0.4000000000000002
4 0.9125 0.30156250000000007 0.81875 0.30156250000000007 0.81875 0.3390625000000001 0.9125 0.3390625000000001
4 0.7953125 0.23437500000000008 0.7703125 0.23437500000000008 0.7703125 0.2531250000000001 0.7953125 0.2531250000000001
4 0.9953125 0.046875000000000125 0.971875 0.046875000000000125 0.971875 0.06562500000000011 0.9953125 0.06562500000000011
0 0.990625 0.031250000000000125 0.9734375 0.031250000000000125 0.9734375 0.12343750000000013 0.990625 0.12343750000000013