2 0.8068091687817258 0.2976721129441624 0.7681432423857868 0.26416164340101533 0.7351998730964466 0.302173223350254 0.7738657994923857 0.33568369289340105
3 0.6203125 0.2640625000000001 0.4796875 0.2640625000000001 0.4796875 0.36406250000000007 0.6203125 0.36406250000000007
0 0.7390625 0.2921875000000001 0.6171875 0.2921875000000001 0.6171875 0.3203125000000001 0.7390625 0.3203125000000001
0 0.775 0.02343750000000009 0.74375 0.02343750000000009 0.74375 0.2671875000000001 0.775 0.2671875000000001
0 0.7796875 0.023437500000000066 0.3234375 0.023437500000000038 0.32343750000000004 0.4078125000000001 0.7796875 0.4078125000000002
0 0.5546875 0.026562500000000065 0.521875 0.026562500000000065 0.521875 0.2718750000000001 0.5546875 0.2718750000000001
4 0.546875 0.05468750000000007 0.5203125 0.05468750000000007 0.5203125 0.07500000000000007 0.546875 0.07500000000000007
4 0.7515625 0.3625000000000001 0.7203125 0.3625000000000001 0.7203125 0.3843750000000001 0.7515625 0.3843750000000001
4 0.9 0.2734375000000001 0.803125 0.2734375000000001 0.803125 0.3187500000000001 0.9 0.3187500000000001
4 0.778125 0.2140625000000001 0.7515625 0.2140625000000001 0.7515625 0.23437500000000008 0.778125 0.23437500000000008
4 0.9640625 0.014062500000000117 0.9390625 0.014062500000000117 0.9390625 0.034375000000000114 0.9640625 0.03437500000000012
0 0.9640625 1.1653279698136533e-16 0.9390625 1.1500198848243113e-16 0.9390625 0.09062500000000011 0.9640625 0.09062500000000011