2 0.059616712707182315 0.34209254143646406 0.022151243093922645 0.3083736187845304 -0.010790745856353645 0.3449758287292818 0.02667472375690603 0.3786947513812155
4 0.03437500000000003 0.25625 0.009375000000000031 0.25625 0.009375000000000033 0.278125 0.03437500000000003 0.278125
4 0.15468750000000003 0.31875 0.059375000000000046 0.31875 0.059375000000000046 0.3625 0.15468750000000003 0.3625
4 0.225 0.057812500000000024 0.196875 0.057812500000000024 0.196875 0.08281250000000002 0.225 0.08281250000000002
4 0.4171875 0.05312500000000005 0.3875 0.05312500000000005 0.3875 0.07343750000000004 0.4171875 0.07343750000000004
0 0.03125000000000002 0.0671875 0.0015625000000000083 0.0671875 0.0015625000000000233 0.3109375 0.031250000000000035 0.3109375
0 0.221875 0.04531250000000002 0.2015625 0.04531250000000002 0.2015625 0.13750000000000004 0.221875 0.13750000000000004
0 0.515625 0.028125000000000056 0.3953125 0.028125000000000046 0.3953125 0.17968750000000006 0.515625 0.17968750000000006
0 0.709375 0.03281250000000004 0.0015625000000000042 0.0328125 0.0015625000000000177 0.25312500000000004 0.709375 0.2531250000000001
3 0.284375 0.13437500000000002 0.146875 0.134375 0.14687500000000003 0.221875 0.284375 0.221875
3 0.653125 0.10156250000000007 0.5140625 0.10156250000000004 0.5140625 0.2000000000000001 0.653125 0.2000000000000001