2 0.06875 0.31875 0.03359375 0.28359375 -0.0015625000000000222 0.31875000000000003 0.03359374999999998 0.35390625000000003
4 0.04531250000000003 0.23125 0.021875000000000026 0.23125 0.02187500000000003 0.253125 0.04531250000000003 0.253125
4 0.16250000000000003 0.3 0.06875000000000005 0.3 0.06875000000000005 0.3390625 0.16250000000000003 0.3390625
4 0.246875 0.043750000000000025 0.21875 0.043750000000000025 0.21875 0.06718750000000002 0.246875 0.06718750000000002
4 0.4390625 0.050000000000000044 0.4109375 0.050000000000000044 0.4109375 0.06875000000000005 0.4390625 0.06875000000000005
0 0.04218750000000002 0.0421875 0.025 0.0421875 0.025000000000000015 0.2859375 0.04218750000000003 0.2859375
0 0.240625 0.03125000000000003 0.225 0.03125000000000002 0.225 0.12187500000000004 0.240625 0.12187500000000004
0 0.5328125 0.02968750000000006 0.4203125 0.029687500000000054 0.4203125 0.17500000000000004 0.5328125 0.17500000000000004
0 0.7234375 0.043750000000000046 0.023437500000000007 0.04375 0.023437500000000017 0.22812500000000005 0.7234375 0.22812500000000008
3 0.2984375 0.12343750000000002 0.165625 0.1234375 0.16562500000000002 0.2046875 0.2984375 0.2046875
3 0.66875 0.10937500000000007 0.534375 0.10937500000000004 0.534375 0.2000000000000001 0.66875 0.2000000000000001