2 0.9872620192307691 0.2855600961538463 0.9502668269230767 0.2524591346153847 0.916838942307692 0.2898197115384616 0.9538341346153846 0.3229206730769232
4 0.9609375 0.19843750000000013 0.9359375 0.19843750000000013 0.9359375 0.2218750000000001 0.9609375 0.2218750000000001
4 0.9203125 0.27031250000000007 0.8234375 0.27031250000000007 0.8234375 0.3156250000000001 0.9203125 0.3156250000000001
4 0.75 0.02656250000000009 0.7203125 0.02656250000000009 0.7203125 0.05156250000000009 0.75 0.05156250000000009
4 0.559375 0.04531250000000007 0.5296875 0.04531250000000007 0.5296875 0.06562500000000007 0.559375 0.06562500000000007
0 0.959375 0.010937500000000116 0.925 0.010937500000000114 0.925 0.25468750000000007 0.959375 0.25468750000000007
0 0.7484375 0.012500000000000091 0.7265625 0.01250000000000009 0.7265625 0.10468750000000009 0.7484375 0.10468750000000009
0 0.5578125 0.02500000000000006 0.434375 0.025000000000000057 0.434375 0.17812500000000006 0.5578125 0.1781250000000001
0 0.95625 0.010937500000000074 0.2453125 0.01093750000000003 0.2453125 0.24375000000000005 0.95625 0.24375000000000008
3 0.8140625 0.10000000000000009 0.675 0.10000000000000009 0.675 0.1906250000000001 0.8140625 0.1906250000000001
3 0.4453125 0.11250000000000004 0.3046875 0.11250000000000004 0.3046875 0.21250000000000005 0.4453125 0.21250000000000008