1 0.9460576923076923 0.3512740384615385 0.9234495192307692 0.3336899038461539 0.9046875 0.3578125000000001 0.9272956730769231 0.3753966346153847
1 0.16328125 0.43984375 0.13421875000000003 0.43015625 0.12515625000000002 0.45734375 0.15421875 0.46703124999999995
1 0.8 0.4781250000000002 0.771875 0.4781250000000002 0.771875 0.5078125000000002 0.8 0.5078125000000002
3 0.3084359413965088 0.42815617206982537 0.20424329800498758 0.42294653990024933 0.20125467581047385 0.48271898379052364 0.3054473192019951 0.4879286159600997
3 0.706098036159601 0.45616427680798016 0.6010481608478803 0.4509117830423941 0.5980517456359102 0.5108400872817955 0.703101620947631 0.5160925810473815
3 0.8505143391521196 0.31783821695760606 0.7462437655860349 0.31262468827930184 0.7431616271820448 0.37426745635910236 0.8474322007481296 0.37948098503740657
3 0.5583746301775148 0.4465366124260356 0.45418269230769226 0.4393509615384616 0.4500258875739645 0.4996246301775148 0.554217825443787 0.5068102810650889
2 0.4125 0.4390625 0.36406250000000007 0.4390625 0.36406250000000007 0.4875 0.4125 0.4875
4 0.425 0.4046875 0.3578125000000001 0.4046875 0.3578125000000001 0.4359375 0.425 0.4359375
4 0.3468750000000001 0.44375 0.32500000000000007 0.44375 0.32500000000000007 0.4578125 0.3468750000000001 0.4578125
4 0.5765625 0.5234375 0.559375 0.5234375 0.559375 0.5375 0.5765625 0.5375
0 0.9125 0.3421875000000001 0.85 0.3421875000000001 0.85 0.3578125000000001 0.9125 0.3578125000000001
0 0.8 0.3750000000000001 0.7828125 0.3750000000000001 0.7828125 0.4781250000000002 0.8 0.4781250000000002
0 0.771875 0.4796875000000001 0.703125 0.4796875 0.703125 0.49687500000000007 0.771875 0.4968750000000002
0 0.6015625 0.4703125 0.55625 0.4703125 0.55625 0.4859375 0.6015625 0.4859375
0 0.7734375 0.45781250000000007 0.3812500000000001 0.4578125 0.3812500000000001 0.5546875000000001 0.7734375 0.5546875000000002
0 0.4546875 0.4625 0.4109375 0.4625 0.4109375 0.475 0.4546875 0.475
0 0.3656250000000001 0.453125 0.3062500000000001 0.453125 0.3062500000000001 0.46875 0.3656250000000001 0.46875
0 0.20468750000000008 0.4421875 0.16093750000000004 0.4421875 0.16093750000000004 0.45625 0.20468750000000008 0.45625
4 0.17968750000000006 0.4640625 0.10781250000000005 0.4640625 0.10781250000000005 0.496875 0.17968750000000006 0.496875
4 0.825 0.5093750000000001 0.7453125 0.5093750000000001 0.7453125 0.5390625000000002 0.825 0.5390625000000002