1 0.10546875000000004 0.3242187500000001 0.084375 0.303125 0.06328125 0.32421875 0.08437500000000005 0.3453125000000001
1 0.871875 0.4578125000000002 0.8421875 0.4578125000000002 0.8421875 0.48750000000000016 0.871875 0.48750000000000016
1 0.2346875 0.469375 0.21168750000000003 0.452125 0.19443750000000004 0.4751250000000001 0.2174375 0.492375
3 0.7984375 0.4421875000000002 0.6953125 0.44218750000000007 0.6953125 0.5015625000000001 0.7984375 0.5015625000000001
3 0.4015625 0.4421875 0.2968750000000001 0.4421875 0.2968750000000001 0.5015625 0.4015625 0.5015625
3 0.26747014331210195 0.29677348726114655 0.16425358280254782 0.2930871815286624 0.16208399681528665 0.35383558917197455 0.26530055732484076 0.3575218949044586
3 0.5484375 0.4421875 0.4453125 0.4421875 0.4453125 0.5015625 0.5484375 0.5015625
2 0.6375 0.4484375 0.5921875 0.4484375 0.5921875 0.49375 0.6375 0.49375
4 0.646875 0.415625 0.58125 0.415625 0.58125 0.4421875 0.646875 0.4421875
4 0.678125 0.45625 0.65625 0.45625 0.65625 0.46875 0.678125 0.46875
4 0.4390625 0.51875 0.4234375 0.51875 0.4234375 0.53125 0.4390625 0.53125
0 0.16250000000000003 0.31875 0.10000000000000005 0.31875 0.10000000000000005 0.3296875 0.16250000000000003 0.3296875
0 0.22031250000000005 0.3546875 0.209375 0.3546875 0.20937500000000003 0.4578125 0.22031250000000008 0.4578125
0 0.2984375000000001 0.465625 0.2296875000000001 0.465625 0.2296875000000001 0.478125 0.2984375000000001 0.478125
0 0.4453125 0.465625 0.4015625 0.465625 0.4015625 0.478125 0.4453125 0.478125
0 0.6171875 0.465625 0.2296875000000001 0.465625 0.2296875000000001 0.5359375 0.6171875 0.5359375
0 0.5921875 0.46875 0.5484375 0.46875 0.5484375 0.478125 0.5921875 0.478125
0 0.6953125 0.4671875 0.6375 0.4671875 0.6375 0.478125 0.6953125 0.478125
0 0.8421875 0.4671875000000002 0.8 0.4671875000000002 0.8 0.4781250000000002 0.8421875 0.4781250000000002
4 0.8921875 0.4906250000000002 0.8234375 0.4906250000000002 0.8234375 0.5187500000000002 0.8921875 0.5187500000000002
4 0.25468750000000007 0.4921875 0.17656250000000004 0.4921875 0.17656250000000004 0.5171875 0.25468750000000007 0.5171875