1 0.9437711148648649 0.3490920608108109 0.9270903716216218 0.32573902027027035 0.9019636824324324 0.34368665540540555 0.9186444256756756 0.36703969594594604
1 0.15954044117647062 0.4655882352941177 0.15306985294117648 0.436470588235294 0.12477941176470586 0.4427573529411764 0.13125 0.4718750000000001
1 0.8046875 0.4859375000000002 0.78515625 0.4664062500000002 0.7640625000000001 0.4875000000000001 0.7835937500000001 0.50703125
3 0.3066493610223643 0.43064097444089455 0.20219149361022368 0.4264626597444089 0.19977785543130994 0.4868036142172524 0.3042357228434505 0.49098192891373804
3 0.7041663062283738 0.4510553633217994 0.5989759948096887 0.4482871972318341 0.5973734861591696 0.5091825259515573 0.7025637975778547 0.5119506920415227
3 0.845855576544021 0.3100700147831801 0.7419975772010512 0.30740698915900133 0.7403960660315374 0.3698659247700395 0.8442540653745072 0.37252895039421824
3 0.5567788461538462 0.4454567307692308 0.4526941568047337 0.43827847633136097 0.4484744822485207 0.4994637573964498 0.5525591715976332 0.5066420118343197
2 0.4109375 0.4421875 0.36406250000000007 0.4421875 0.36406250000000007 0.4890625 0.4109375 0.4890625
4 0.4234375 0.4078125 0.3578125000000001 0.4078125 0.3578125000000001 0.4375 0.4234375 0.4375
4 0.3468750000000001 0.446875 0.32500000000000007 0.446875 0.32500000000000007 0.4609375 0.3468750000000001 0.4609375
4 0.575 0.521875 0.559375 0.521875 0.559375 0.5359375 0.575 0.5359375
0 0.909375 0.3375000000000001 0.846875 0.3375000000000001 0.846875 0.3515625000000001 0.909375 0.3515625000000001
0 0.7984375 0.3703125000000001 0.7828125 0.3703125000000001 0.7828125 0.4734375000000002 0.7984375 0.4734375000000002
0 0.771875 0.4765625000000001 0.703125 0.4765625 0.703125 0.4921875000000001 0.771875 0.49218750000000017
0 0.6015625 0.46875 0.55625 0.46875 0.55625 0.4828125 0.6015625 0.4828125
0 0.771875 0.4609375000000001 0.3812500000000001 0.4609375 0.3812500000000001 0.55 0.771875 0.5500000000000002
0 0.453125 0.4640625 0.409375 0.4640625 0.409375 0.475 0.453125 0.475
0 0.3656250000000001 0.45625 0.3062500000000001 0.45625 0.3062500000000001 0.4703125 0.3656250000000001 0.4703125
0 0.20312500000000008 0.45 0.15937500000000004 0.45 0.15937500000000004 0.4625 0.20312500000000008 0.4625
4 0.17812500000000003 0.4703125 0.10781250000000005 0.4703125 0.10781250000000005 0.5015625 0.17812500000000003 0.5015625
4 0.825 0.5046875000000002 0.7453125 0.5046875000000002 0.7453125 0.5343750000000002 0.825 0.5343750000000002