2 0.62109375 0.8867187500000002 0.5984375000000001 0.8640625000000002 0.5734375000000002 0.8890625000000002 0.5960937500000001 0.9117187500000001
2 0.07481592465753426 0.6215924657534246 0.05006421232876721 0.5986087328767123 0.028193493150685044 0.6221618150684932 0.0529452054794521 0.6451455479452054
2 0.8109375000000002 0.8765625000000001 0.7875000000000001 0.8531250000000001 0.7640625000000001 0.8765625000000001 0.7875000000000001 0.9000000000000001
2 0.2515625 0.6125 0.2273437500000001 0.5882812500000001 0.2039062500000001 0.6117187500000002 0.228125 0.6359375
2 0.5285145547945206 0.696455479452055 0.5046618150684931 0.6743065068493151 0.4822345890410958 0.6984589041095891 0.5060873287671234 0.720607876712329
3 0.21069265463917528 0.8211759020618556 0.207944587628866 0.7607184278350515 0.10382731958762888 0.7654510309278351 0.10657538659793815 0.8259085051546393
3 0.7459383632596686 0.9087664019337017 0.7428176795580111 0.84947341160221 0.6398955455801106 0.8548903660220996 0.643016229281768 0.9141833563535913
3 0.18730769230769231 0.5184134615384616 0.18401923076923077 0.4592211538461538 0.07956730769230769 0.4650240384615384 0.08285576923076923 0.5242163461538462
3 0.47200880524861877 0.7275422997237571 0.4688924378453039 0.6683313190607736 0.36441212016574587 0.6738302831491713 0.3675284875690608 0.7330412638121547
3 0.20569000912408758 0.738655337591241 0.20404539233576643 0.6778045164233577 0.09934990875912408 0.6806341240875912 0.10099452554744523 0.7414849452554745
0 0.9109375 0.8921875 0.7859375000000002 0.8921875 0.7859375000000002 0.925 0.9109375 0.925
0 0.85625 0.83125 0.7828125000000001 0.83125 0.7828125000000001 0.85625 0.85625 0.85625
0 0.7703125000000002 0.871875 0.7468750000000002 0.871875 0.7468750000000002 0.8859375 0.7703125000000002 0.8859375
0 0.6453125000000002 0.8796875 0.6218750000000002 0.8796875 0.6218750000000002 0.89375 0.6453125000000002 0.89375
0 0.6031250000000001 0.6875 0.53125 0.6875 0.5312500000000001 0.86875 0.6031250000000001 0.86875
0 0.4875 0.690625 0.4703125 0.690625 0.4703125 0.7046875 0.4875 0.7046875
0 0.4343750000000002 0.728125 0.3765625000000001 0.728125 0.3765625000000001 0.915625 0.4343750000000002 0.915625
0 0.3437500000000001 0.6015625 0.2515625000000001 0.6015625 0.2515625000000001 0.8859375 0.3437500000000001 0.8859375
0 0.23593750000000008 0.48125 0.18750000000000006 0.48125 0.18750000000000006 0.5921875 0.23593750000000008 0.5921875
0 0.2406250000000001 0.63125 0.2015625000000001 0.63125 0.2015625000000001 0.7140625 0.2406250000000001 0.7140625
0 0.2453125000000001 0.63125 0.20312500000000008 0.63125 0.20312500000000008 0.7984375 0.2453125000000001 0.7984375
0 0.08906250000000007 0.4921875 0.039062500000000056 0.4921875 0.03906250000000007 0.6 0.08906250000000007 0.6
0 0.10312500000000009 0.640625 0.04843750000000008 0.640625 0.048437500000000085 0.71875 0.10312500000000009 0.71875
0 0.1062500000000001 0.640625 0.046875000000000076 0.640625 0.04687500000000009 0.8015625 0.1062500000000001 0.8015625
3 0.38750000000000007 0.878125 0.2953125000000001 0.878125 0.2953125000000001 0.94375 0.38750000000000007 0.94375
1 0.8859375 0.8203125 0.8515625 0.8203125 0.8515625 0.8546875 0.8859375 0.8546875
1 0.9421875 0.8984375 0.9078125 0.8984375 0.9078125 0.9328125 0.9421875 0.9328125
4 0.9140625 0.846875 0.8328125 0.846875 0.8328125 0.9140625 0.9140625 0.9140625
4 0.9640625 0.9234375 0.8890625 0.9234375 0.8890625 0.9640625 0.9640625 0.9640625
4 0.6921875000000002 0.7796875 0.6140625000000002 0.7796875 0.6140625000000002 0.8 0.6921875000000002 0.8
4 0.6421875000000001 0.8265625 0.5484375000000001 0.8265625 0.5484375000000001 0.8453125 0.6421875000000001 0.8453125
4 0.6859375000000002 0.9265625 0.5031250000000002 0.9265625 0.5031250000000002 0.9859375 0.6859375000000002 0.9859375
4 0.23593750000000008 0.915625 0.14843750000000014 0.915625 0.14843750000000014 0.9359375 0.23593750000000008 0.9359375
4 0.13750000000000012 0.921875 0.05156250000000011 0.921875 0.05156250000000011 0.965625 0.13750000000000012 0.965625