2 0.593560303514377 0.895367412140575 0.5710363418530352 0.8709664536741215 0.5467651757188499 0.8933706070287541 0.5692891373801918 0.9177715654952078
2 0.06875000000000005 0.5906250000000001 0.0453125 0.5671875 0.021875 0.590625 0.04531250000000005 0.6140625000000001
2 0.7851562500000001 0.8976562500000002 0.7617187500000001 0.8742187500000002 0.7390625000000001 0.8968750000000002 0.7625000000000001 0.9203125000000002
2 0.24531250000000004 0.5937500000000002 0.221875 0.5703125000000001 0.19921875000000006 0.59296875 0.22265625000000008 0.61640625
2 0.51640625 0.6976562500000002 0.49296875 0.6742187500000002 0.46953125 0.6976562500000002 0.49296875 0.7210937500000002
3 0.1911067292332269 0.7410817691693291 0.08777206469648569 0.7369483825878594 0.08534345047923331 0.7976637380191692 0.18867811501597453 0.801797124600639
3 0.7180858701895463 0.8673086588167719 0.6157053238081563 0.8655733953187822 0.6147257323377371 0.9233692920735208 0.717106278719127 0.9251045555715105
3 0.18750000000000006 0.4375 0.08437500000000005 0.4375 0.08437500000000006 0.496875 0.18750000000000006 0.496875
3 0.45796857658157614 0.6671927025527192 0.3536053690344063 0.6637139289678136 0.3516249306326305 0.7231270810210877 0.4559881381798003 0.7266058546059935
3 0.19252354452054804 0.6581142979452055 0.08930864726027406 0.6542915239726027 0.087099743150685 0.7139319349315069 0.190314640410959 0.7177547089041096
0 0.88125 0.9171875 0.7562500000000002 0.9171875 0.7562500000000002 0.9453125 0.88125 0.9453125
0 0.8296875 0.8546875 0.7578125000000002 0.8546875 0.7578125000000002 0.8765625 0.8296875 0.8765625
0 0.7421875000000002 0.8890625 0.7187500000000002 0.8890625 0.7187500000000002 0.903125 0.7421875000000002 0.903125
0 0.6171875000000002 0.8875 0.5937500000000002 0.8875 0.5937500000000002 0.9015625 0.6171875000000002 0.9015625
0 0.5796875000000001 0.6921875 0.5140625 0.6921875 0.5140625000000001 0.871875 0.5796875000000001 0.871875
0 0.475 0.6890625 0.4578125 0.6890625 0.4578125 0.7015625 0.475 0.7015625
0 0.4093750000000001 0.721875 0.3578125000000001 0.721875 0.3578125000000001 0.9078125 0.40937500000000016 0.9078125
0 0.3234375000000001 0.5875 0.2406250000000001 0.5875 0.2406250000000001 0.8703125 0.3234375000000001 0.8703125
0 0.2328125000000001 0.4625 0.18750000000000006 0.4625 0.18750000000000006 0.571875 0.2328125000000001 0.571875
0 0.22812500000000008 0.6125 0.1921875000000001 0.6125 0.1921875000000001 0.69375 0.22812500000000008 0.69375
0 0.22812500000000008 0.6125 0.1906250000000001 0.6125 0.1906250000000001 0.778125 0.22812500000000008 0.778125
0 0.08593750000000007 0.4625 0.04062500000000006 0.4625 0.040625000000000064 0.56875 0.08593750000000007 0.56875
0 0.09062500000000008 0.6109375 0.039062500000000076 0.6109375 0.03906250000000008 0.6875 0.0906250000000001 0.6875
0 0.08906250000000007 0.6109375 0.03593750000000008 0.6109375 0.03593750000000008 0.7703125 0.08906250000000009 0.7703125
3 0.3578125000000001 0.86875 0.2671875000000001 0.86875 0.2671875000000001 0.93125 0.3578125000000001 0.93125
1 0.8609375 0.8453125 0.828125 0.8453125 0.828125 0.878125 0.8609375 0.878125
1 0.9109375 0.928125 0.878125 0.928125 0.878125 0.9609375 0.9109375 0.9609375
4 0.8859375 0.8734375 0.8078125 0.8734375 0.8078125 0.9375 0.8859375 0.9375
4 0.93125 0.9546875 0.8578125 0.9546875 0.8578125 0.9921875 0.93125 0.9921875
4 0.6703125000000002 0.7921875 0.5921875000000002 0.7921875 0.5921875000000002 0.809375 0.6703125000000002 0.809375
4 0.6187500000000001 0.834375 0.5250000000000001 0.834375 0.5250000000000001 0.85 0.6187500000000001 0.85
4 0.6531250000000002 0.9359375 0.47187500000000016 0.9359375 0.47187500000000016 0.9890625 0.6531250000000002 0.9890625
4 0.2078125000000001 0.8953125 0.12031250000000009 0.8953125 0.12031250000000011 0.9125 0.2078125000000001 0.9125
4 0.10625000000000011 0.89375 0.02187500000000011 0.89375 0.021875000000000113 0.934375 0.10625000000000014 0.934375