2 0.44453125000000016 0.8929687500000002 0.4203125000000001 0.8687500000000001 0.3976562500000001 0.8914062500000002 0.42187500000000017 0.9156250000000001
2 0.97578125 0.5976562500000001 0.95234375 0.5742187500000001 0.92890625 0.5976562500000001 0.95234375 0.6210937500000001
2 0.25390625000000006 0.89140625 0.23046875000000014 0.86796875 0.20703125000000006 0.8914062500000002 0.23046874999999994 0.91484375
2 0.7983626198083067 0.5971845047923324 0.777276357827476 0.5743410543130992 0.753070087859425 0.5966853035143771 0.7741563498402556 0.6195287539936103
2 0.5257737619808307 0.6978434504792332 0.504028554313099 0.6742861421725239 0.4796924920127795 0.6967501996805112 0.5014376996805112 0.7203075079872205
3 0.9078125 0.7453125000000002 0.8046875 0.7453125000000002 0.8046875 0.8046875 0.9078125 0.8046875
3 0.3765625000000001 0.8625 0.2750000000000001 0.8625 0.2750000000000001 0.9203125 0.3765625000000001 0.9203125
3 0.915625 0.4437500000000002 0.8125 0.4437500000000002 0.8125 0.5015625000000001 0.915625 0.5015625000000001
3 0.6421875 0.6671875 0.5390625 0.6671875 0.5390625 0.725 0.6421875 0.725
3 0.9078125 0.6625000000000002 0.8046875 0.6625000000000002 0.8046875 0.7218750000000002 0.9078125 0.7218750000000002
0 0.23593750000000008 0.9125 0.11250000000000013 0.9125 0.11250000000000013 0.9390625 0.23593750000000008 0.9390625
0 0.23593750000000008 0.85 0.16406250000000008 0.85 0.16406250000000008 0.8703125 0.23593750000000008 0.8703125
0 0.2750000000000001 0.8859375 0.2515625000000001 0.8859375 0.2515625000000001 0.8984375 0.2750000000000001 0.8984375
0 0.4000000000000002 0.8859375 0.3765625000000001 0.8859375 0.3765625000000001 0.8984375 0.4000000000000002 0.8984375
0 0.4796875000000001 0.690625 0.4171875 0.690625 0.4171875000000001 0.8703125 0.47968750000000016 0.8703125
0 0.540625 0.6890625 0.5234375 0.6890625 0.5234375 0.7015625 0.540625 0.7015625
0 0.6359375 0.7234375 0.5875 0.7234375 0.5875000000000001 0.909375 0.6359375000000002 0.909375
0 0.7546875000000001 0.5921875000000001 0.6765625 0.5921875 0.6765625000000001 0.8734375 0.7546875000000002 0.8734375
0 0.8125 0.4671875000000002 0.76875 0.4671875000000002 0.76875 0.5750000000000002 0.8125 0.5750000000000002
0 0.80625 0.6171875000000002 0.771875 0.6171875000000002 0.771875 0.6984375000000002 0.80625 0.6984375000000002
0 0.8046875 0.6171875000000002 0.7703125 0.6171875000000002 0.7703125000000001 0.7828125000000001 0.8046875 0.7828125000000001
0 0.959375 0.4703125000000002 0.915625 0.4703125000000002 0.915625 0.5765625000000002 0.959375 0.5765625000000002
0 0.959375 0.6187500000000001 0.9078125 0.6187500000000001 0.9078125 0.6953125000000002 0.959375 0.6953125000000002
0 0.959375 0.6187500000000001 0.909375 0.6187500000000001 0.909375 0.7781250000000002 0.959375 0.7781250000000002
3 0.7250000000000002 0.871875 0.6359375000000002 0.871875 0.6359375000000002 0.9328125 0.7250000000000002 0.9328125
1 0.16562500000000008 0.8390625 0.13281250000000008 0.8390625 0.13281250000000008 0.871875 0.16562500000000008 0.871875
1 0.11406250000000014 0.9203125 0.08125000000000011 0.9203125 0.08125000000000011 0.953125 0.11406250000000014 0.953125
4 0.18593750000000012 0.8671875 0.10781250000000009 0.8671875 0.10781250000000012 0.9296875 0.18593750000000014 0.9296875
4 0.13437500000000013 0.946875 0.06093750000000011 0.946875 0.06093750000000011 0.984375 0.13437500000000013 0.984375
4 0.40156250000000016 0.7890625 0.32500000000000007 0.7890625 0.32500000000000007 0.80625 0.40156250000000016 0.80625
4 0.46875000000000017 0.8328125 0.3765625000000001 0.8328125 0.3765625000000001 0.846875 0.46875000000000017 0.846875
4 0.5203125000000002 0.9359375 0.3390625000000001 0.9359375 0.3390625000000001 0.9859375 0.5203125000000002 0.9859375
4 0.8734375 0.9015625 0.7859375000000002 0.9015625 0.7859375000000002 0.9171875 0.8734375 0.9171875
4 0.971875 0.9015625 0.8875 0.9015625 0.8875 0.940625 0.971875 0.940625