3 0.22031250000000008 0.678125 0.11562500000000009 0.678125 0.11562500000000009 0.740625 0.22031250000000008 0.740625
3 0.7671875 0.2828125000000001 0.6609375 0.2828125000000001 0.6609375 0.3453125000000001 0.7671875 0.3453125000000001
3 0.94375 0.5656250000000002 0.8390625 0.5656250000000002 0.8390625 0.6281250000000002 0.94375 0.6281250000000002
3 0.8265625 0.675 0.71875 0.675 0.7187500000000001 0.7359375000000001 0.8265625 0.7359375000000001
3 0.4937500000000002 0.8703125 0.38750000000000007 0.8703125 0.38750000000000007 0.9328125 0.4937500000000002 0.9328125
3 0.6125000000000002 0.871875 0.5062500000000002 0.871875 0.5062500000000002 0.934375 0.6125000000000002 0.934375
2 0.9140625 0.4734375000000002 0.86875 0.4734375000000002 0.86875 0.5187500000000002 0.9140625 0.5187500000000002
2 0.9203125 0.6984375000000002 0.8765625 0.6984375000000002 0.8765625 0.7437500000000001 0.9203125 0.7437500000000001
2 0.2796875000000001 0.6859375 0.23437500000000008 0.6859375 0.23437500000000008 0.73125 0.2796875000000001 0.73125
2 0.3828125000000001 0.684375 0.3375000000000001 0.684375 0.3375000000000001 0.73125 0.3828125000000001 0.73125
1 0.2718750000000001 0.7609375 0.24218750000000008 0.7609375 0.24218750000000008 0.790625 0.2718750000000001 0.790625
0 0.11718750000000007 0.284375 0.06406250000000005 0.284375 0.06406250000000006 0.7140625 0.11718750000000008 0.7140625
0 0.23437500000000008 0.703125 0.22031250000000008 0.703125 0.22031250000000008 0.715625 0.23437500000000008 0.715625
0 0.26250000000000007 0.728125 0.2515625000000001 0.728125 0.2515625000000001 0.7609375 0.26250000000000007 0.7609375
0 0.3375000000000001 0.703125 0.2796875000000001 0.703125 0.2796875000000001 0.715625 0.3375000000000001 0.715625
0 0.86875 0.48906250000000007 0.35625000000000007 0.4890625 0.35625000000000007 0.6859375000000001 0.86875 0.6859375000000002
0 0.3890625000000001 0.728125 0.35625000000000007 0.728125 0.35625000000000007 0.9078125 0.3890625000000001 0.9078125
0 0.5078125000000002 0.89375 0.4937500000000002 0.89375 0.4937500000000002 0.909375 0.5078125000000002 0.909375
0 0.6625000000000001 0.30937500000000007 0.6109375 0.30937500000000007 0.6109375000000001 0.90625 0.6625000000000002 0.90625
0 0.721875 0.3437500000000001 0.6828125 0.3437500000000001 0.6828125 0.7125 0.721875 0.7125
0 0.8765625 0.7156250000000002 0.825 0.7156250000000002 0.825 0.7265625000000002 0.8765625 0.7265625000000002
0 0.903125 0.6281250000000002 0.8828125 0.6281250000000002 0.8828125 0.7000000000000002 0.903125 0.7000000000000002
0 0.896875 0.5187500000000002 0.884375 0.5187500000000002 0.884375 0.5671875000000002 0.896875 0.5671875000000002
0 0.9484375 0.4906250000000002 0.9125 0.4906250000000002 0.9125 0.5062500000000002 0.9484375 0.5062500000000002
4 0.28593750000000007 0.7984375 0.22656250000000008 0.7984375 0.22656250000000008 0.825 0.28593750000000007 0.825
4 0.3156250000000001 0.6921875 0.2562500000000001 0.6921875 0.2562500000000001 0.7203125 0.3156250000000001 0.7203125
4 0.4125000000000001 0.7203125 0.3359375000000001 0.7203125 0.3359375000000001 0.75625 0.4125000000000002 0.75625
4 0.6375 0.4765625 0.415625 0.4765625 0.415625 0.503125 0.6375 0.503125
4 0.9359375 0.6578125000000001 0.8484375 0.6578125000000001 0.8484375 0.6734375000000001 0.9359375 0.6734375000000001