3 0.8890625 0.6718750000000002 0.7828125 0.6718750000000002 0.7828125000000001 0.7359375000000001 0.8890625 0.7359375000000001
3 0.3375 0.2859375 0.2296875 0.2859375 0.2296875 0.3515625 0.3375 0.3515625
3 0.16406250000000008 0.571875 0.057812500000000065 0.571875 0.05781250000000008 0.6375 0.16406250000000008 0.6375
3 0.28593750000000007 0.678125 0.1781250000000001 0.678125 0.1781250000000001 0.7421875 0.28593750000000007 0.7421875
3 0.6203125000000002 0.86875 0.5140625000000002 0.86875 0.5140625000000002 0.9328125 0.6203125000000002 0.9328125
3 0.5015625000000001 0.871875 0.39531250000000007 0.871875 0.39531250000000007 0.9375 0.5015625000000001 0.9375
2 0.13125000000000003 0.4796875 0.08593750000000007 0.4796875 0.08593750000000007 0.5265625 0.13125000000000003 0.5265625
2 0.1281250000000001 0.7046875 0.0828125000000001 0.7046875 0.0828125000000001 0.7515625 0.1281250000000001 0.7515625
2 0.7718750000000001 0.6812500000000001 0.725 0.68125 0.7250000000000001 0.7281250000000001 0.7718750000000002 0.7281250000000001
2 0.6671875 0.68125 0.6203125 0.68125 0.6203125 0.7296875 0.6671875000000002 0.7296875
1 0.7625000000000002 0.7578125000000002 0.7328125000000002 0.7578125000000002 0.7328125000000002 0.7875000000000002 0.7625000000000002 0.7875000000000002
0 0.9390625 0.2765625000000001 0.8796875 0.2765625000000001 0.8796875 0.7078125000000002 0.9390625 0.7078125000000002
0 0.784375 0.6984375000000002 0.7703125 0.6984375000000002 0.7703125 0.7109375000000002 0.784375 0.7109375000000002
0 0.753125 0.7250000000000002 0.740625 0.7250000000000002 0.7406250000000001 0.7578125000000002 0.7531250000000002 0.7578125000000002
0 0.725 0.6984375 0.6671875 0.6984375 0.6671875 0.7125 0.725 0.7125
0 0.646875 0.4875 0.13125000000000003 0.4875 0.13125000000000006 0.6921875 0.646875 0.6921875
0 0.6515625000000002 0.7265625 0.6156250000000002 0.7265625 0.6156250000000002 0.90625 0.6515625000000002 0.90625
0 0.5140625000000002 0.89375 0.5000000000000002 0.89375 0.5000000000000002 0.909375 0.5140625000000002 0.909375
0 0.39531250000000007 0.31093750000000003 0.334375 0.3109375 0.33437500000000003 0.909375 0.39531250000000007 0.909375
0 0.321875 0.346875 0.2765625 0.346875 0.27656250000000004 0.715625 0.3218750000000001 0.715625
0 0.17968750000000008 0.721875 0.1281250000000001 0.721875 0.1281250000000001 0.7328125 0.17968750000000008 0.7328125
0 0.12031250000000009 0.6359375 0.10000000000000009 0.6359375 0.10000000000000009 0.7078125 0.12031250000000009 0.7078125
0 0.11718750000000007 0.525 0.10468750000000004 0.525 0.10468750000000007 0.575 0.11718750000000008 0.575
0 0.08906250000000007 0.4984375 0.05156250000000007 0.4984375 0.05156250000000007 0.5140625 0.08906250000000007 0.5140625
4 0.7796875000000002 0.7937500000000001 0.7203125000000001 0.79375 0.7203125000000001 0.8203125 0.7796875000000002 0.8203125
4 0.7484375 0.6890625000000001 0.6890625 0.6890625 0.6890625 0.7171875000000001 0.7484375 0.7171875000000002
4 0.6687500000000001 0.7171875 0.5921875 0.7171875 0.5921875000000001 0.7546875 0.6687500000000002 0.7546875
4 0.584375 0.475 0.3625000000000001 0.475 0.3625000000000001 0.5046875 0.584375 0.5046875
4 0.1546875000000001 0.6640625 0.0671875000000001 0.6640625 0.0671875000000001 0.68125 0.1546875000000001 0.68125