3 0.9015625 0.6500000000000001 0.7921875 0.6500000000000001 0.7921875 0.7203125000000001 0.9015625 0.7203125000000001
3 0.3296875 0.2953125 0.21875 0.2953125 0.21875000000000006 0.365625 0.3296875000000001 0.365625
3 0.17187500000000008 0.5890625 0.06250000000000007 0.5890625 0.06250000000000008 0.659375 0.17187500000000008 0.659375
3 0.2984375000000001 0.690625 0.18750000000000008 0.690625 0.18750000000000008 0.759375 0.2984375000000001 0.759375
3 0.6421875000000001 0.8609375 0.5328125000000001 0.8609375 0.5328125000000001 0.93125 0.6421875000000001 0.93125
3 0.5234375000000002 0.871875 0.41406250000000017 0.871875 0.41406250000000017 0.9421875 0.5234375000000002 0.9421875
2 0.13281250000000006 0.5 0.08593750000000007 0.5 0.08593750000000007 0.5484375 0.13281250000000008 0.5484375
2 0.14218750000000008 0.725 0.09531250000000009 0.725 0.09531250000000009 0.7734375 0.14218750000000008 0.7734375
2 0.7828125 0.6671875000000002 0.734375 0.6671875000000002 0.734375 0.7156250000000002 0.7828125 0.7156250000000002
2 0.6796875 0.6734375 0.6296875 0.6734375 0.6296875 0.7234375 0.6796875 0.7234375
1 0.7828125000000001 0.7593750000000001 0.7609375 0.7375 0.73984375 0.7585937500000002 0.76171875 0.7804687500000002
0 0.95 0.25468750000000007 0.8671875 0.25468750000000007 0.8671875 0.6875000000000002 0.95 0.6875000000000002
0 0.7953125 0.6828125000000002 0.7796875 0.6828125000000002 0.7796875 0.6968750000000001 0.7953125 0.6968750000000001
0 0.7671875000000001 0.7109375000000002 0.753125 0.7109375000000002 0.753125 0.7437500000000001 0.7671875000000001 0.7437500000000001
0 0.734375 0.6859375000000001 0.6765625 0.6859375 0.6765625 0.7031250000000001 0.734375 0.7031250000000002
0 0.65625 0.4796875 0.13281250000000006 0.4796875 0.13281250000000006 0.7109375 0.65625 0.7109375
0 0.6734375000000001 0.71875 0.628125 0.71875 0.628125 0.9 0.6734375000000001 0.9
0 0.5359375000000002 0.89375 0.5203125000000002 0.89375 0.5203125000000002 0.909375 0.5359375000000002 0.909375
0 0.4171875000000001 0.31718750000000007 0.325 0.3171875 0.32500000000000007 0.9171875 0.41718750000000016 0.9171875
0 0.33281250000000007 0.3578125 0.26875 0.3578125 0.26875000000000004 0.728125 0.33281250000000007 0.728125
0 0.1921875000000001 0.7390625 0.14062500000000008 0.7390625 0.14062500000000008 0.753125 0.1921875000000001 0.753125
0 0.13281250000000008 0.65625 0.10781250000000009 0.65625 0.10781250000000009 0.728125 0.13281250000000008 0.728125
0 0.1218750000000001 0.5453125 0.1062500000000001 0.5453125 0.1062500000000001 0.5953125 0.1218750000000001 0.5953125
0 0.08906250000000007 0.5203125 0.05156250000000007 0.5203125 0.05156250000000007 0.5375 0.08906250000000007 0.5375
4 0.7953125000000002 0.7796875000000002 0.7343750000000002 0.7796875000000002 0.7343750000000002 0.809375 0.7953125000000002 0.809375
4 0.759375 0.675 0.6984375 0.675 0.6984375 0.70625 0.759375 0.7062500000000002
4 0.6828125 0.7078125 0.603125 0.7078125 0.6031250000000001 0.75 0.6828125000000002 0.75
4 0.584375 0.4703125 0.3625000000000001 0.4703125 0.3625000000000001 0.5125 0.584375 0.5125
4 0.16406250000000008 0.6828125 0.07656250000000009 0.6828125 0.07656250000000009 0.7046875 0.16406250000000008 0.7046875