4 0.2421875 0.2625 0.2109375 0.2625 0.2109375 0.28125 0.2421875 0.28125
4 0.21718750000000003 0.3328125 0.06250000000000004 0.3328125 0.06250000000000004 0.365625 0.2171875000000001 0.365625
0 0.16406250000000006 0.471875 0.14687500000000003 0.471875 0.14687500000000003 0.5234375 0.16406250000000006 0.5234375
0 0.16093750000000004 0.225 0.14687500000000003 0.225 0.14687500000000003 0.265625 0.16093750000000004 0.265625
0 0.27812500000000007 0.290625 0.17500000000000004 0.290625 0.17500000000000007 0.5515625 0.27812500000000007 0.5515625
0 0.16093750000000004 0.3296875 0.14843750000000006 0.3296875 0.14843750000000006 0.4078125 0.16093750000000004 0.4078125
0 0.1625 0.09375000000000003 0.146875 0.09375000000000003 0.146875 0.1453125 0.1625 0.1453125
2 0.18896897810218977 0.29721031021897815 0.15612226277372265 0.26253877737226283 0.12023722627737232 0.2965351277372263 0.15308394160583944 0.3312066605839416
1 0.1794989224137931 0.5532058189655172 0.16519396551724136 0.5198275862068965 0.13068426724137933 0.5346174568965517 0.14498922413793106 0.5679956896551724
1 0.18072212837837842 0.08051097972972973 0.1585515202702703 0.0494721283783784 0.12839949324324326 0.07100929054054057 0.15057010135135135 0.1020481418918919
3 0.2328125000000001 0.40625 0.07656250000000005 0.40625 0.07656250000000006 0.4734375 0.2328125000000001 0.4734375
3 0.2328125 0.14687500000000003 0.07656250000000002 0.146875 0.07656250000000002 0.225 0.2328125 0.225