4 0.2640625 0.2375 0.23125 0.2375 0.23125 0.259375 0.2640625 0.259375
4 0.2328125 0.2953125 0.07656250000000005 0.2953125 0.07656250000000005 0.3421875 0.2328125 0.3421875
0 0.16718750000000004 0.440625 0.14531250000000004 0.440625 0.14531250000000004 0.49375 0.16718750000000004 0.49375
0 0.18593750000000003 0.19531250000000003 0.16875000000000004 0.1953125 0.16875000000000004 0.2375 0.18593750000000003 0.2375
0 0.29687500000000006 0.2640625 0.17187500000000006 0.2640625 0.17187500000000006 0.5328125 0.2968750000000001 0.5328125
0 0.17812500000000003 0.2984375 0.15781250000000005 0.2984375 0.15781250000000005 0.378125 0.17812500000000003 0.378125
0 0.1984375 0.06562500000000002 0.1796875 0.06562500000000002 0.1796875 0.11718750000000003 0.1984375 0.11718750000000004
2 0.20799040841584157 0.2724396658415842 0.17694152227722773 0.23449102722772283 0.13950340346534654 0.26512221534653474 0.17055228960396035 0.30307085396039607
1 0.17187500000000006 0.4953125 0.13437500000000005 0.4953125 0.13437500000000005 0.5328125 0.17187500000000006 0.5328125
1 0.21646634615384616 0.0635817307692308 0.2088942307692308 0.025721153846153855 0.17193509615384617 0.03311298076923077 0.17950721153846155 0.0709735576923077
3 0.24344231158833068 0.38327719813614264 0.08678079416531607 0.3698490680713128 0.08091192260940036 0.43831923622366287 0.23757344003241493 0.4517473662884927
3 0.2661340420995503 0.12498594743371068 0.10901665955962166 0.1112381764614669 0.10207323809893007 0.1905915645836564 0.2591906206388587 0.20433933555590017