4 0.7828125 0.2515625000000001 0.7515625 0.2515625000000001 0.7515625 0.2718750000000001 0.7828125 0.2718750000000001
4 0.9328125 0.31718750000000007 0.7765625 0.31718750000000007 0.7765625 0.35625000000000007 0.9328125 0.35625000000000007
0 0.8546875 0.4593750000000002 0.8359375 0.4593750000000002 0.8359375 0.5125000000000002 0.8546875 0.5125000000000002
0 0.8453125 0.21250000000000008 0.8296875 0.21250000000000008 0.8296875 0.25468750000000007 0.8453125 0.25468750000000007
0 0.8265625 0.2796875000000001 0.7140625 0.2796875000000001 0.7140625 0.5437500000000001 0.8265625 0.5437500000000002
0 0.8484375 0.31718750000000007 0.8328125 0.31718750000000007 0.8328125 0.39531250000000007 0.8484375 0.39531250000000007
0 0.840625 0.08281250000000011 0.8234375 0.08281250000000011 0.8234375 0.13437500000000008 0.840625 0.13437500000000008
2 0.871875 0.28593750000000007 0.8375 0.2515625 0.803125 0.28593750000000007 0.8375 0.3203125000000001
1 0.8640625 0.5140625000000002 0.8265625 0.5140625000000002 0.8265625 0.5515625000000002 0.8640625 0.5515625000000002
1 0.855616554054054 0.0694256756756757 0.8338682432432434 0.03897804054054053 0.803272804054054 0.060831925675675656 0.825021114864865 0.09127956081081083
3 0.9222362385321101 0.4603583715596331 0.9201605504587157 0.39186066513761475 0.7622090022935779 0.39664707568807345 0.7642846903669724 0.4651447821100918
3 0.9133862011988931 0.21197548416845988 0.9105907047340915 0.13230383492161082 0.7531091492468489 0.13782950353519827 0.7559046457116507 0.21750115278204735