3 0.6531250000000001 0.7015625 0.4953125 0.7015625 0.4953125000000001 0.76875 0.6531250000000002 0.76875
3 0.4515625 0.6203125 0.29375000000000007 0.6203125 0.29375000000000007 0.6734375 0.4515625 0.6734375
3 0.2656250000000001 0.896875 0.08125000000000011 0.896875 0.08125000000000011 0.9765625 0.2656250000000001 0.9765625
3 0.2640625000000001 0.7671875 0.08125000000000009 0.7671875 0.0812500000000001 0.846875 0.2640625000000001 0.846875
3 0.4515625 0.5421875 0.29375000000000007 0.5421875 0.29375000000000007 0.5953125 0.4515625 0.5953125
1 0.534375 0.3234375000000001 0.496875 0.3234375000000001 0.496875 0.3593750000000001 0.534375 0.3593750000000001
1 0.1890625 0.04843750000000002 0.1515625 0.04843750000000002 0.1515625 0.08750000000000002 0.1890625 0.08750000000000002
2 0.20390625 0.33984375 0.17031250000000003 0.3062500000000001 0.13671875000000006 0.33984375000000006 0.1703125 0.3734375
2 0.20390625 0.15859375000000003 0.1703125 0.125 0.13671875 0.15859375 0.17031250000000003 0.19218750000000004
2 0.40625 0.4578125000000002 0.37187500000000007 0.4234375000000002 0.3375 0.4578125000000002 0.37187500000000007 0.49218750000000017
2 0.40703125 0.3414062500000001 0.37187499999999996 0.30625 0.33828125 0.33984375000000006 0.3734375 0.3750000000000001
4 0.4 0.12656250000000005 0.3734375 0.12656250000000005 0.3734375 0.14062500000000006 0.4 0.14062500000000006
4 0.25625 0.30625 0.228125 0.30625 0.228125 0.3234375 0.25625 0.3234375
4 0.4546875 0.3343750000000001 0.428125 0.3343750000000001 0.428125 0.34843750000000007 0.4546875 0.34843750000000007
4 0.4640625 0.4515625 0.4375 0.4515625 0.4375 0.465625 0.4640625 0.465625
4 0.253125 0.19375000000000003 0.08593750000000003 0.19375 0.08593750000000003 0.265625 0.253125 0.265625
4 0.2468750000000001 0.375 0.09218750000000005 0.375 0.09218750000000005 0.446875 0.2468750000000001 0.446875
4 0.446875 0.37343750000000003 0.2968750000000001 0.3734375 0.2968750000000001 0.4125 0.446875 0.4125
4 0.446875 0.4921875 0.2984375000000001 0.4921875 0.2984375000000001 0.5296875 0.446875 0.5296875
0 0.17812500000000003 0.1921875 0.16250000000000003 0.1921875 0.16250000000000003 0.3078125 0.17812500000000003 0.3078125
0 0.3390625 0.3328125 0.203125 0.3328125 0.203125 0.35 0.3390625 0.35
0 0.4953125 0.3312500000000001 0.4046875 0.3312500000000001 0.4046875 0.3515625000000001 0.4953125 0.3515625000000001
0 0.18125000000000008 0.375 0.16093750000000004 0.375 0.16093750000000007 0.7671875 0.18125000000000008 0.7671875
0 0.1828125000000001 0.846875 0.16406250000000008 0.846875 0.16406250000000008 0.896875 0.1828125000000001 0.896875
0 0.3765625000000001 0.6734375 0.1609375000000001 0.6734375 0.1609375000000001 0.7671875 0.3765625000000001 0.7671875
0 0.49531250000000016 0.73125 0.2671875000000001 0.73125 0.2671875000000001 0.946875 0.49531250000000016 0.946875
0 0.3812500000000001 0.5953125 0.36406250000000007 0.5953125 0.36406250000000007 0.621875 0.3812500000000001 0.621875
0 0.3812500000000001 0.37187500000000007 0.3625000000000001 0.371875 0.3625000000000001 0.425 0.3812500000000001 0.425
0 0.3812500000000001 0.490625 0.3625000000000001 0.490625 0.3625000000000001 0.5421875 0.3812500000000001 0.5421875
0 0.50625 0.453125 0.4046875 0.453125 0.4046875 0.6546875 0.50625 0.6546875
0 0.5828125 0.15312500000000007 0.2015625 0.15312500000000004 0.20156250000000003 0.7015625 0.5828125 0.7015625