3 0.5177960192697769 0.7693521805273835 0.515252964581058 0.7015373888282105 0.35559467155562496 0.7075245748166642 0.3581377262443439 0.7753393665158372
3 0.7144881187367143 0.6618950235347708 0.7111251613270573 0.6074151134983299 0.5523551377922866 0.6172157322350441 0.5557180952019435 0.671695642271485
3 0.9423558356353592 0.9547608770718232 0.9381603936464089 0.8750474792817681 0.7542127071823206 0.8847289364640885 0.7584081491712709 0.9644423342541437
3 0.9354425904977376 0.8255444004524888 0.9316247171945701 0.7453690610859729 0.7479638009049775 0.7541148190045249 0.7517816742081449 0.8342901583710407
3 0.7102382596685084 0.5851519337016575 0.7073679212707183 0.5306155041436464 0.5481871546961327 0.5389934392265194 0.5510574930939227 0.5935298687845305
1 0.49375 0.3234375000000001 0.45625 0.3234375000000001 0.45625 0.3609375000000001 0.49375 0.3609375000000001
1 0.8250240384615383 0.0341826923076924 0.7881009615384617 0.02956730769230779 0.7833894230769232 0.06725961538461549 0.8203124999999998 0.07187500000000009
2 0.8543127828054299 0.3218184389140273 0.8178379524886876 0.2886595022624435 0.784679015837104 0.32513433257918556 0.8211538461538461 0.3582932692307693
2 0.8437132352941179 0.1401470588235294 0.8062683823529415 0.10805147058823535 0.7759375000000002 0.1434375000000001 0.8133823529411768 0.17553308823529418
2 0.6582096199524939 0.4505789786223279 0.6225801662707838 0.41732482185273173 0.5891181710213778 0.4531769596199526 0.6247476247030879 0.4864311163895487
2 0.6519274635036496 0.33225364963503656 0.6166491788321168 0.29883211678832133 0.5822833029197081 0.33510720802919713 0.6175615875912408 0.3685287408759124
4 0.6078125 0.12031250000000009 0.58125 0.12031250000000009 0.58125 0.1359375000000001 0.6078125 0.1359375000000001
4 0.7625 0.29375000000000007 0.734375 0.29375000000000007 0.734375 0.3109375000000001 0.7625 0.3109375000000001
4 0.5640625 0.3312500000000001 0.5375 0.3312500000000001 0.5375 0.3468750000000001 0.5640625 0.3468750000000001
4 0.5609375 0.4484375 0.534375 0.4484375 0.534375 0.4640625 0.5609375 0.4640625
4 0.9015625 0.17187500000000008 0.73125 0.17187500000000008 0.73125 0.2531250000000001 0.9015625 0.2531250000000001
4 0.9046875 0.3546875000000001 0.746875 0.3546875000000001 0.746875 0.4343750000000002 0.9046875 0.4343750000000002
4 0.6984375 0.36406250000000007 0.546875 0.36406250000000007 0.546875 0.409375 0.6984375 0.409375
4 0.7046875 0.48125 0.5546875 0.48125 0.5546875 0.5265625 0.7046875 0.5265625
0 0.828125 0.1750000000000001 0.80625 0.1750000000000001 0.80625 0.2921875000000001 0.828125 0.2921875000000001
0 0.7890625 0.31718750000000007 0.653125 0.31718750000000007 0.653125 0.3421875000000001 0.7890625 0.3421875000000001
0 0.5875 0.3265625000000001 0.496875 0.3265625000000001 0.496875 0.3515625000000001 0.5875 0.3515625000000001
0 0.853125 0.3578125000000001 0.8125 0.3578125000000001 0.8125 0.7500000000000002 0.853125 0.7500000000000002
0 0.85625 0.828125 0.8359375 0.828125 0.8359375 0.8796875 0.85625 0.8796875
0 0.8515625 0.6546875000000001 0.6328125 0.6546875 0.6328125000000001 0.7609375 0.8515625 0.7609375000000002
0 0.7562500000000001 0.7187500000000001 0.5171875 0.71875 0.5171875000000001 0.9453125 0.7562500000000002 0.9453125
0 0.6421875 0.5875 0.6234375 0.5875 0.6234375 0.615625 0.6421875 0.615625
0 0.6328125 0.3656250000000001 0.6125 0.3656250000000001 0.6125 0.4203125 0.6328125 0.4203125
0 0.640625 0.4828125 0.61875 0.4828125 0.61875 0.5359375 0.640625 0.5359375
0 0.6046875 0.4484375 0.4921875 0.4484375 0.4921875 0.65625 0.6046875 0.65625
0 0.809375 0.13750000000000007 0.4 0.13750000000000004 0.4 0.70625 0.809375 0.7062500000000002