3 0.48720856741573054 0.7038412921348315 0.32852879213483155 0.6887289325842697 0.32218047752809 0.7553862359550563 0.480860252808989 0.7704985955056181
3 0.69418589055794 0.6377682403433477 0.5363613197424895 0.6238425429184551 0.5316215128755366 0.6775603540772533 0.6894460836909871 0.691486051502146
3 0.882064386702331 0.9318040695452808 0.6971723347344289 0.9173027321360335 0.6909414405808179 0.9967466325945742 0.8758334925487201 1.0112479700038215
3 0.8939148509174313 0.8054400802752294 0.7102020112914609 0.7881086803105153 0.7027616663726183 0.8669763364502472 0.8864745059985888 0.8843077364149613
3 0.7017911585365855 0.5598704268292684 0.5432076688555348 0.5460805581613509 0.538470333020638 0.6005599202626642 0.6970538227016886 0.6143497889305817
1 0.5171875 0.3234375000000001 0.478125 0.3234375000000001 0.478125 0.3593750000000001 0.5171875 0.3593750000000001
1 0.886658653846154 0.11454326923076923 0.878846153846154 0.07548076923076923 0.8430889423076925 0.08263221153846156 0.8509014423076925 0.12169471153846156
2 0.875952743902439 0.37423780487804886 0.8453125 0.3359375000000001 0.806440548780488 0.3670350609756098 0.8370807926829269 0.4053353658536585
2 0.8914336089494161 0.19174975680933862 0.8593780398832684 0.15542011186770438 0.8235651750972762 0.18701969844357985 0.855620744163424 0.22334934338521412
2 0.6639338235294117 0.47354779411764697 0.6322794117647058 0.43661764705882344 0.595220588235294 0.46838235294117636 0.6268749999999998 0.5053124999999998
2 0.6749130154639176 0.35558634020618574 0.6440173969072165 0.31807023195876305 0.6060083762886598 0.3493717783505156 0.6369039948453608 0.38688788659793827
4 0.659375 0.1375000000000001 0.63125 0.1375000000000001 0.63125 0.1546875000000001 0.659375 0.1546875000000001
4 0.7875 0.3296875000000001 0.759375 0.3296875000000001 0.759375 0.34843750000000007 0.7875 0.34843750000000007
4 0.5875 0.3390625000000001 0.559375 0.3390625000000001 0.559375 0.35625000000000007 0.5875 0.35625000000000007
4 0.5671875 0.4546875 0.5390625 0.4546875 0.5390625 0.471875 0.5671875 0.471875
4 0.940625 0.2156250000000001 0.7671875 0.2156250000000001 0.7671875 0.30156250000000007 0.940625 0.30156250000000007
4 0.9171875 0.3984375000000001 0.7578125 0.3984375000000001 0.7578125 0.4828125000000002 0.9171875 0.4828125000000002
4 0.7140625 0.37968750000000007 0.5609375 0.37968750000000007 0.5609375 0.43125 0.7140625 0.43125
4 0.703125 0.496875 0.5515625 0.496875 0.5515625 0.5484375 0.703125 0.5484375
0 0.8625 0.2218750000000001 0.8375 0.2218750000000001 0.8375 0.3390625000000001 0.8625 0.3390625000000001
0 0.8125 0.3468750000000001 0.675 0.3468750000000001 0.675 0.3765625000000001 0.8125 0.3765625000000001
0 0.609375 0.33281250000000007 0.51875 0.33281250000000007 0.51875 0.3609375000000001 0.609375 0.3609375000000001
0 0.85 0.4031250000000002 0.7953125 0.4031250000000002 0.7953125000000001 0.7953125000000002 0.85 0.7953125000000002
0 0.8046875 0.8734375 0.7828125000000001 0.8734375 0.7828125000000001 0.925 0.8046875 0.925
0 0.821875 0.6843750000000001 0.6 0.684375 0.6000000000000001 0.7968750000000001 0.821875 0.7968750000000002
0 0.7125000000000001 0.73125 0.4671875000000002 0.73125 0.4671875000000002 0.965625 0.7125000000000001 0.965625
0 0.6265625 0.6046875 0.6078125 0.6046875 0.6078125 0.6328125 0.6265625 0.6328125
0 0.6484375 0.3828125000000001 0.6265625 0.3828125000000001 0.6265625 0.4375 0.6484375 0.4375
0 0.6390625 0.5015625 0.615625 0.5015625 0.615625 0.5546875 0.6390625 0.5546875
0 0.6 0.453125 0.4796875 0.453125 0.4796875 0.6640625 0.6 0.6640625
0 0.828125 0.14687500000000006 0.4 0.14687500000000003 0.4000000000000001 0.7265625000000001 0.828125 0.7265625000000002