0 0.284375 0.09687500000000003 0.15 0.09687500000000002 0.15 0.12187500000000002 0.284375 0.12187500000000004
0 0.2859375 0.006250000000000028 0.1515625 0.006250000000000019 0.1515625 0.12187500000000002 0.2859375 0.12187500000000004
0 0.1375 0.028125000000000018 0.1296875 0.02812500000000001 0.1296875 0.07968750000000002 0.1375 0.07968750000000002
0 0.13593750000000002 0.1203125 0.1265625 0.1203125 0.12656250000000002 0.1984375 0.13593750000000004 0.1984375
0 0.2828125 0.15937500000000004 0.2734375 0.15937500000000004 0.2734375 0.2 0.2828125 0.2
0 0.2328125 0.2234375 0.17656250000000004 0.2234375 0.17656250000000004 0.346875 0.2328125 0.346875
0 0.28125 0.240625 0.271875 0.240625 0.271875 0.26875 0.28125 0.26875
0 0.353125 0.21875 0.2953125 0.21875 0.2953125 0.35 0.353125 0.35
0 0.13437500000000005 0.25625 0.12500000000000006 0.25625 0.12500000000000006 0.2875 0.13437500000000005 0.2875
0 0.13125000000000003 0.3421875 0.12187500000000004 0.3421875 0.12187500000000004 0.3671875 0.13125000000000003 0.3671875
4 0.165625 0.1203125 0.09218750000000002 0.1203125 0.09218750000000002 0.1453125 0.165625 0.1453125
4 0.240625 0.07031250000000003 0.1671875 0.07031250000000003 0.1671875 0.09687500000000002 0.240625 0.09687500000000002
4 0.34375 0.13593750000000004 0.3234375 0.13593750000000004 0.3234375 0.14843750000000006 0.34375 0.14843750000000006
4 0.325 0.16093750000000004 0.23125 0.16093750000000004 0.23125 0.18593750000000003 0.325 0.18593750000000003
4 0.1703125 0.028125000000000018 0.0921875 0.02812500000000001 0.0921875 0.051562500000000025 0.1703125 0.051562500000000025
4 0.3203125 0.2421875 0.23125 0.2421875 0.23125 0.26875 0.3203125 0.26875
2 0.2993573113207547 0.22259433962264152 0.2798997641509434 0.20136792452830193 0.25747051886792455 0.22192806603773585 0.2769280660377359 0.24315448113207552
2 0.15364295580110496 0.10109633977900556 0.13297651933701657 0.07813363259668508 0.11079074585635358 0.09810082872928177 0.13145718232044196 0.12106353591160227
2 0.3015625 0.14062500000000006 0.28124999999999994 0.12031250000000002 0.259375 0.1421875 0.2796875 0.16250000000000003
1 0.14136029411764706 0.38731617647058825 0.1358455882352941 0.3652573529411765 0.11305147058823531 0.3709558823529412 0.11856617647058824 0.39301470588235293
1 0.3980532786885247 0.14421106557377053 0.379610655737705 0.12884221311475413 0.36513831967213123 0.14620901639344264 0.3835809426229509 0.16157786885245903
3 0.3203125 0.328125 0.23125 0.328125 0.23125000000000004 0.3640625 0.32031250000000006 0.3640625
3 0.17656250000000004 0.2859375 0.07968750000000005 0.2859375 0.07968750000000005 0.34375 0.17656250000000004 0.34375
3 0.321875 0.26875 0.2328125 0.26875 0.2328125 0.3109375 0.321875 0.3109375
3 0.17947164948453612 0.20006121134020619 0.08371778350515466 0.19570876288659794 0.08102770618556704 0.25489046391752573 0.1767815721649485 0.259242912371134