0 0.8578125 0.10312500000000009 0.7234375 0.10312500000000009 0.7234375 0.12656250000000008 0.8578125 0.12656250000000008
0 0.85625 0.010937500000000096 0.7234375 0.01093750000000009 0.7234375 0.12500000000000008 0.85625 0.12500000000000008
0 0.878125 0.034375000000000114 0.871875 0.034375000000000114 0.871875 0.08593750000000011 0.878125 0.08593750000000011
0 0.8796875 0.12656250000000008 0.8703125 0.12656250000000008 0.8703125 0.20468750000000008 0.8796875 0.20468750000000008
0 0.7328125 0.16406250000000008 0.7234375 0.16406250000000008 0.7234375 0.20468750000000008 0.7328125 0.20468750000000008
0 0.828125 0.2296875000000001 0.7734375 0.2296875000000001 0.7734375 0.3515625000000001 0.828125 0.3515625000000001
0 0.7328125 0.2453125000000001 0.7234375 0.2453125000000001 0.7234375 0.2734375000000001 0.7328125 0.2734375000000001
0 0.7078125 0.2218750000000001 0.6515625 0.2218750000000001 0.6515625 0.3531250000000001 0.7078125 0.3531250000000001
0 0.8796875 0.26250000000000007 0.8703125 0.26250000000000007 0.8703125 0.29375000000000007 0.8796875 0.29375000000000007
0 0.88125 0.34843750000000007 0.871875 0.34843750000000007 0.871875 0.3734375000000001 0.88125 0.3734375000000001
4 0.9140625 0.1265625000000001 0.840625 0.12656250000000008 0.840625 0.1500000000000001 0.9140625 0.15000000000000013
4 0.840625 0.0765625000000001 0.7671875 0.07656250000000009 0.7671875 0.10156250000000008 0.840625 0.10156250000000008
4 0.6828125 0.1390625000000001 0.6640625 0.1390625000000001 0.6640625 0.1515625000000001 0.6828125 0.1515625000000001
4 0.775 0.1671875000000001 0.68125 0.1671875000000001 0.68125 0.18906250000000008 0.775 0.18906250000000008
4 0.915625 0.03593750000000011 0.8375 0.0359375000000001 0.8375 0.057812500000000114 0.915625 0.057812500000000114
4 0.7734375 0.2468750000000001 0.684375 0.2468750000000001 0.684375 0.2718750000000001 0.7734375 0.2718750000000001
2 0.74609375 0.22421875000000008 0.7265625 0.20468750000000008 0.70546875 0.22578125000000013 0.725 0.24531250000000013
2 0.89453125 0.10546875000000014 0.8734374999999999 0.08437500000000005 0.85234375 0.10546874999999996 0.8734375 0.12656250000000005
2 0.74609375 0.14453125000000008 0.725 0.12343750000000009 0.70390625 0.14453125000000014 0.725 0.16562500000000013
1 0.8886029411764707 0.37683823529411775 0.8658088235294119 0.37113970588235307 0.8602022058823531 0.3935661764705884 0.8829963235294118 0.3992647058823531
1 0.6392463235294118 0.149264705882353 0.6276654411764706 0.12996323529411763 0.6079044117647059 0.14181985294117644 0.6194852941176471 0.16112132352941183
3 0.7703125 0.3312500000000001 0.68125 0.3312500000000001 0.68125 0.3671875000000001 0.7703125 0.3671875000000001
3 0.921875 0.2921875000000001 0.8265625 0.2921875000000001 0.8265625 0.34843750000000007 0.921875 0.34843750000000007
3 0.7703125 0.2718750000000001 0.68125 0.2718750000000001 0.68125 0.3140625000000001 0.7703125 0.3140625000000001
3 0.921875 0.20468750000000008 0.8265625 0.20468750000000008 0.8265625 0.26250000000000007 0.921875 0.26250000000000007