0 0.2765625 0.10312500000000002 0.14375 0.103125 0.14375 0.12656250000000002 0.2765625 0.12656250000000005
0 0.2765625 0.010937500000000025 0.14375 0.010937500000000017 0.14375 0.12500000000000003 0.2765625 0.12500000000000006
0 0.128125 0.03437500000000001 0.121875 0.03437500000000001 0.121875 0.08593750000000003 0.128125 0.08593750000000003
0 0.1296875 0.1265625 0.1203125 0.1265625 0.12031250000000002 0.203125 0.12968750000000004 0.203125
0 0.2765625 0.16406250000000006 0.26875 0.16406250000000006 0.26875 0.2046875 0.2765625 0.2046875
0 0.228125 0.228125 0.17343750000000005 0.228125 0.17343750000000005 0.3515625 0.228125 0.3515625
0 0.2765625 0.2453125 0.2671875 0.2453125 0.2671875 0.2734375 0.2765625 0.2734375
0 0.3484375 0.221875 0.2921875 0.221875 0.2921875 0.353125 0.3484375 0.353125
0 0.12968750000000004 0.2625 0.12031250000000004 0.2625 0.12031250000000004 0.2921875 0.12968750000000004 0.2921875
0 0.12968750000000004 0.3484375 0.12031250000000004 0.3484375 0.12031250000000004 0.3734375 0.12968750000000004 0.3734375
4 0.159375 0.1265625 0.08593750000000003 0.1265625 0.08593750000000003 0.15 0.159375 0.15
4 0.2328125 0.07656250000000002 0.159375 0.07656250000000002 0.159375 0.10156250000000003 0.2328125 0.10156250000000004
4 0.3375 0.13906250000000003 0.3171875 0.13906250000000003 0.3171875 0.15156250000000004 0.3375 0.15156250000000004
4 0.31875 0.16562500000000005 0.225 0.16562500000000005 0.225 0.18906250000000005 0.31875 0.18906250000000005
4 0.1625 0.03437500000000002 0.084375 0.03437500000000001 0.084375 0.05781250000000001 0.1625 0.057812500000000024
4 0.3171875 0.246875 0.228125 0.246875 0.228125 0.271875 0.3171875 0.271875
2 0.29375 0.22500000000000003 0.2734375 0.20468750000000005 0.25234375000000003 0.22578125000000004 0.27265625000000004 0.24609375000000006
2 0.14609375 0.10546875000000003 0.125 0.084375 0.10390625 0.10546875 0.12500000000000003 0.12656250000000002
2 0.29453125 0.14453125000000006 0.2734375 0.12343750000000006 0.25234375 0.14453125000000006 0.2734375 0.16562500000000005
1 0.13823529411764707 0.3935661764705882 0.13272058823529415 0.3715073529411765 0.1099264705882353 0.3772058823529412 0.11544117647058824 0.39926470588235297
1 0.3904094827586207 0.1505387931034483 0.3815193965517241 0.1297952586206897 0.3596443965517242 0.13917025862068969 0.3685344827586207 0.1599137931034483
3 0.3171875 0.33125 0.228125 0.33125 0.22812500000000005 0.3671875 0.31718750000000007 0.3671875
3 0.17187500000000006 0.2921875 0.07656250000000005 0.2921875 0.07656250000000005 0.3484375 0.17187500000000006 0.3484375
3 0.3171875 0.271875 0.228125 0.271875 0.228125 0.3140625 0.3171875 0.3140625
3 0.17187500000000006 0.2046875 0.07656250000000002 0.2046875 0.07656250000000002 0.2625 0.17187500000000006 0.2625