3 0.4234375000000001 0.7171875 0.2671875000000001 0.7171875 0.2671875000000001 0.771875 0.4234375000000002 0.771875
3 0.42500000000000016 0.9375 0.2656250000000001 0.9375 0.2656250000000001 0.9921875 0.42500000000000016 0.9921875
3 0.21250000000000008 0.846875 0.05468750000000011 0.846875 0.05468750000000011 0.9015625 0.21250000000000008 0.9015625
3 0.21250000000000008 0.4296875 0.05468750000000004 0.4296875 0.054687500000000056 0.509375 0.21250000000000008 0.509375
3 0.2125 0.11718750000000003 0.05625000000000002 0.1171875 0.05625000000000002 0.1984375 0.2125 0.19843750000000002
3 0.2125 0.3515625 0.05625000000000004 0.3515625 0.05625000000000004 0.39375 0.21250000000000005 0.39375
3 0.4265625 0.17656250000000004 0.26875 0.17656250000000004 0.26875 0.30781250000000004 0.4265625 0.3078125000000001
2 0.1687500000000001 0.7375000000000002 0.13359375 0.70234375 0.09921874999999995 0.7367187500000001 0.13437500000000005 0.7718750000000002
2 0.16875000000000004 0.25625000000000003 0.13359375 0.22109375 0.09921875 0.25546875 0.13437500000000005 0.290625
2 0.16796567017082786 0.5946513633377136 0.13523529894875166 0.560198340998686 0.10000205321944815 0.5936699244415242 0.13273242444152436 0.6281229467805519
2 0.16804574572930364 0.9602784165571616 0.13449613994743773 0.9249630420499344 0.09922182982917231 0.9584736366622867 0.13277143561103824 0.993789011169514
1 0.3065957991803279 0.5790087090163935 0.2688396516393443 0.5755763319672131 0.26570184426229515 0.6100922131147541 0.30345799180327876 0.6135245901639345
1 0.153125 0.04218750000000002 0.115625 0.04218750000000001 0.115625 0.07968750000000002 0.153125 0.07968750000000002
1 0.503125 0.71875 0.4640625 0.71875 0.4640625000000001 0.75625 0.5031250000000002 0.75625
1 0.506875 0.9706249999999998 0.49484374999999997 0.9345312499999998 0.46015624999999993 0.94609375 0.47218749999999987 0.9821875
1 0.5453125 0.2250000000000001 0.5078125 0.2250000000000001 0.5078125 0.26250000000000007 0.5453125 0.26250000000000007
0 0.14375 0.07968750000000002 0.1265625 0.07968750000000002 0.1265625 0.11875 0.14375 0.11875
0 0.14375000000000004 0.196875 0.12656250000000005 0.196875 0.12656250000000005 0.2234375 0.14375000000000004 0.2234375
0 0.26875 0.2453125 0.16718750000000004 0.2453125 0.16718750000000004 0.2640625 0.26875 0.2640625
0 0.5078125 0.2328125000000001 0.4265625 0.2328125000000001 0.4265625 0.2515625000000001 0.5078125 0.2515625000000001
0 0.14218750000000005 0.2875 0.12656250000000005 0.2875 0.12656250000000005 0.3515625 0.14218750000000005 0.3515625
0 0.14218750000000005 0.39375 0.12500000000000006 0.39375 0.12500000000000006 0.43125 0.14218750000000005 0.43125
0 0.14375000000000007 0.5109375 0.12500000000000006 0.5109375 0.12500000000000006 0.5625 0.1437500000000001 0.5625
0 0.2656250000000001 0.584375 0.1671875000000001 0.584375 0.1671875000000001 0.6046875 0.2656250000000001 0.6046875
0 0.1437500000000001 0.6265625 0.12500000000000008 0.6265625 0.12500000000000008 0.7046875 0.1437500000000001 0.7046875
0 0.2671875000000001 0.7265625 0.1687500000000001 0.7265625 0.1687500000000001 0.746875 0.2671875000000001 0.746875
0 0.1437500000000001 0.7703125 0.12500000000000008 0.7703125 0.12500000000000008 0.846875 0.1437500000000001 0.846875
0 0.1437500000000001 0.903125 0.12500000000000008 0.903125 0.1250000000000001 0.9265625 0.14375000000000013 0.9265625
0 0.2656250000000001 0.9484375 0.16718750000000013 0.9484375 0.16718750000000013 0.96875 0.2656250000000001 0.96875
0 0.46406250000000016 0.9484375 0.42500000000000016 0.9484375 0.42500000000000016 0.96875 0.46406250000000016 0.96875
0 0.46406250000000016 0.728125 0.42500000000000016 0.728125 0.42500000000000016 0.746875 0.46406250000000016 0.746875
4 0.22031250000000008 0.9515625 0.19218750000000012 0.9515625 0.19218750000000012 0.9671875 0.22031250000000008 0.9671875
4 0.2156250000000001 0.771875 0.0484375000000001 0.771875 0.0484375000000001 0.828125 0.2156250000000001 0.828125
4 0.18906250000000008 0.6296875 0.07656250000000006 0.6296875 0.07656250000000007 0.68125 0.18906250000000008 0.68125
4 0.2218750000000001 0.73125 0.19531250000000008 0.73125 0.19531250000000008 0.7453125 0.2218750000000001 0.7453125
4 0.21875000000000008 0.5875 0.1921875000000001 0.5875 0.1921875000000001 0.6015625 0.21875000000000008 0.6015625
4 0.19687500000000005 0.290625 0.07031250000000004 0.290625 0.07031250000000004 0.325 0.19687500000000005 0.325
4 0.19531250000000006 0.2234375 0.16875000000000004 0.2234375 0.16875000000000004 0.2375 0.19531250000000006 0.2375