3 0.7359375000000001 0.7140625 0.5796875 0.7140625 0.5796875000000001 0.7703125 0.7359375000000001 0.7703125000000001
3 0.7406250000000002 0.934375 0.5828125000000002 0.934375 0.5828125000000002 0.990625 0.7406250000000002 0.990625
3 0.9515625 0.840625 0.7921875000000002 0.840625 0.7921875000000002 0.896875 0.9515625 0.896875
3 0.9436483188720173 0.502931805856833 0.941974647505423 0.42259558026030375 0.7844583785249457 0.42587716919739693 0.7861320498915401 0.5062133947939261
3 0.9390625 0.10937500000000011 0.7796875 0.10937500000000008 0.7796875 0.19375000000000012 0.9390625 0.19375000000000014
3 0.940625 0.3453125000000001 0.784375 0.3453125000000001 0.784375 0.3890625000000001 0.940625 0.3890625000000001
3 0.7271504807692308 0.3053899038461539 0.7248278846153846 0.17300192307692308 0.5661870192307692 0.17578509615384613 0.5685096153846154 0.30817307692307694
2 0.9038974056603774 0.7302653301886795 0.868237028301887 0.6975766509433964 0.8346403301886793 0.7342275943396228 0.8703007075471698 0.7669162735849058
2 0.89609375 0.24921875 0.86171875 0.21484375000000008 0.82578125 0.2507812500000001 0.86015625 0.28515625000000006
2 0.9000000000000001 0.5890625000000002 0.8664062500000002 0.5554687500000002 0.8328125 0.5890625000000003 0.86640625 0.6226562500000002
2 0.9085909631391201 0.9522294887039242 0.8733594678953628 0.9186756837098695 0.8385422859690845 0.9552337247324616 0.8737737812128419 0.9887875297265163
1 0.7356941598360657 0.5761142418032789 0.6966700819672133 0.5725665983606558 0.6934554303278689 0.6079277663934427 0.7324795081967215 0.6114754098360657
1 0.884375 0.05468750000000009 0.8578125 0.028125000000000087 0.83046875 0.055468750000000136 0.85703125 0.08203125000000014
1 0.5390625000000001 0.71875 0.5000000000000001 0.71875 0.5000000000000002 0.75625 0.5390625000000002 0.75625
1 0.5437500000000002 0.940625 0.5046875000000002 0.940625 0.5046875000000002 0.9765625 0.5437500000000002 0.9765625
1 0.4875 0.22656250000000008 0.45 0.22656250000000008 0.45 0.2640625000000001 0.4875 0.2640625000000001
0 0.8671875 0.07343750000000011 0.85 0.07343750000000011 0.85 0.11250000000000009 0.8671875 0.11250000000000009
0 0.86875 0.1906250000000001 0.8515625 0.1906250000000001 0.8515625 0.21875000000000008 0.86875 0.21875000000000008
0 0.828125 0.2406250000000001 0.7265625 0.2406250000000001 0.7265625 0.2609375000000001 0.828125 0.2609375000000001
0 0.56875 0.2312500000000001 0.4875 0.2312500000000001 0.4875 0.2515625000000001 0.56875 0.2515625000000001
0 0.871875 0.2812500000000001 0.8546875 0.2812500000000001 0.8546875 0.3453125000000001 0.871875 0.3453125000000001
0 0.8734375 0.38750000000000007 0.85625 0.38750000000000007 0.85625 0.42500000000000016 0.8734375 0.42500000000000016
0 0.8765625 0.5046875000000002 0.8578125 0.5046875000000002 0.8578125 0.5562500000000001 0.8765625 0.5562500000000001
0 0.8359375 0.5796875000000001 0.7359375 0.5796875000000001 0.7359375 0.6015625000000002 0.8359375 0.6015625000000002
0 0.8796875 0.6203125000000002 0.859375 0.6203125000000002 0.859375 0.6984375000000002 0.8796875 0.6984375000000002
0 0.8359375 0.7218750000000002 0.7375 0.7218750000000002 0.7375 0.7437500000000001 0.8359375 0.7437500000000001
0 0.88125 0.7640625000000002 0.8609375 0.7640625000000002 0.8609375 0.840625 0.88125 0.840625
0 0.8828125 0.896875 0.8640625 0.896875 0.8640625 0.9203125 0.8828125 0.9203125
0 0.840625 0.94375 0.7421875000000002 0.94375 0.7421875000000002 0.965625 0.840625 0.965625
0 0.5828125000000002 0.9484375 0.5437500000000002 0.9484375 0.5437500000000002 0.96875 0.5828125000000002 0.96875
0 0.5796875000000001 0.728125 0.5406250000000001 0.728125 0.5406250000000001 0.746875 0.5796875000000001 0.746875
4 0.8171875 0.946875 0.7890625000000002 0.946875 0.7890625000000002 0.9625 0.8171875 0.9625
4 0.9578125 0.7640625000000002 0.7890625000000002 0.7640625000000002 0.7890625000000002 0.8234375 0.9578125 0.8234375
4 0.9265625 0.6218750000000002 0.8125 0.6218750000000002 0.8125 0.6765625000000002 0.9265625 0.6765625000000002
4 0.809375 0.7250000000000002 0.7828125 0.7250000000000002 0.7828125000000001 0.7390625000000002 0.809375 0.7390625000000002
4 0.809375 0.5812500000000002 0.7828125 0.5812500000000002 0.7828125 0.5953125000000001 0.809375 0.5953125000000001
4 0.928125 0.2828125000000001 0.8015625 0.2828125000000001 0.8015625 0.3187500000000001 0.928125 0.3187500000000001
4 0.8265625 0.2171875000000001 0.8 0.2171875000000001 0.8 0.2312500000000001 0.8265625 0.2312500000000001