3 0.7312500000000001 0.7171875000000001 0.575 0.7171875 0.5750000000000001 0.771875 0.7312500000000002 0.7718750000000001
3 0.7328125000000002 0.9375 0.5734375000000002 0.9375 0.5734375000000002 0.9921875 0.7328125000000002 0.9921875
3 0.94375 0.846875 0.7859375000000002 0.846875 0.7859375000000002 0.9015625 0.94375 0.9015625
3 0.94375 0.42968750000000017 0.7859375 0.42968750000000017 0.7859375 0.5093750000000001 0.94375 0.5093750000000001
3 0.9421875 0.11718750000000011 0.7859375 0.11718750000000008 0.7859375 0.1984375000000001 0.9421875 0.1984375000000001
3 0.9421875 0.3515625000000001 0.7859375 0.3515625000000001 0.7859375 0.3937500000000001 0.9421875 0.3937500000000001
3 0.7296875 0.1765625000000001 0.571875 0.1765625000000001 0.571875 0.3078125000000001 0.7296875 0.3078125000000001
2 0.8992187500000002 0.7367187500000002 0.86484375 0.70234375 0.8296875 0.7375000000000002 0.8640625000000002 0.7718750000000003
2 0.89921875 0.2554687500000001 0.86484375 0.2210937500000001 0.8296875 0.25625000000000014 0.8640625 0.29062500000000013
2 0.8984375000000002 0.5937500000000002 0.86484375 0.56015625 0.83046875 0.59453125 0.8640625000000002 0.6281250000000002
2 0.8992159631391201 0.9584794887039239 0.8639844678953628 0.9249256837098694 0.8303935047562426 0.9601961950059454 0.865625 0.99375
1 0.7327228483606558 0.579111168032787 0.6949667008196723 0.5756787909836066 0.691828893442623 0.6101946721311476 0.7295850409836067 0.613627049180328
1 0.8828125 0.04218750000000011 0.8453125 0.0421875000000001 0.8453125 0.0796875000000001 0.8828125 0.0796875000000001
1 0.5358993902439024 0.754344512195122 0.5316692073170731 0.7162728658536587 0.4937690548780488 0.7204839939024391 0.497999237804878 0.7585556402439024
1 0.5343750000000002 0.940625 0.49531250000000016 0.940625 0.49531250000000016 0.9765625 0.5343750000000002 0.9765625
1 0.490625 0.2250000000000001 0.453125 0.2250000000000001 0.453125 0.26250000000000007 0.490625 0.26250000000000007
0 0.875 0.0796875000000001 0.8578125 0.0796875000000001 0.8578125 0.11875000000000009 0.875 0.11875000000000009
0 0.875 0.19687500000000008 0.8578125 0.19687500000000008 0.8578125 0.2250000000000001 0.875 0.2250000000000001
0 0.8328125 0.2453125000000001 0.7328125 0.2453125000000001 0.7328125 0.2640625000000001 0.8328125 0.2640625000000001
0 0.5734375 0.2328125000000001 0.4921875 0.2328125000000001 0.4921875 0.2515625000000001 0.5734375 0.2515625000000001
0 0.8734375 0.2890625000000001 0.8578125 0.2890625000000001 0.8578125 0.3515625000000001 0.8734375 0.3515625000000001
0 0.875 0.3937500000000001 0.859375 0.3937500000000001 0.859375 0.4312500000000002 0.875 0.4312500000000002
0 0.875 0.5109375000000002 0.85625 0.5109375000000002 0.85625 0.5625000000000002 0.875 0.5625000000000002
0 0.834375 0.5859375000000002 0.734375 0.5859375000000002 0.734375 0.6046875000000002 0.834375 0.6046875000000002
0 0.8765625 0.6265625000000001 0.8578125 0.6265625000000001 0.8578125 0.7046875000000001 0.8765625 0.7046875000000001
0 0.8328125 0.7281250000000001 0.7343750000000002 0.7281250000000001 0.7343750000000002 0.7468750000000002 0.8328125 0.7468750000000002
0 0.875 0.7703125000000002 0.85625 0.7703125000000002 0.85625 0.846875 0.875 0.846875
0 0.875 0.903125 0.85625 0.903125 0.85625 0.9265625 0.875 0.9265625
0 0.8328125 0.9484375 0.7359375000000001 0.9484375 0.7359375000000001 0.96875 0.8328125 0.96875
0 0.5750000000000002 0.95 0.5375000000000002 0.95 0.5375000000000002 0.96875 0.5750000000000002 0.96875
0 0.5750000000000002 0.728125 0.5375000000000002 0.728125 0.5375000000000002 0.746875 0.5750000000000002 0.746875
4 0.809375 0.9515625 0.7812500000000002 0.9515625 0.7812500000000002 0.9671875 0.809375 0.9671875
4 0.953125 0.7718750000000002 0.7843750000000002 0.7718750000000002 0.7843750000000002 0.828125 0.953125 0.828125
4 0.9234375 0.6296875000000002 0.8109375 0.6296875000000002 0.8109375 0.6828125000000002 0.9234375 0.6828125000000002
4 0.80625 0.7312500000000002 0.7796875000000002 0.7312500000000002 0.7796875000000002 0.7453125000000002 0.80625 0.7453125000000002
4 0.8078125 0.5875000000000001 0.78125 0.5875000000000001 0.78125 0.6015625000000002 0.8078125 0.6015625000000002
4 0.93125 0.2906250000000001 0.8046875 0.2906250000000001 0.8046875 0.32500000000000007 0.93125 0.32500000000000007
4 0.83125 0.2234375000000001 0.8046875 0.2234375000000001 0.8046875 0.2375000000000001 0.83125 0.2375000000000001