0 0.7484375000000002 0.8171875 0.6859375000000002 0.8171875 0.6859375000000002 0.99375 0.7484375000000002 0.99375
0 0.7703125000000002 0.8453125 0.7578125000000002 0.8453125 0.7578125000000002 0.8984375 0.7703125000000002 0.8984375
0 0.7671875000000001 0.9421875 0.7578125000000002 0.9421875 0.7578125000000002 0.9671875 0.7671875000000001 0.9671875
0 0.7703125000000002 0.7625000000000002 0.7578125000000002 0.7625000000000002 0.7578125000000002 0.809375 0.7703125000000002 0.809375
0 0.7703125 0.6687500000000002 0.7609375 0.6687500000000002 0.7609375 0.7250000000000002 0.7703125 0.7250000000000002
0 0.875 0.6453125000000002 0.7875 0.6453125000000002 0.7875 0.6546875000000002 0.875 0.6546875000000002
0 0.8734375 0.7375000000000002 0.7843750000000002 0.7375000000000002 0.7843750000000002 0.7500000000000002 0.8734375 0.7500000000000002
0 0.9015625 0.6703125000000002 0.8890625 0.6703125000000002 0.8890625 0.7281250000000001 0.9015625 0.7281250000000001
0 0.909375 0.1265625000000001 0.896875 0.12656250000000008 0.896875 0.15468750000000012 0.909375 0.15468750000000014
0 0.8875 0.10000000000000009 0.83125 0.10000000000000009 0.83125 0.11093750000000009 0.8875 0.11093750000000009
0 0.9078125 0.06562500000000011 0.8984375 0.06562500000000011 0.8984375 0.08906250000000011 0.9078125 0.08906250000000011
0 0.9078125 0.2015625000000001 0.8984375 0.2015625000000001 0.8984375 0.2218750000000001 0.9078125 0.2218750000000001
0 0.9078125 0.2640625000000001 0.8953125 0.2640625000000001 0.8953125 0.28593750000000007 0.9078125 0.28593750000000007
0 0.90625 0.3234375000000001 0.8921875 0.3234375000000001 0.8921875 0.3781250000000001 0.90625 0.3781250000000001
0 0.9046875 0.4187500000000002 0.8921875 0.4187500000000002 0.8921875 0.4578125000000002 0.9046875 0.4578125000000002
0 0.9015625 0.4968750000000002 0.890625 0.4968750000000002 0.890625 0.5468750000000002 0.9015625 0.5468750000000002
0 0.9015625 0.5796875000000001 0.890625 0.5796875000000001 0.890625 0.6359375000000002 0.9015625 0.6359375000000002
0 0.8796875 0.5562500000000001 0.7890625 0.5562500000000001 0.7890625 0.5703125000000002 0.8796875 0.5703125000000002
0 0.9 0.7640625000000002 0.8875 0.7640625000000002 0.8875 0.81875 0.9 0.81875
4 0.8765625 0.4515625000000002 0.853125 0.4515625000000002 0.853125 0.4671875000000002 0.8765625 0.4671875000000002
4 0.871875 0.2750000000000001 0.8234375 0.2750000000000001 0.8234375 0.3000000000000001 0.871875 0.3000000000000001
4 0.86875 0.3781250000000001 0.84375 0.3781250000000001 0.84375 0.3937500000000001 0.86875 0.3937500000000001
4 0.94375 0.3218750000000001 0.859375 0.3218750000000001 0.859375 0.3750000000000001 0.94375 0.3750000000000001
4 0.95625 0.41718750000000016 0.84375 0.41718750000000016 0.84375 0.4343750000000002 0.95625 0.4343750000000002
4 0.9484375 0.49218750000000017 0.8484375 0.49218750000000017 0.8484375 0.5281250000000002 0.9484375 0.5281250000000002
4 0.86875 0.5421875000000002 0.8484375 0.5421875000000002 0.8484375 0.5531250000000002 0.86875 0.5531250000000002
4 0.9421875 0.5859375000000002 0.853125 0.5859375000000002 0.853125 0.6265625000000001 0.9421875 0.6265625000000001
4 0.86875 0.6296875000000002 0.8453125 0.6296875000000002 0.8453125 0.6421875000000001 0.86875 0.6421875000000001
4 0.71875 0.6265625 0.6796875 0.6265625 0.6796875 0.640625 0.71875 0.640625
4 0.884375 0.7203125000000001 0.85625 0.7203125000000001 0.85625 0.7359375000000001 0.884375 0.7359375000000001
4 0.8 0.6718750000000002 0.734375 0.6718750000000002 0.734375 0.6906250000000002 0.8 0.6906250000000002
4 0.9296875 0.6671875000000002 0.8515625 0.6671875000000002 0.8515625 0.6953125000000002 0.9296875 0.6953125000000002
4 0.7375 0.7203125000000001 0.7171875 0.7203125 0.7171875000000001 0.7328125000000001 0.7375000000000002 0.7328125000000002
4 0.8 0.7625000000000002 0.7296875000000002 0.7625000000000002 0.7296875000000002 0.7984375000000001 0.8 0.7984375000000001
0 0.7468750000000002 0.7375 0.7000000000000002 0.7375 0.7000000000000002 0.7484375000000001 0.7468750000000002 0.7484375000000002
4 0.9515625 0.7640625000000002 0.8421875 0.7640625000000002 0.8421875 0.7890625000000002 0.9515625 0.7890625000000002
4 0.809375 0.8453125 0.7296875000000002 0.8453125 0.7296875000000002 0.88125 0.809375 0.88125
2 0.78359375 0.7445312500000002 0.7640625000000001 0.7250000000000003 0.7437500000000001 0.7453125000000003 0.76328125 0.7648437500000002
2 0.78515625 0.82734375 0.7640625000000001 0.8062500000000001 0.7429687500000001 0.8273437500000002 0.7640625 0.8484375
2 0.7859375 0.6500000000000001 0.7656249999999999 0.6296875000000001 0.7453124999999999 0.6500000000000001 0.765625 0.6703125000000002
2 0.9140625 0.6531250000000001 0.89375 0.6328125000000001 0.8734375 0.6531250000000002 0.89375 0.6734375000000001
2 0.9233018867924528 0.10780660377358497 0.9033254716981134 0.0860141509433963 0.8828066037735848 0.10482311320754736 0.9027830188679247 0.12661556603773602
2 0.91875 0.4000000000000002 0.8984375 0.3796875000000001 0.87734375 0.4007812500000002 0.89765625 0.42109375000000016
2 0.9140625 0.7468750000000003 0.8945936501597442 0.72578374600639 0.8725289536741213 0.746151158146965 0.891997803514377 0.7672424121405753
2 0.9203125 0.30468750000000017 0.90078125 0.28515625000000017 0.88046875 0.3054687500000001 0.9 0.3250000000000001
2 0.9164062500000002 0.5664062500000002 0.8953125 0.5453125000000001 0.875 0.5656250000000002 0.89609375 0.5867187500000003
2 0.91640625 0.47578125 0.89609375 0.4554687500000002 0.87578125 0.47578125000000016 0.89609375 0.49609375
1 0.7003125000000001 0.7384375000000001 0.6809375 0.7287500000000001 0.6712499999999999 0.7481250000000002 0.690625 0.7578125
1 0.7890625 0.5531250000000002 0.7671875 0.5531250000000002 0.7671875 0.5750000000000002 0.7890625 0.5750000000000002
1 0.7953125 0.2906250000000001 0.771875 0.2906250000000001 0.771875 0.3140625000000001 0.7953125 0.3140625000000001
1 0.7939116379310345 0.4793103448275862 0.7863685344827587 0.46045258620689655 0.765625 0.46875 0.7731681034482758 0.48760775862068967
1 0.828125 0.09375000000000011 0.80625 0.0937500000000001 0.80625 0.1140625000000001 0.828125 0.1140625000000001
1 0.9173076923076925 0.06310096153846154 0.9131610576923078 0.042367788461538415 0.8903245192307692 0.046935096153846126 0.8944711538461538 0.06766826923076925
1 0.79375 0.3859375000000001 0.7703125 0.3859375000000001 0.7703125 0.40937500000000016 0.79375 0.40937500000000016
3 0.8078125 0.896875 0.7171875000000002 0.896875 0.7171875000000002 0.9453125 0.8078125 0.9453125
3 0.9368096511395441 0.8188924430227909 0.8461896491403438 0.8170800429828068 0.8449413984406238 0.8794925779688125 0.935561400439824 0.8813049780087965
3 0.946875 0.15468750000000012 0.8578125 0.1546875000000001 0.8578125 0.20312500000000008 0.946875 0.20312500000000008
3 0.946875 0.22031250000000008 0.85625 0.22031250000000008 0.85625 0.2671875000000001 0.946875 0.2671875000000001
4 0.934375 0.1250000000000001 0.8765625 0.12500000000000008 0.8765625 0.14687500000000012 0.934375 0.14687500000000014
4 0.8828125 0.08437500000000012 0.865625 0.08437500000000012 0.865625 0.09375000000000011 0.8828125 0.09375000000000011