0 0.3062500000000001 0.8140625 0.2468750000000001 0.8140625 0.2468750000000001 0.9890625 0.3062500000000001 0.9890625
0 0.23593750000000008 0.840625 0.2250000000000001 0.840625 0.2250000000000001 0.89375 0.23593750000000008 0.89375
0 0.23437500000000008 0.9375 0.2250000000000001 0.9375 0.2250000000000001 0.9625 0.23437500000000008 0.9625
0 0.2375000000000001 0.7578125 0.22656250000000008 0.7578125 0.22656250000000008 0.8046875 0.2375000000000001 0.8046875
0 0.23593750000000008 0.6640625 0.22812500000000008 0.6640625 0.22812500000000008 0.7203125 0.23593750000000008 0.7203125
0 0.21093750000000008 0.6390625 0.12343750000000009 0.6390625 0.12343750000000009 0.6484375 0.21093750000000008 0.6484375
0 0.21250000000000008 0.7328125 0.12343750000000009 0.7328125 0.12343750000000009 0.74375 0.21250000000000008 0.74375
0 0.10781250000000009 0.6625 0.09687500000000009 0.6625 0.09687500000000009 0.7203125 0.10781250000000009 0.7203125
0 0.109375 0.1203125 0.09687500000000002 0.1203125 0.09687500000000002 0.1484375 0.109375 0.1484375
0 0.1765625 0.09375000000000003 0.1203125 0.09375000000000003 0.1203125 0.103125 0.1765625 0.103125
0 0.109375 0.057812500000000024 0.1 0.057812500000000024 0.1 0.08125000000000002 0.109375 0.08125000000000002
0 0.10781250000000005 0.19375 0.09843750000000002 0.19375 0.09843750000000002 0.2140625 0.10781250000000005 0.2140625
0 0.10937500000000004 0.2578125 0.09687500000000002 0.2578125 0.09687500000000003 0.278125 0.10937500000000004 0.278125
0 0.10937500000000004 0.3171875 0.09687500000000004 0.3171875 0.09687500000000004 0.371875 0.10937500000000004 0.371875
0 0.10781250000000005 0.4109375 0.09687500000000004 0.4109375 0.09687500000000004 0.45 0.10781250000000005 0.45
0 0.10937500000000004 0.4890625 0.09843750000000007 0.4890625 0.09843750000000007 0.5390625 0.10937500000000004 0.5390625
0 0.10781250000000009 0.5734375 0.09843750000000007 0.5734375 0.09843750000000007 0.628125 0.10781250000000009 0.628125
0 0.2093750000000001 0.5515625 0.12031250000000009 0.5515625 0.12031250000000009 0.5625 0.2093750000000001 0.5625
0 0.10781250000000009 0.75625 0.09531250000000009 0.75625 0.09531250000000009 0.8109375 0.10781250000000009 0.8109375
4 0.14843750000000006 0.4453125 0.12500000000000006 0.4453125 0.12500000000000006 0.459375 0.14843750000000006 0.459375
4 0.18125000000000005 0.26875 0.13281250000000006 0.26875 0.13281250000000006 0.2921875 0.18125000000000005 0.2921875
4 0.15937500000000004 0.371875 0.13437500000000005 0.371875 0.13437500000000005 0.3859375 0.15937500000000004 0.3859375
4 0.14218750000000005 0.315625 0.059375000000000046 0.315625 0.059375000000000046 0.3671875 0.14218750000000005 0.3671875
4 0.15781250000000005 0.4109375 0.046875000000000056 0.4109375 0.046875000000000056 0.4265625 0.15781250000000005 0.4265625
4 0.15312500000000004 0.4859375 0.05312500000000007 0.4859375 0.05312500000000007 0.5203125 0.15312500000000004 0.5203125
4 0.15156250000000007 0.5359375 0.13125000000000003 0.5359375 0.13125000000000006 0.546875 0.1515625000000001 0.546875
4 0.1468750000000001 0.578125 0.057812500000000065 0.578125 0.057812500000000065 0.61875 0.1468750000000001 0.61875
4 0.1531250000000001 0.6234375 0.1296875000000001 0.6234375 0.1296875000000001 0.634375 0.1531250000000001 0.634375
4 0.31718750000000007 0.6234375 0.2796875000000001 0.6234375 0.2796875000000001 0.6359375 0.31718750000000007 0.6359375
4 0.1390625000000001 0.7140625 0.11250000000000009 0.7140625 0.11250000000000009 0.7296875 0.1390625000000001 0.7296875
4 0.2640625000000001 0.6671875 0.1984375000000001 0.6671875 0.1984375000000001 0.684375 0.2640625000000001 0.684375
4 0.1453125000000001 0.6609375 0.0671875000000001 0.6609375 0.0671875000000001 0.6875 0.1453125000000001 0.6875
4 0.2796875000000001 0.7171875 0.2593750000000001 0.7171875 0.2593750000000001 0.728125 0.2796875000000001 0.728125
4 0.2656250000000001 0.7578125 0.19531250000000008 0.7578125 0.19531250000000008 0.79375 0.2656250000000001 0.79375
0 0.2968750000000001 0.734375 0.2500000000000001 0.734375 0.2500000000000001 0.74375 0.2968750000000001 0.74375
4 0.1546875000000001 0.7578125 0.04531250000000009 0.7578125 0.045312500000000096 0.78125 0.1546875000000001 0.78125
4 0.2656250000000001 0.840625 0.1859375000000001 0.840625 0.1859375000000001 0.8765625 0.2656250000000001 0.8765625
2 0.2515366022099448 0.7395545580110499 0.23289019337016584 0.718836325966851 0.21113604972375696 0.7384150552486188 0.2297824585635359 0.7591332872928177
2 0.24999999999999994 0.821875 0.22968750000000004 0.8015625000000002 0.20859375000000008 0.8226562500000002 0.22890625 0.84296875
2 0.2515625000000001 0.6453125000000001 0.23203125 0.62578125 0.21171875000000004 0.64609375 0.23125000000000012 0.6656250000000001
2 0.12343750000000005 0.6453125000000001 0.10312500000000009 0.6250000000000002 0.0828125000000001 0.6453125000000002 0.10312500000000005 0.6656250000000001
2 0.12265625000000002 0.09765625000000003 0.103125 0.07812500000000003 0.0828125 0.09843750000000002 0.10234375000000002 0.11796875000000002
2 0.12421875000000004 0.3929687500000001 0.103125 0.371875 0.0828125 0.3921875 0.10390625000000005 0.4132812500000001
2 0.12314858490566034 0.7386674528301888 0.09994103773584909 0.7173938679245284 0.08054834905660382 0.7385495283018869 0.10375589622641508 0.7598231132075473
2 0.12265625000000005 0.29609375000000004 0.10390625000000002 0.27734375000000006 0.084375 0.29687500000000006 0.10312500000000002 0.3156250000000001
2 0.12343750000000013 0.5578125 0.10312500000000009 0.5375 0.08203125000000004 0.5585937500000001 0.1023437500000001 0.5789062500000002
2 0.12343750000000005 0.4687500000000001 0.103125 0.4484375 0.08437499999999998 0.4671875 0.10468750000000002 0.4875000000000001
1 0.32127403846153857 0.7311298076923076 0.2990384615384616 0.7266826923076922 0.29501201923076925 0.7468149038461538 0.31724759615384623 0.7512620192307693
1 0.2312500000000001 0.546875 0.2093750000000001 0.546875 0.2093750000000001 0.56875 0.2312500000000001 0.56875
1 0.23437500000000006 0.29687500000000006 0.21875000000000006 0.28125000000000006 0.20390625000000004 0.29609375000000004 0.21953125000000004 0.31171875000000004
1 0.2326322115384616 0.45871394230769225 0.21219951923076924 0.45462740384615385 0.20787259615384612 0.47626201923076933 0.2283052884615385 0.4803485576923078
1 0.2 0.08750000000000002 0.178125 0.08750000000000002 0.178125 0.10781250000000002 0.2 0.10781250000000005
1 0.1140625 0.03593750000000001 0.0921875 0.03593750000000001 0.0921875 0.057812500000000024 0.1140625 0.057812500000000024
1 0.2312500000000001 0.38125 0.2093750000000001 0.38125 0.2093750000000001 0.403125 0.2312500000000001 0.403125
3 0.2750000000000001 0.8921875 0.1843750000000001 0.8921875 0.18437500000000012 0.9390625 0.2750000000000001 0.9390625
3 0.1468750000000001 0.8109375 0.057812500000000086 0.8109375 0.0578125000000001 0.871875 0.1468750000000001 0.871875
3 0.14687500000000003 0.146875 0.057812500000000024 0.146875 0.057812500000000024 0.1953125 0.14687500000000003 0.1953125
3 0.14843750000000006 0.2125 0.057812500000000024 0.2125 0.057812500000000024 0.259375 0.14843750000000006 0.259375
4 0.13125 0.1171875 0.07343750000000002 0.1171875 0.07343750000000002 0.1390625 0.13125 0.1390625
4 0.140625 0.07812500000000003 0.125 0.07812500000000003 0.125 0.08750000000000002 0.140625 0.08750000000000002