0 0.7953125000000002 0.7906250000000001 0.7203125000000001 0.790625 0.7203125000000001 0.9703125 0.7953125000000002 0.9703125
0 0.809375 0.815625 0.7937500000000002 0.815625 0.7937500000000002 0.86875 0.809375 0.86875
0 0.8140625 0.9125 0.803125 0.9125 0.803125 0.9375 0.8140625 0.9375
0 0.8 0.7343750000000002 0.7843750000000002 0.7343750000000002 0.7843750000000002 0.7812500000000002 0.8 0.7812500000000002
0 0.790625 0.6390625000000002 0.7765625 0.6390625000000002 0.7765625 0.6953125000000002 0.790625 0.6953125000000002
0 0.8875 0.6062500000000002 0.8 0.6062500000000002 0.8 0.6218750000000002 0.8875 0.6218750000000002
0 0.896875 0.7000000000000002 0.8078125 0.7000000000000002 0.8078125 0.7187500000000002 0.896875 0.7187500000000002
0 0.9203125 0.6281250000000002 0.9046875 0.6281250000000002 0.9046875 0.6859375000000002 0.9203125 0.6859375000000002
0 0.8703125 0.08593750000000011 0.85625 0.08593750000000011 0.85625 0.11562500000000009 0.8703125 0.11562500000000009
0 0.84375 0.0625000000000001 0.7875 0.06250000000000008 0.7875 0.0781250000000001 0.84375 0.07812500000000011
0 0.8625 0.025000000000000105 0.8515625 0.0250000000000001 0.8515625 0.048437500000000105 0.8625 0.04843750000000011
0 0.875 0.1609375000000001 0.8640625 0.1609375000000001 0.8640625 0.18125000000000008 0.875 0.18125000000000008
0 0.8828125 0.2234375000000001 0.86875 0.2234375000000001 0.86875 0.2453125000000001 0.8828125 0.2453125000000001
0 0.8921875 0.2812500000000001 0.8734375 0.2812500000000001 0.8734375 0.3375000000000001 0.8921875 0.3375000000000001
0 0.8984375 0.3765625000000001 0.8828125 0.3765625000000001 0.8828125 0.4156250000000002 0.8984375 0.4156250000000002
0 0.903125 0.4546875000000002 0.8890625 0.4546875000000002 0.8890625 0.5046875000000002 0.903125 0.5046875000000002
0 0.9109375 0.5375000000000002 0.896875 0.5375000000000002 0.896875 0.5937500000000002 0.9109375 0.5937500000000002
0 0.884375 0.5187500000000002 0.79375 0.5187500000000002 0.79375 0.5375000000000002 0.884375 0.5375000000000002
0 0.9296875 0.7203125000000001 0.9140625 0.7203125000000001 0.9140625 0.7750000000000001 0.9296875 0.7750000000000001
4 0.871875 0.4125000000000002 0.846875 0.4125000000000002 0.846875 0.42968750000000017 0.871875 0.42968750000000017
4 0.8484375 0.2375000000000001 0.7984375 0.2375000000000001 0.7984375 0.2656250000000001 0.8484375 0.2656250000000001
4 0.8546875 0.34062500000000007 0.828125 0.34062500000000007 0.828125 0.3578125000000001 0.8546875 0.3578125000000001
4 0.928125 0.27812500000000007 0.840625 0.27812500000000007 0.840625 0.3359375000000001 0.928125 0.3359375000000001
4 0.9453125 0.37187500000000007 0.8328125 0.37187500000000007 0.8328125 0.3968750000000001 0.9453125 0.3968750000000001
4 0.9484375 0.44843750000000016 0.8453125 0.44843750000000016 0.8453125 0.4906250000000002 0.9484375 0.4906250000000002
4 0.871875 0.5046875000000002 0.8515625 0.5046875000000002 0.8515625 0.5171875000000001 0.871875 0.5171875000000001
4 0.9515625 0.5406250000000001 0.859375 0.5406250000000001 0.859375 0.5875000000000001 0.9515625 0.5875000000000001
4 0.8828125 0.5906250000000002 0.8578125 0.5906250000000002 0.8578125 0.6046875000000002 0.8828125 0.6046875000000002
4 0.73125 0.6031250000000001 0.6921875 0.603125 0.6921875 0.6203125 0.73125 0.6203125000000002
4 0.90625 0.6796875000000002 0.878125 0.6796875000000002 0.878125 0.6968750000000001 0.90625 0.6968750000000001
4 0.8171875 0.6406250000000002 0.75 0.6406250000000002 0.75 0.6640625000000002 0.8171875 0.6640625000000002
4 0.9484375 0.6218750000000002 0.86875 0.6218750000000002 0.86875 0.6562500000000002 0.9484375 0.6562500000000002
4 0.7609375 0.6953125000000002 0.7390625 0.6953125000000002 0.7390625 0.7093750000000002 0.7609375 0.7093750000000002
4 0.8296875 0.7312500000000002 0.7562500000000002 0.7312500000000002 0.7562500000000002 0.7718750000000002 0.8296875 0.7718750000000002
0 0.7703125000000001 0.7125000000000001 0.7234375 0.7125 0.7234375000000001 0.7265625000000001 0.7703125000000002 0.7265625000000002
4 0.978125 0.7171875000000002 0.8671875 0.7171875000000002 0.8671875 0.7500000000000002 0.978125 0.7500000000000002
4 0.846875 0.8125 0.7640625000000002 0.8125 0.7640625000000002 0.8546875 0.846875 0.8546875
2 0.8076875000000001 0.7131875000000003 0.7844375000000001 0.6957500000000002 0.7675625000000001 0.7182500000000002 0.7908125000000001 0.7356875000000003
2 0.8171565594059406 0.796565594059406 0.7943533415841582 0.7779084158415841 0.7761138613861385 0.8002011138613861 0.7989170792079208 0.8188582920792079
2 0.799641393442623 0.6210553278688525 0.7770491803278688 0.6022284836065575 0.758734631147541 0.6242059426229508 0.7813268442622952 0.6430327868852459
2 0.9282530737704917 0.6092213114754098 0.9053534836065577 0.5901383196721312 0.8863985655737707 0.6128842213114755 0.9092981557377048 0.6319672131147541
2 0.8799646226415095 0.06574882075471696 0.8581721698113209 0.045772405660377394 0.8388443396226416 0.06685731132075476 0.8606367924528302 0.08683372641509432
2 0.9054303278688526 0.35660860655737725 0.8831454918032786 0.3380379098360657 0.8639344262295081 0.3610911885245903 0.886219262295082 0.37966188524590183
2 0.9385670731707316 0.7017911585365854 0.9141768292682928 0.6822789634146342 0.8949695121951221 0.7062881097560976 0.9193597560975609 0.7258003048780488
2 0.8967646375464684 0.2606122211895912 0.8747153810408921 0.2436512546468403 0.8565927044609666 0.2672107342007436 0.8786419609665428 0.2841717007434945
2 0.9204207920792079 0.5229579207920794 0.8969368811881189 0.5037438118811882 0.878697400990099 0.5260365099009903 0.9021813118811881 0.5452506188118814
2 0.9125 0.43281250000000016 0.8921875000000001 0.4125000000000002 0.87109375 0.43359375000000017 0.89140625 0.4539062500000002
1 0.7240384615384615 0.7141826923076924 0.702704326923077 0.7099158653846154 0.6986177884615385 0.7303485576923078 0.719951923076923 0.7346153846153847
1 0.79375 0.5234375000000002 0.771875 0.5234375000000002 0.771875 0.5453125000000002 0.79375 0.5453125000000002
1 0.7753676470588236 0.2766544117647059 0.7648897058823529 0.2591911764705882 0.7458180147058824 0.2706341911764706 0.7562959558823529 0.2880974264705883
1 0.78684375 0.43428125000000006 0.7665 0.43137500000000006 0.76334375 0.45346875000000014 0.7836874999999999 0.4563750000000001
1 0.7859375 0.06250000000000008 0.7625 0.06250000000000008 0.7625 0.0828125000000001 0.7859375 0.0828125000000001
1 0.8699999999999999 0.018125000000000037 0.8609375 0 0.8396875000000001 0.010625000000000018 0.8487500000000001 0.028750000000000053
1 0.7843750000000002 0.3687500000000002 0.76953125 0.3539062500000001 0.75390625 0.3695312500000002 0.76875 0.38437500000000024
3 0.8527614915572235 0.9114446529080675 0.8485752814258914 0.8633032363977486 0.7573493198874297 0.871235928705441 0.7615355300187618 0.9193773452157599
3 0.9734375 0.7703125000000002 0.878125 0.7703125000000002 0.878125 0.840625 0.9734375 0.840625
3 0.9128942307692307 0.16022115384615382 0.9101971153846155 0.1116730769230769 0.8200240384615386 0.1166826923076923 0.8227211538461539 0.16523076923076924
3 0.9195786516853934 0.22276334269662926 0.9149929775280901 0.1746137640449438 0.8255512640449438 0.1831320224719101 0.8301369382022472 0.23128160112359555
4 0.8953125 0.08125000000000011 0.8359375 0.08125000000000011 0.8359375 0.10781250000000009 0.8953125 0.10781250000000009
4 0.8390625 0.0468750000000001 0.821875 0.0468750000000001 0.821875 0.057812500000000114 0.8390625 0.057812500000000114