1 0.5765625 0.4515625 0.5390625 0.4515625 0.5390625 0.4875 0.5765625 0.4875
1 0.8421875 0.10312500000000009 0.80625 0.10312500000000009 0.80625 0.14218750000000008 0.8421875 0.14218750000000008
1 0.5671875 0.58125 0.5296875 0.58125 0.5296875 0.61875 0.5671875 0.61875
2 0.8325288695299837 0.4887256888168558 0.8012079619124798 0.45153211102106977 0.7633888776337114 0.48337976094003243 0.7947097852512155 0.5205733387358185
2 0.8135667829949238 0.762408788071066 0.781087404822335 0.7249325824873096 0.745098350253807 0.7561230964467005 0.7775777284263958 0.7935993020304569
2 0.8232251402743141 0.6175284445137158 0.7912796134663341 0.5822202306733167 0.7544576059850373 0.6155353802992519 0.7864031327930174 0.650843594139651
2 0.8425336538461539 0.34533173076923085 0.8098004807692307 0.3087475961538463 0.7733076923076923 0.3413990384615386 0.8060408653846153 0.37798317307692314
2 0.5311946902654867 0.3242671460176991 0.4992533185840708 0.2877627212389381 0.4617533185840708 0.32057522123893817 0.49369469026548674 0.35707964601769915
4 0.871875 0.3750000000000001 0.74375 0.3750000000000001 0.74375 0.4359375000000002 0.871875 0.4359375000000002
3 0.6771847345132744 0.7187914823008851 0.5199668141592921 0.7083102876106195 0.5155074668141594 0.7752004977876106 0.6727253871681416 0.7856816924778761
3 0.8971763959390863 0.21140545685279197 0.7388324873096448 0.2000951776649747 0.7339308375634518 0.2687182741116752 0.8922747461928934 0.28002855329949244
3 0.3903217481073641 0.28196619064005507 0.231361837577426 0.26941672401927047 0.22595492085340677 0.3379043358568479 0.3849148313833448 0.3504538024776325
4 0.8671875 0.5187500000000002 0.7265625 0.5187500000000002 0.7265625 0.5640625000000001 0.8671875 0.5640625000000001
4 0.6578125 0.3234375000000001 0.628125 0.3234375000000001 0.628125 0.34062500000000007 0.6578125 0.34062500000000007
4 0.4453125 0.3078125000000001 0.415625 0.3078125000000001 0.415625 0.32500000000000007 0.4453125 0.32500000000000007
4 0.7296875 0.4281250000000001 0.621875 0.428125 0.621875 0.4718750000000001 0.7296875 0.47187500000000016
4 0.5828125 0.3531250000000001 0.409375 0.3531250000000001 0.409375 0.415625 0.5828125 0.415625
4 0.8515625 0.6484375000000001 0.725 0.6484375 0.725 0.6890625000000001 0.8515625 0.6890625000000001
4 0.828125 0.7921875000000002 0.7265625000000002 0.7921875000000002 0.7265625000000002 0.85 0.828125 0.85
4 0.7437500000000001 0.7453125 0.7125000000000001 0.7453125 0.7125000000000001 0.7640625000000001 0.7437500000000001 0.7640625000000002
0 0.821875 0.2734375000000001 0.8046875 0.2734375000000001 0.8046875 0.30937500000000007 0.821875 0.30937500000000007
0 0.7765625 0.31718750000000007 0.528125 0.31718750000000007 0.528125 0.3500000000000001 0.7765625 0.3500000000000001
0 0.8140625 0.3765625000000001 0.7953125 0.3765625000000001 0.7953125 0.45312500000000017 0.8140625 0.45312500000000017
0 0.7671875 0.46562500000000007 0.5796875 0.465625 0.5796875 0.4906250000000001 0.7671875 0.4906250000000002
0 0.8046875 0.5187500000000002 0.7859375 0.5187500000000002 0.7859375 0.5843750000000002 0.8046875 0.5843750000000002
0 0.759375 0.5937500000000001 0.5703125 0.59375 0.5703125 0.6218750000000001 0.759375 0.6218750000000002
0 0.7937500000000001 0.6500000000000001 0.7765625 0.6500000000000001 0.7765625 0.7265625000000002 0.7937500000000002 0.7265625000000002
0 0.7500000000000002 0.7437500000000001 0.6765625000000002 0.74375 0.6765625000000002 0.7640625000000001 0.7500000000000002 0.7640625000000002
0 0.7859375000000002 0.7906250000000001 0.7578125000000002 0.7906250000000001 0.7578125000000002 0.975 0.7859375000000002 0.975
0 0.7828125000000001 0.7796875000000001 0.5781250000000002 0.7796875 0.5781250000000002 0.9703125 0.7828125000000001 0.9703125
0 0.8140625 0.3593750000000001 0.4484375 0.3593750000000001 0.4484375000000001 0.9765625 0.8140625 0.9765625
0 0.8171875 0.2984375 0.17343750000000005 0.2984375 0.17343750000000008 0.978125 0.8171875 0.978125
4 0.7015625000000002 0.9890625 0.6687500000000002 0.9890625 0.6687500000000002 1 0.7015625000000002 1
0 0.8296875 0.1453125000000001 0.8109375 0.1453125000000001 0.8109375 0.2078125000000001 0.8296875 0.2078125000000001
4 0.7390625 0.5562500000000001 0.5875 0.55625 0.5875 0.6031250000000001 0.7390625 0.6031250000000001