1 0.4659375 0.48218749999999994 0.45421875 0.44703124999999994 0.4171875 0.459375 0.42890625 0.49453125
1 0.18825367647058827 0.11051470588235299 0.15252757352941176 0.1077665441176471 0.1495404411764706 0.1465992647058824 0.1852665441176471 0.14934742647058827
1 0.47932692307692315 0.5950721153846155 0.44831730769230765 0.5743990384615384 0.4271634615384615 0.6061298076923076 0.458173076923077 0.6268028846153847
2 0.23535241291727135 0.4896589259796807 0.19843296444121913 0.4582773947750363 0.1670899854862119 0.49515148766328015 0.2040094339622641 0.5265330188679245
2 0.25993852459016403 0.7608862704918034 0.22259221311475424 0.7297643442622951 0.1907018442622952 0.7680327868852459 0.22804815573770498 0.7991547131147542
2 0.2478227459016394 0.6182377049180328 0.2101690573770493 0.5868596311475411 0.17815061475409846 0.625281762295082 0.21580430327868858 0.6566598360655738
2 0.22328125000000004 0.34484375000000006 0.18423076923076925 0.31447115384615393 0.1536899038461539 0.3537379807692308 0.19274038461538467 0.384110576923077
2 0.5350055713128039 0.31985666531604556 0.49704213938411657 0.2878874594813616 0.46612641815234995 0.3245998784440845 0.5040898500810372 0.35656908427876843
4 0.25468750000000007 0.3796875 0.12656250000000005 0.3796875 0.12656250000000005 0.4421875 0.25468750000000007 0.4421875
3 0.48906250000000007 0.7078125 0.3265625000000001 0.7078125 0.3265625000000001 0.7890625 0.4890625000000002 0.7890625
3 0.2620909334763949 0.2729680793991417 0.2560474785407726 0.20447559012875538 0.09740209227467812 0.2184737124463519 0.10344554721030041 0.2869662017167382
3 0.7707932692307693 0.3336538461538462 0.7649243667917449 0.26616146810506564 0.6062060272045028 0.27996306285178235 0.6120749296435272 0.3474554409005629
4 0.2750000000000001 0.521875 0.13281250000000006 0.521875 0.13281250000000006 0.5703125 0.2750000000000001 0.5703125
4 0.36875 0.32656250000000003 0.3390625 0.3265625 0.3390625 0.34375000000000006 0.36875 0.3437500000000001
4 0.5828125 0.3062500000000001 0.553125 0.3062500000000001 0.553125 0.32500000000000007 0.5828125 0.32500000000000007
4 0.3781250000000001 0.4296875 0.27031250000000007 0.4296875 0.27031250000000007 0.475 0.3781250000000001 0.475
4 0.5890625 0.3515625000000001 0.415625 0.3515625000000001 0.415625 0.415625 0.5890625 0.415625
4 0.27812500000000007 0.6515625 0.1515625000000001 0.6515625 0.1515625000000001 0.6953125 0.27812500000000007 0.6953125
4 0.2812500000000001 0.7953125 0.1781250000000001 0.7953125 0.1781250000000001 0.8546875 0.2812500000000001 0.8546875
4 0.2921875000000001 0.75 0.2609375000000001 0.75 0.2609375000000001 0.76875 0.2921875000000001 0.76875
0 0.19218750000000004 0.278125 0.17500000000000004 0.278125 0.17500000000000004 0.3140625 0.19218750000000004 0.3140625
0 0.46875 0.31718750000000007 0.2203125 0.3171875 0.2203125 0.35468750000000004 0.46875 0.3546875000000001
0 0.20468750000000008 0.38125 0.18437500000000004 0.38125 0.18437500000000004 0.459375 0.20468750000000008 0.459375
0 0.4203125 0.4671875 0.2328125000000001 0.4671875 0.2328125000000001 0.4953125 0.4203125 0.4953125
0 0.2171875000000001 0.5234375 0.19687500000000005 0.5234375 0.19687500000000008 0.5890625 0.2171875000000001 0.5890625
0 0.43125 0.5953125 0.24218750000000008 0.5953125 0.24218750000000008 0.6265625 0.43125 0.6265625
0 0.22812500000000008 0.6546875 0.2093750000000001 0.6546875 0.2093750000000001 0.73125 0.22812500000000008 0.73125
0 0.3296875000000001 0.746875 0.2562500000000001 0.746875 0.2562500000000001 0.7671875 0.3296875000000001 0.7671875
0 0.2515625000000001 0.7953125 0.22031250000000008 0.7953125 0.22031250000000008 0.9796875 0.2515625000000001 0.9796875
0 0.42968750000000017 0.78125 0.2218750000000001 0.78125 0.2218750000000001 0.975 0.42968750000000017 0.975
0 0.5593750000000001 0.35937500000000006 0.18437500000000004 0.359375 0.1843750000000001 0.98125 0.5593750000000002 0.98125
0 0.834375 0.29375000000000007 0.18125000000000005 0.29375 0.18125000000000008 0.9828125 0.834375 0.9828125
4 0.3390625000000001 0.9921875 0.3062500000000001 0.9921875 0.3062500000000001 1 0.3390625000000001 1
0 0.184375 0.15000000000000002 0.165625 0.15 0.16562500000000002 0.2125 0.18437500000000004 0.2125
4 0.4140625 0.5578125 0.26250000000000007 0.5578125 0.26250000000000007 0.60625 0.4140625 0.60625