1 0.4625 0.446875 0.425 0.446875 0.425 0.4828125 0.4625 0.4828125
1 0.2203125 0.08125000000000002 0.184375 0.08125000000000002 0.184375 0.12031250000000004 0.2203125 0.12031250000000004
1 0.4625 0.5765625 0.425 0.5765625 0.425 0.6140625 0.4625 0.6140625
2 0.2368015905383361 0.4646181688417618 0.20133564437194126 0.43112255301794455 0.16818668433931486 0.4662214518760196 0.20365263050570967 0.4997170676998369
2 0.2367187500000001 0.7382812500000002 0.20312500000000008 0.7046875000000001 0.1687500000000001 0.7390625000000002 0.2023437500000001 0.7726562500000002
2 0.2367187500000001 0.5960937500000001 0.2023437500000001 0.56171875 0.16796875000000008 0.5960937500000002 0.2023437500000001 0.6304687500000001
2 0.23671875 0.32265625 0.20312500000000006 0.2890625000000001 0.17031250000000003 0.3218750000000001 0.20390625 0.35546875000000006
2 0.54921875 0.32265625 0.51484375 0.2882812500000001 0.48125 0.32187500000000013 0.5156249999999999 0.35625000000000007
4 0.26250000000000007 0.3578125 0.13750000000000004 0.3578125 0.13750000000000004 0.409375 0.26250000000000007 0.409375
3 0.4640625000000001 0.70625 0.3078125000000001 0.70625 0.3078125000000001 0.771875 0.46406250000000016 0.771875
3 0.28125 0.184375 0.12343750000000005 0.184375 0.12343750000000005 0.2515625 0.28125 0.2515625
3 0.7828125 0.2890625000000001 0.625 0.2890625000000001 0.625 0.35625000000000007 0.7828125 0.35625000000000007
4 0.27031250000000007 0.503125 0.13125000000000003 0.503125 0.13125000000000003 0.5390625 0.27031250000000007 0.5390625
4 0.3828125 0.3140625 0.3546875 0.3140625 0.3546875 0.3296875 0.3828125 0.3296875000000001
4 0.596875 0.3140625000000001 0.56875 0.3140625000000001 0.56875 0.3296875000000001 0.596875 0.3296875000000001
4 0.3812500000000001 0.4203125 0.2765625000000001 0.4203125 0.2765625000000001 0.45625 0.3812500000000001 0.45625
4 0.596875 0.3593750000000001 0.4265625 0.3593750000000001 0.4265625 0.409375 0.596875 0.409375
4 0.26250000000000007 0.63125 0.1390625000000001 0.63125 0.1390625000000001 0.6640625 0.26250000000000007 0.6640625
4 0.2515625000000001 0.775 0.1531250000000001 0.775 0.1531250000000001 0.8265625 0.2515625000000001 0.8265625
4 0.27031250000000007 0.7296875 0.2390625000000001 0.7296875 0.2390625000000001 0.746875 0.27031250000000007 0.746875
0 0.209375 0.2515625 0.19531250000000006 0.2515625 0.19531250000000006 0.2875 0.209375 0.2875
0 0.484375 0.31562500000000004 0.2359375 0.315625 0.2359375 0.33125000000000004 0.484375 0.3312500000000001
0 0.20937500000000003 0.35625 0.19531250000000006 0.35625 0.19531250000000006 0.4328125 0.2093750000000001 0.4328125
0 0.4234375 0.459375 0.23593750000000008 0.459375 0.23593750000000008 0.471875 0.4234375 0.471875
0 0.2093750000000001 0.4984375 0.19531250000000006 0.4984375 0.19531250000000006 0.5625 0.2093750000000001 0.5625
0 0.4234375 0.5875 0.23437500000000008 0.5875 0.23437500000000008 0.603125 0.4234375 0.603125
0 0.2078125000000001 0.6296875 0.19687500000000008 0.6296875 0.19687500000000008 0.70625 0.2078125000000001 0.70625
0 0.3062500000000001 0.73125 0.23437500000000008 0.73125 0.23437500000000008 0.7453125 0.3062500000000001 0.7453125
0 0.21093750000000008 0.771875 0.19531250000000008 0.771875 0.1953125000000001 0.9546875 0.21093750000000008 0.9546875
0 0.3906250000000001 0.7734375 0.19687500000000008 0.7734375 0.1968750000000001 0.95 0.3906250000000001 0.95
0 0.5203125000000001 0.35937500000000006 0.19531250000000006 0.359375 0.19531250000000008 0.95625 0.5203125000000002 0.95625
0 0.7953125000000001 0.31875000000000003 0.19531250000000006 0.31875 0.19531250000000008 0.9578125 0.7953125000000002 0.9578125
4 0.2968750000000001 0.9765625 0.2656250000000001 0.9765625 0.2656250000000001 0.996875 0.2968750000000001 0.996875
0 0.2109375 0.12343750000000005 0.196875 0.12343750000000005 0.19687500000000002 0.18437500000000004 0.2109375 0.18437500000000004
4 0.40625 0.55 0.2578125000000001 0.55 0.2578125000000001 0.5859375 0.40625 0.5859375