4 0.9046875 0.20468750000000008 0.86875 0.20468750000000008 0.86875 0.22812500000000008 0.9046875 0.22812500000000008
4 1 0.2578125000000001 0.8859375 0.2578125000000001 0.8859375 0.3000000000000001 1 0.3000000000000001
4 0.875 0.6000000000000002 0.84375 0.6000000000000002 0.84375 0.6187500000000001 0.875 0.6187500000000001
4 0.9734375 0.6437500000000002 0.8515625 0.6437500000000002 0.8515625 0.7031250000000002 0.9734375 0.7031250000000002
0 0.9578125 0.18750000000000014 0.940625 0.18750000000000014 0.940625 0.2171875000000001 0.9578125 0.2171875000000001
0 0.9671875 0.07812500000000011 0.946875 0.07812500000000011 0.946875 0.13125000000000014 0.9671875 0.13125000000000014
0 0.93125 0.2171875000000001 0.66875 0.2171875000000001 0.6687500000000001 0.7765625 0.93125 0.7765625000000002
0 0.9140625 0.6531250000000002 0.7328125 0.6531250000000002 0.7328125000000001 0.7281250000000001 0.9140625 0.7281250000000001
0 0.9546875 0.2609375000000001 0.9328125 0.2609375000000001 0.9328125 0.3234375000000001 0.9546875 0.3234375000000001
0 0.94375 0.4031250000000002 0.925 0.4031250000000002 0.925 0.42187500000000017 0.94375 0.42187500000000017
0 0.9375 0.5062500000000002 0.91875 0.5062500000000002 0.91875 0.5296875000000002 0.9375 0.5296875000000002
0 0.93125 0.5765625000000002 0.909375 0.5765625000000002 0.909375 0.6078125000000002 0.93125 0.6078125000000002
0 0.9234375 0.6578125000000001 0.9046875 0.6578125000000001 0.9046875 0.7578125000000002 0.9234375 0.7578125000000002
3 1.0029779411764708 0.13159926470588248 0.8883915441176473 0.12278492647058833 0.8837224264705885 0.1834834558823531 0.9983088235294119 0.1922977941176472
3 0.9971420367534455 0.42510097626339977 0.8678172856049005 0.41602555513016853 0.8616304555895864 0.5041878828483921 0.9909552067381314 0.5132633039816235
3 1.0018805309734513 0.32647953539823016 0.8744261615044249 0.3179825774336284 0.8690334623893806 0.39887306415929213 0.9964878318584072 0.4073700221238939
3 0.808688979289941 0.587291050295858 0.6902866124260354 0.5791253698224852 0.6855048076923076 0.6484615384615384 0.8039071745562131 0.6566272189349113
3 0.9895864168460712 0.5325946918729818 0.8605271124865446 0.5235905543595265 0.8570480691603874 0.5734568420344458 0.986107373519914 0.5824609795479011
2 0.9436102236421725 0.631619408945687 0.9186900958466454 0.6046226038338659 0.8910443290734824 0.6301417731629394 0.9159644568690096 0.6571385782747605
2 0.9711764705882352 0.24345588235294136 0.946801470588235 0.21501838235294138 0.9191360294117643 0.23873161764705902 0.9435110294117646 0.26716911764705903
1 0.925 0.7562500000000002 0.89375 0.7562500000000002 0.89375 0.7875000000000002 0.925 0.7875000000000002
1 0.971875 0.05156250000000011 0.94375 0.05156250000000011 0.94375 0.0796875000000001 0.971875 0.0796875000000001