4 0.8890625 0.1843750000000001 0.853125 0.1843750000000001 0.853125 0.2062500000000001 0.8890625 0.2062500000000001
4 0.990625 0.2390625000000001 0.8765625 0.2390625000000001 0.8765625 0.2750000000000001 0.990625 0.2750000000000001
4 0.8796875 0.5812500000000002 0.8484375 0.5812500000000002 0.8484375 0.5984375000000002 0.8796875 0.5984375000000002
4 0.98125 0.6250000000000002 0.8609375 0.6250000000000002 0.8609375 0.6781250000000002 0.98125 0.6781250000000002
0 0.940625 0.16562500000000013 0.925 0.16562500000000013 0.925 0.19375000000000014 0.940625 0.19375000000000014
0 0.94375 0.05625000000000011 0.9265625 0.05625000000000011 0.9265625 0.10781250000000013 0.94375 0.10781250000000013
0 0.9171875 0.2078125000000001 0.6828125 0.2078125000000001 0.6828125 0.7562500000000001 0.9171875 0.7562500000000002
0 0.921875 0.6406250000000002 0.74375 0.6406250000000002 0.74375 0.7062500000000002 0.921875 0.7062500000000002
0 0.940625 0.2390625000000001 0.921875 0.2390625000000001 0.921875 0.3000000000000001 0.940625 0.3000000000000001
0 0.9390625 0.37968750000000007 0.921875 0.37968750000000007 0.921875 0.3984375000000001 0.9390625 0.3984375000000001
0 0.9375 0.48437500000000017 0.91875 0.48437500000000017 0.91875 0.5078125000000002 0.9375 0.5078125000000002
0 0.934375 0.5531250000000002 0.9140625 0.5531250000000002 0.9140625 0.5843750000000002 0.934375 0.5843750000000002
0 0.93125 0.6359375000000002 0.9171875 0.6359375000000002 0.9171875 0.7359375000000001 0.93125 0.7359375000000001
3 0.996875 0.10468750000000011 0.8671875 0.10468750000000009 0.8671875 0.1656250000000001 0.996875 0.16562500000000013
3 0.9921875 0.3984375000000001 0.8625 0.3984375000000001 0.8625 0.48750000000000016 0.9921875 0.48750000000000016
3 0.9938566779170686 0.3016941899710705 0.8644111620057859 0.2998963355834138 0.8633000843780134 0.3798939247830281 0.992745600289296 0.38169177917068475
3 0.8126699361313869 0.5718373631386863 0.6954413777372264 0.5686690237226278 0.6935424270072994 0.6389302007299271 0.81077098540146 0.6420985401459856
3 0.9890625 0.5062500000000002 0.8609375 0.5062500000000002 0.8609375 0.5562500000000001 0.9890625 0.5562500000000001
2 0.95 0.6093750000000002 0.9234375 0.5828125000000002 0.89765625 0.6085937500000002 0.92421875 0.6351562500000002
2 0.95703125 0.21796875 0.93125 0.1921875000000001 0.9046875 0.21875000000000014 0.93046875 0.24453125000000003
1 0.941425304878049 0.7521722560975612 0.9235899390243902 0.7298780487804879 0.9026295731707318 0.7466463414634147 0.9204649390243904 0.768940548780488
1 0.9484375 0.02812500000000011 0.9203125 0.02812500000000011 0.9203125 0.05625000000000011 0.9484375 0.05625000000000011