4 0.15156250000000002 0.178125 0.1171875 0.178125 0.11718750000000003 0.2 0.15156250000000004 0.2
4 0.12968750000000004 0.2328125 0.015625000000000028 0.2328125 0.01562500000000003 0.2671875 0.12968750000000004 0.2671875
4 0.15000000000000008 0.575 0.11875000000000009 0.575 0.11875000000000009 0.5921875 0.15000000000000008 0.5921875
4 0.1359375000000001 0.61875 0.017187500000000078 0.61875 0.01718750000000008 0.6703125 0.1359375000000001 0.6703125
0 0.07968750000000002 0.1578125 0.06562500000000002 0.1578125 0.06562500000000002 0.1859375 0.07968750000000002 0.1859375
0 0.08125000000000002 0.04843750000000001 0.0640625 0.04843750000000001 0.06406250000000001 0.1 0.08125000000000002 0.1
0 0.3140625 0.203125 0.08906250000000002 0.203125 0.08906250000000006 0.7484375 0.3140625000000001 0.7484375
0 0.2531250000000001 0.6359375 0.07656250000000009 0.6359375 0.07656250000000009 0.6984375 0.2531250000000001 0.6984375
0 0.08125000000000003 0.23125 0.06406250000000002 0.23125 0.06406250000000004 0.2921875 0.08125000000000004 0.2921875
0 0.08125000000000004 0.371875 0.06406250000000005 0.371875 0.06406250000000005 0.390625 0.08125000000000004 0.390625
0 0.08125000000000007 0.4765625 0.06406250000000006 0.4765625 0.06406250000000006 0.4984375 0.08125000000000007 0.4984375
0 0.08437500000000006 0.546875 0.06562500000000007 0.546875 0.06562500000000007 0.5765625 0.08437500000000006 0.5765625
0 0.07968750000000008 0.628125 0.06718750000000007 0.628125 0.06718750000000008 0.7265625 0.07968750000000009 0.7265625
3 0.1375 0.09687500000000002 0.009375000000000014 0.096875 0.009375000000000019 0.15625 0.1375 0.15625
3 0.13750000000000004 0.390625 0.009375000000000048 0.390625 0.009375000000000053 0.478125 0.13750000000000004 0.478125
3 0.13750000000000004 0.2921875 0.009375000000000036 0.2921875 0.00937500000000004 0.371875 0.13750000000000004 0.371875
3 0.3031250000000001 0.565625 0.1859375000000001 0.565625 0.1859375000000001 0.634375 0.3031250000000001 0.634375
3 0.13750000000000004 0.4984375 0.00937500000000006 0.4984375 0.009375000000000064 0.546875 0.13750000000000007 0.546875
2 0.09921875000000009 0.6007812500000002 0.0734375 0.575 0.04765625 0.60078125 0.07343750000000009 0.6265625000000001
2 0.09921875 0.21015625 0.07343750000000002 0.18437500000000004 0.047656250000000025 0.21015625000000004 0.0734375 0.2359375
1 0.08999155405405415 0.7303631756756758 0.0623733108108109 0.7257601351351352 0.05777027027027035 0.7533783783783784 0.08538851351351359 0.757981418918919
1 0.0875 0.02031250000000001 0.059375 0.020312500000000008 0.059375 0.04843750000000001 0.0875 0.04843750000000001