0 0.8875 0.0796875000000001 0.8703125 0.0796875000000001 0.8703125 0.18125000000000008 0.8875 0.18125000000000008
0 0.8765625 0.007812500000000108 0.865625 0.007812500000000106 0.865625 0.02812500000000011 0.8765625 0.02812500000000011
0 0.8953125 0.0468750000000001 0.7515625 0.04687500000000009 0.7515625 0.30937500000000007 0.8953125 0.30937500000000007
0 0.8953125 0.2687500000000001 0.8796875 0.2687500000000001 0.8796875 0.3000000000000001 0.8953125 0.3000000000000001
4 0.8375 0.0250000000000001 0.803125 0.0250000000000001 0.803125 0.0484375000000001 0.8375 0.0484375000000001
4 0.9765625 0.0703125000000001 0.78125 0.07031250000000008 0.78125 0.16875000000000012 0.9765625 0.16875000000000012
0 0.903125 0.3687500000000001 0.8796875 0.3687500000000001 0.8796875 0.3906250000000001 0.903125 0.3906250000000001
0 0.9078125 0.4265625000000002 0.8859375 0.4265625000000002 0.8859375 0.4625000000000002 0.9078125 0.4625000000000002
0 0.9078125 0.48750000000000016 0.890625 0.48750000000000016 0.890625 0.5171875000000001 0.9078125 0.5171875000000001
2 0.8994520547945204 0.05239297945205497 0.8716438356164382 0.02657106164383576 0.8461001712328764 0.05407962328767133 0.8739083904109588 0.07990154109589054
3 0.9533844683175527 0.36573766387472695 0.9496768026219955 0.2971458485069192 0.8231461671522216 0.3039853423160962 0.8268538328477787 0.372577157683904
3 0.9601907611918172 0.4892088830418026 0.9584953120367624 0.4564301993774088 0.8309539912540765 0.46302716424547874 0.8326494404091314 0.49580584790987253
3 0.9567429218128535 0.4260810262717187 0.9543748037471218 0.3852309896378481 0.8267015124555162 0.3926323398576513 0.8290696305212478 0.43348237649152194
3 0.948213052486188 0.2644854972375691 0.9435341850828729 0.1755870165745857 0.8159271408839779 0.18230317679558014 0.8206060082872929 0.27120165745856356
1 0.9139780405405407 0.5432432432432432 0.9093327702702704 0.5153716216216215 0.8819679054054055 0.5199324324324325 0.8866131756756758 0.5478040540540541
1 0.8828125 1.0658254173829309e-16 0.8578125 1.0505173323935891e-16 0.8578125 0.009375000000000107 0.8828125 0.009375000000000109