0 0.10937500000000003 0.1 0.09687500000000002 0.1 0.09687500000000002 0.2015625 0.10937500000000004 0.2015625
0 0.109375 0.02812500000000001 0.0984375 0.02812500000000001 0.0984375 0.04843750000000001 0.109375 0.04843750000000001
0 0.225 0.06718750000000002 0.0953125 0.06718750000000002 0.09531250000000002 0.3234375 0.225 0.3234375
0 0.10937500000000004 0.2890625 0.09531250000000005 0.2890625 0.09531250000000005 0.3203125 0.10937500000000004 0.3203125
4 0.1734375 0.043750000000000025 0.140625 0.043750000000000025 0.140625 0.06406250000000002 0.1734375 0.06406250000000002
4 0.19687500000000002 0.09531250000000001 0.006250000000000011 0.0953125 0.006250000000000017 0.184375 0.19687500000000005 0.18437500000000004
0 0.11406250000000004 0.3890625 0.09218750000000005 0.3890625 0.09218750000000005 0.409375 0.11406250000000004 0.409375
0 0.11093750000000005 0.4484375 0.09218750000000005 0.4484375 0.09218750000000006 0.4828125 0.11093750000000005 0.4828125
0 0.11093750000000005 0.509375 0.09375000000000007 0.509375 0.09375000000000007 0.5375 0.11093750000000005 0.5375
2 0.12890625 0.07265625 0.103125 0.046875000000000014 0.0765625 0.07343750000000002 0.10234375 0.09921875000000001
3 0.16562500000000005 0.3203125 0.03906250000000004 0.3203125 0.03906250000000004 0.3890625 0.16562500000000005 0.3890625
3 0.16562500000000005 0.48125 0.039062500000000056 0.48125 0.03906250000000006 0.5125 0.16562500000000005 0.5125
3 0.16562500000000005 0.409375 0.039062500000000056 0.409375 0.039062500000000056 0.45 0.16562500000000005 0.45
3 0.16562500000000005 0.1984375 0.03906250000000002 0.1984375 0.03906250000000003 0.2875 0.16562500000000005 0.2875
1 0.11562500000000006 0.5375 0.08906250000000007 0.5375 0.08906250000000007 0.565625 0.11562500000000009 0.565625
1 0.115625 1.301187224094063e-17 0.0890625 1.1385388210823048e-17 0.0890625 0.029687500000000012 0.115625 0.029687500000000012