0 0.9234375 0.12031250000000011 0.90625 0.12031250000000009 0.90625 0.2218750000000001 0.9234375 0.2218750000000001
0 0.925 0.050000000000000114 0.9140625 0.050000000000000114 0.9140625 0.07031250000000011 0.925 0.07031250000000011
0 0.928125 0.0828125000000001 0.784375 0.0828125000000001 0.784375 0.3453125000000001 0.928125 0.3453125000000001
0 0.915625 0.30937500000000007 0.9 0.30937500000000007 0.9 0.34062500000000007 0.915625 0.34062500000000007
4 0.8828125 0.06093750000000011 0.8484375 0.06093750000000011 0.8484375 0.08437500000000012 0.8828125 0.08437500000000012
4 1 0.1109375000000001 0.81875 0.11093750000000009 0.81875 0.2093750000000001 1 0.2093750000000001
0 0.9140625 0.40937500000000016 0.890625 0.40937500000000016 0.890625 0.4312500000000002 0.9140625 0.4312500000000002
0 0.9109375 0.46875000000000017 0.8890625 0.46875000000000017 0.8890625 0.5046875000000002 0.9109375 0.5046875000000002
0 0.9046875 0.5296875000000002 0.8875 0.5296875000000002 0.8875 0.5593750000000002 0.9046875 0.5593750000000002
2 0.9437413674033145 0.0954765193370168 0.919423342541436 0.06845649171270747 0.8917127071823201 0.0933960635359119 0.9160307320441984 0.12041609116022123
3 0.9677632491675917 0.34366502497225315 0.8408209628190899 0.3394336154273031 0.8385127635960045 0.4086795921198669 0.9654550499445061 0.412911001664817
3 0.9596296616022102 0.5045364295580111 0.8325966850828731 0.4978504834254145 0.8308701657458565 0.5306543508287294 0.9579031422651936 0.537340296961326
3 0.9643085290055252 0.4328254488950278 0.8363734461325969 0.42609202348066305 0.8341548687845306 0.4682449930939228 0.9620899516574589 0.4749784185082874
3 0.9752978245856354 0.22246633287292833 0.8474447513812156 0.21573722375690624 0.84269682320442 0.30594785911602224 0.9705498964088399 0.3126769682320444
1 0.90625 0.5578125000000002 0.8796875 0.5578125000000002 0.8796875 0.5859375000000002 0.90625 0.5859375000000002
1 0.934375 0.021875000000000113 0.9078125 0.02187500000000011 0.9078125 0.05156250000000011 0.934375 0.05156250000000011