2 0.10156250000000004 0.5312500000000001 0.0867187500000001 0.5164062500000002 0.07265625000000009 0.5304687500000002 0.08750000000000005 0.5453125000000001
2 0.8203125 0.3046875000000001 0.796875 0.2812500000000001 0.7734375 0.3046875000000001 0.796875 0.3281250000000001
2 0.56875 0.5687500000000002 0.5453125 0.5453125000000002 0.52265625 0.5679687500000001 0.54609375 0.5914062500000001
3 0.3031250000000001 0.5015625 0.19218750000000004 0.5015625 0.19218750000000007 0.5609375 0.3031250000000001 0.5609375
3 0.715625 0.5375 0.60625 0.5375 0.60625 0.5984375 0.715625 0.5984375
3 0.75 0.2750000000000001 0.66875 0.2750000000000001 0.66875 0.3343750000000001 0.75 0.3343750000000001
3 0.5 0.5015625 0.3906250000000001 0.5015625 0.3906250000000001 0.5609375 0.5 0.5609375
1 0.9265625 0.3296875000000001 0.8953125 0.3296875000000001 0.8953125 0.3609375000000001 0.9265625 0.3609375000000001
1 0.8796875 0.2484375000000001 0.8484375 0.2484375000000001 0.8484375 0.2796875000000001 0.8796875 0.2796875000000001
1 0.36406250000000007 0.515625 0.33281250000000007 0.515625 0.33281250000000007 0.546875 0.36406250000000007 0.546875
1 0.16406250000000006 0.515625 0.13437500000000005 0.515625 0.13437500000000008 0.546875 0.16406250000000008 0.546875
0 0.8484375 0.2609375000000001 0.7921875 0.2609375000000001 0.7921875 0.2843750000000001 0.8484375 0.2843750000000001
0 0.8953125 0.3281250000000001 0.79375 0.3281250000000001 0.79375 0.3500000000000001 0.8953125 0.3500000000000001
0 0.775 0.2984375000000001 0.7515625 0.2984375000000001 0.7515625 0.3109375000000001 0.775 0.3109375000000001
0 0.7359375 0.3375000000000001 0.7171875 0.3375000000000001 0.7171875 0.5750000000000001 0.7359375 0.5750000000000002
0 0.6078125 0.5625 0.5703125 0.5625 0.5703125 0.575 0.6078125 0.575
0 0.55 0.525 0.5015625 0.525 0.5015625 0.546875 0.55 0.546875
0 0.3921875000000001 0.525 0.36406250000000007 0.525 0.36406250000000007 0.5375 0.3921875000000001 0.5375
0 0.33281250000000007 0.525 0.3046875000000001 0.525 0.3046875000000001 0.5375 0.33281250000000007 0.5375
0 0.19375000000000003 0.525 0.16406250000000006 0.525 0.16406250000000006 0.5375 0.19375000000000003 0.5375
0 0.13437500000000005 0.525 0.10312500000000005 0.525 0.10312500000000005 0.5375 0.13437500000000005 0.5375
0 0.09218750000000006 0.46875 0.025000000000000057 0.46875 0.02500000000000006 0.51875 0.09218750000000006 0.51875
0 0.09218750000000006 0.546875 0.03906250000000007 0.546875 0.03906250000000007 0.5609375 0.09218750000000006 0.5609375
4 0.9 0.27812500000000007 0.83125 0.27812500000000007 0.83125 0.3031250000000001 0.9 0.3031250000000001
4 0.953125 0.3593750000000001 0.865625 0.3593750000000001 0.865625 0.42187500000000017 0.953125 0.42187500000000017
4 0.6 0.4921875 0.5140625 0.4921875 0.5140625 0.5265625 0.6 0.5265625
4 0.3843750000000001 0.5453125 0.3140625000000001 0.5453125 0.3140625000000001 0.5671875 0.3843750000000001 0.5671875
4 0.2718750000000001 0.6 0.09687500000000007 0.6 0.09687500000000007 0.609375 0.2718750000000001 0.609375
4 0.17968750000000008 0.546875 0.12031250000000009 0.546875 0.12031250000000009 0.596875 0.17968750000000008 0.596875