2 0.9257812500000002 0.5304687500000002 0.91171875 0.51640625 0.896875 0.53125 0.9109375000000002 0.5453125000000002
2 0.22578125000000004 0.30546875000000007 0.2015625 0.28125 0.17890624999999996 0.30390625000000004 0.203125 0.3281250000000001
2 0.47578125 0.5679687500000001 0.453125 0.5453125000000002 0.4296875000000001 0.5687500000000001 0.4523437500000001 0.5914062500000001
3 0.80625 0.5015625000000001 0.6953125 0.5015625 0.6953125 0.5609375000000001 0.80625 0.5609375000000002
3 0.3921875000000001 0.5375 0.2828125000000001 0.5375 0.2828125000000001 0.5984375 0.3921875000000001 0.5984375
3 0.3296875 0.275 0.2484375 0.275 0.2484375 0.334375 0.3296875 0.334375
3 0.6078125 0.5015625 0.4984375 0.5015625 0.4984375 0.5609375 0.6078125 0.5609375
1 0.10625000000000004 0.3296875 0.07343750000000004 0.3296875 0.07343750000000004 0.3609375 0.10625000000000004 0.3609375
1 0.15156250000000004 0.2484375 0.12031250000000004 0.2484375 0.12031250000000004 0.2796875 0.15156250000000004 0.2796875
1 0.66875 0.515625 0.6375 0.515625 0.6375 0.546875 0.66875 0.546875
1 0.865625 0.5156250000000002 0.8359375 0.5156250000000002 0.8359375 0.5453125000000002 0.865625 0.5453125000000002
0 0.2078125 0.2609375 0.15156250000000004 0.2609375 0.15156250000000004 0.284375 0.2078125 0.284375
0 0.2078125 0.3265625 0.10625000000000004 0.3265625 0.10625000000000004 0.35 0.2078125 0.35
0 0.2484375 0.2984375 0.225 0.2984375 0.225 0.3109375 0.2484375 0.3109375
0 0.2828125 0.3359375 0.2640625 0.3359375 0.26406250000000003 0.575 0.2828125000000001 0.575
0 0.43125 0.5625 0.3937500000000001 0.5625 0.3937500000000001 0.5734375 0.43125 0.5734375
0 0.4984375 0.525 0.45 0.525 0.45 0.546875 0.4984375 0.546875
0 0.6359375 0.525 0.609375 0.525 0.609375 0.5375 0.6359375 0.5375
0 0.696875 0.525 0.66875 0.525 0.66875 0.5375 0.696875 0.5375
0 0.8359375 0.5250000000000001 0.80625 0.5250000000000001 0.80625 0.5375000000000002 0.8359375 0.5375000000000002
0 0.896875 0.5250000000000001 0.865625 0.5250000000000001 0.865625 0.5375000000000002 0.896875 0.5375000000000002
0 0.9765625 0.46875000000000017 0.909375 0.46875000000000017 0.909375 0.5171875000000001 0.9765625 0.5171875000000001
0 0.9609375 0.5468750000000002 0.909375 0.5468750000000002 0.909375 0.5609375000000002 0.9609375 0.5609375000000002
4 0.17031250000000003 0.2765625 0.10156250000000004 0.2765625 0.10156250000000004 0.303125 0.17031250000000003 0.303125
4 0.13593750000000004 0.359375 0.04843750000000004 0.359375 0.04843750000000005 0.421875 0.13593750000000004 0.421875
4 0.4859375 0.4921875 0.4 0.4921875 0.4 0.525 0.4859375 0.525
4 0.6875 0.5453125 0.6171875 0.5453125 0.6171875 0.5671875 0.6875 0.5671875
4 0.9046875 0.6000000000000002 0.7296875 0.6000000000000002 0.7296875 0.6093750000000002 0.9046875 0.6093750000000002
4 0.88125 0.5468750000000002 0.821875 0.5468750000000002 0.821875 0.5968750000000002 0.88125 0.5968750000000002