2 0.9289062500000002 0.49609375000000017 0.9140625 0.48125 0.8984375 0.496875 0.91328125 0.5117187500000002
2 0.21124461206896555 0.33102909482758625 0.18553879310344829 0.3092780172413793 0.16432112068965518 0.3343534482758621 0.19002693965517245 0.35610452586206903
2 0.48277573529411766 0.5713970588235293 0.4578125 0.55 0.4364154411764705 0.5749632352941176 0.46137867647058817 0.596360294117647
3 0.8109375 0.4750000000000001 0.6953125 0.475 0.6953125 0.5453125000000001 0.8109375 0.5453125000000002
3 0.40284176289149 0.6087027443846884 0.39744641727301483 0.5482748734577665 0.2869987741221132 0.5581362701676683 0.2923941197405884 0.6185641410945902
3 0.31760221179624665 0.3509425268096515 0.31195542895442363 0.29023961126005365 0.22952915549597855 0.29790717158176944 0.2351759383378016 0.35861008713136727
3 0.6140625 0.4921875 0.4984375 0.4921875 0.4984375 0.5625 0.6140625 0.5625
1 0.09531250000000005 0.365625 0.06093750000000005 0.365625 0.06093750000000005 0.4 0.09531250000000005 0.4
1 0.13437500000000005 0.2796875 0.10000000000000005 0.2796875 0.10000000000000005 0.3140625 0.13437500000000005 0.3140625
1 0.671875 0.5015625 0.6375 0.5015625 0.6375 0.5359375 0.671875 0.5359375
1 0.86875 0.48437500000000017 0.8359375 0.48437500000000017 0.8359375 0.5171875000000001 0.86875 0.5171875000000001
0 0.19062500000000004 0.2875 0.13281250000000006 0.2875 0.13281250000000006 0.315625 0.19062500000000004 0.315625
0 0.19531250000000006 0.353125 0.09218750000000005 0.353125 0.09218750000000005 0.384375 0.19531250000000006 0.384375
0 0.2328125 0.321875 0.2078125 0.321875 0.2078125 0.3359375 0.2328125 0.3359375
0 0.290625 0.35625 0.25 0.35625 0.25000000000000006 0.5953125 0.2906250000000001 0.5953125
0 0.4375 0.56875 0.3984375000000001 0.56875 0.3984375000000001 0.584375 0.4375 0.584375
0 0.503125 0.525 0.453125 0.525 0.453125 0.5515625 0.503125 0.5515625
0 0.6390625 0.5140625 0.6109375 0.5140625 0.6109375 0.528125 0.6390625 0.528125
0 0.7 0.5078125 0.6703125 0.5078125 0.6703125 0.5234375 0.7 0.5234375
0 0.8390625 0.4968750000000002 0.8078125 0.4968750000000002 0.8078125 0.5109375000000002 0.8390625 0.5109375000000002
0 0.8984375 0.4906250000000002 0.8671875 0.4906250000000002 0.8671875 0.5046875000000002 0.8984375 0.5046875000000002
0 0.9765625 0.4281250000000002 0.9046875 0.4281250000000002 0.9046875 0.4828125000000002 0.9765625 0.4828125000000002
0 0.965625 0.5062500000000002 0.9125 0.5062500000000002 0.9125 0.5250000000000001 0.965625 0.5250000000000001
4 0.15312500000000004 0.3078125 0.08281250000000004 0.3078125 0.08281250000000004 0.3390625 0.15312500000000004 0.3390625
4 0.12968750000000004 0.3921875 0.03750000000000005 0.3921875 0.03750000000000005 0.4609375 0.12968750000000004 0.4609375
4 0.4890625 0.49375 0.4 0.49375 0.4 0.534375 0.4890625 0.534375
4 0.6921875 0.5296875 0.6203125 0.5296875 0.6203125 0.5578125 0.6921875 0.5578125
4 0.9125 0.5640625000000001 0.7375 0.5640625000000001 0.7375 0.5890625000000002 0.9125 0.5890625000000002
4 0.8875 0.5140625000000002 0.8234375 0.5140625000000002 0.8234375 0.5687500000000002 0.8875 0.5687500000000002