4 0.9640625 0.0671875000000001 0.7625 0.0671875000000001 0.7625 0.16250000000000012 0.9640625 0.16250000000000014
4 0.7375 0.12343750000000009 0.659375 0.12343750000000009 0.659375 0.14218750000000008 0.7375 0.14218750000000008
3 0.8033884615384617 0.6662326923076924 0.5768682692307693 0.6622586538461539 0.5755250000000001 0.7388250000000001 0.8020451923076924 0.7427990384615385
3 0.8113949780789158 0.18469995516141896 0.5849342367477082 0.182677984256676 0.5842381177760063 0.26064330908728583 0.810698859107214 0.26266527999202877
3 0.5267803023835542 0.5408334115899468 0.30050443501570834 0.5389633630993035 0.2998660744775305 0.6162049882188226 0.5261419418453764 0.618075036709466
3 0.5315770251209028 0.3003639676249329 0.30504978842020425 0.2966504063675444 0.3037689750134337 0.3747800241805482 0.5302962117141322 0.37849358543793665
3 0.8073350961538462 0.4256495192307693 0.5806230769230769 0.4216721153846155 0.579254326923077 0.49969086538461555 0.8059663461538463 0.5036682692307693
3 0.799470609065156 0.9081719192634562 0.5733711048158641 0.9027885977337112 0.5715262039660057 0.9802744334277621 0.7976257082152977 0.9856577549575072
2 0.7131875 0.5782500000000003 0.6896875 0.5606250000000002 0.6683125000000001 0.5891250000000002 0.6918124999999999 0.6067500000000002
2 0.7175 0.33656250000000004 0.6950000000000001 0.3196875000000001 0.673625 0.34818750000000015 0.696125 0.36506250000000007
2 0.709032012195122 0.8280868902439027 0.6884527439024392 0.8023628048780489 0.6650152439024392 0.8211128048780489 0.685594512195122 0.8468368902439026
1 0.19843750000000004 0.31875 0.17343750000000005 0.31875 0.17343750000000005 0.346875 0.19843750000000004 0.346875
1 0.19531250000000008 0.5609375 0.1687500000000001 0.5609375 0.1687500000000001 0.5875 0.19531250000000008 0.5875
1 0.715625 0.09687500000000009 0.6859375 0.09687500000000009 0.6859375 0.12656250000000008 0.715625 0.12656250000000008
0 0.7109375 0.12343750000000009 0.6890625 0.12343750000000009 0.6890625 0.1828125000000001 0.7109375 0.1828125000000001
0 0.709375 0.2609375000000001 0.6875 0.2609375000000001 0.6875 0.3203125000000001 0.709375 0.3203125000000001
0 0.6796875 0.3281250000000001 0.53125 0.3281250000000001 0.53125 0.3515625000000001 0.6796875 0.3515625000000001
0 0.7078125 0.36406250000000007 0.684375 0.36406250000000007 0.684375 0.4234375 0.7078125 0.4234375
0 0.703125 0.5015625 0.6828125 0.5015625 0.6828125 0.5609375 0.703125 0.5609375
0 0.6765625 0.56875 0.5265625 0.56875 0.5265625 0.5921875 0.6765625 0.5921875
0 0.703125 0.603125 0.68125 0.603125 0.68125 0.6640625 0.703125 0.6640625
0 0.7000000000000002 0.740625 0.6781250000000002 0.740625 0.6781250000000002 0.8 0.7000000000000002 0.8
0 0.7000000000000002 0.8453125 0.6765625000000002 0.8453125 0.6765625000000002 0.903125 0.7000000000000002 0.903125
0 0.6734375000000001 0.615625 0.4 0.615625 0.4000000000000001 0.8296875 0.6734375000000001 0.8296875
0 0.3046875 0.3234375 0.2015625 0.3234375 0.2015625 0.3453125 0.3046875 0.3453125
0 0.3000000000000001 0.5640625 0.19687500000000008 0.5640625 0.19687500000000008 0.5859375 0.3000000000000001 0.5859375
4 0.784375 0.3187500000000001 0.709375 0.3187500000000001 0.709375 0.3515625000000001 0.784375 0.3515625000000001
4 0.6203125 0.3437500000000001 0.5921875 0.3437500000000001 0.5921875 0.3609375000000001 0.6203125 0.3609375000000001
4 0.709375 0.3781250000000001 0.684375 0.3781250000000001 0.684375 0.3937500000000001 0.709375 0.3937500000000001
4 0.2140625 0.346875 0.16093750000000004 0.346875 0.16093750000000004 0.3625 0.2140625 0.3625
4 0.2093750000000001 0.5875 0.15625000000000008 0.5875 0.15625000000000008 0.6015625 0.2093750000000001 0.6015625
4 0.834375 0.5593750000000001 0.7 0.559375 0.7 0.5750000000000001 0.834375 0.5750000000000002
4 0.625 0.571875 0.596875 0.571875 0.596875 0.5890625 0.625 0.5890625
4 0.703125 0.6203125 0.6796875 0.6203125 0.6796875 0.634375 0.703125 0.634375
4 0.7937500000000002 0.8 0.7015625000000002 0.8 0.7015625000000002 0.8140625 0.7937500000000002 0.8140625
4 0.6312500000000002 0.815625 0.6046875000000002 0.815625 0.6046875000000002 0.83125 0.6312500000000002 0.83125
4 0.7000000000000002 0.8609375 0.6765625000000002 0.8609375 0.6765625000000002 0.8765625 0.7000000000000002 0.8765625
4 0.3468750000000001 0.9015625 0.2062500000000001 0.9015625 0.2062500000000001 0.9703125 0.3468750000000001 0.9703125