0 0.315625 0.14062500000000006 0.296875 0.14062500000000006 0.296875 0.19843750000000004 0.315625 0.19843750000000004
0 0.31875 0.240625 0.29375 0.240625 0.29375 0.3 0.31875 0.3
0 0.4734375 0.21093750000000006 0.321875 0.2109375 0.321875 0.22968750000000004 0.4734375 0.2296875000000001
4 0.3203125 0.2640625 0.290625 0.2640625 0.290625 0.28125 0.3203125 0.28125
4 0.296875 0.19062500000000002 0.15781250000000005 0.190625 0.15781250000000005 0.2109375 0.296875 0.2109375
4 0.4125 0.2218750000000001 0.378125 0.2218750000000001 0.378125 0.2406250000000001 0.4125 0.2406250000000001
4 0.63125 0.3453125000000001 0.6078125 0.3453125000000001 0.6078125 0.3625000000000001 0.63125 0.3625000000000001
4 0.909375 0.2250000000000001 0.875 0.2250000000000001 0.875 0.24218750000000008 0.909375 0.24218750000000008
0 0.8 0.21093750000000008 0.6984375 0.21093750000000008 0.6984375 0.2296875000000001 0.8 0.2296875000000001
0 0.9515625 0.21093750000000008 0.8328125 0.21093750000000008 0.8328125 0.2296875000000001 0.9515625 0.2296875000000001
0 0.825 0.24218750000000008 0.4203125 0.24218750000000008 0.4203125 0.3515625000000001 0.825 0.3515625000000001
0 0.471875 0.4546875 0.3218750000000001 0.4546875 0.3218750000000001 0.471875 0.471875 0.471875
0 0.8015625 0.4546875000000001 0.696875 0.4546875 0.696875 0.47343750000000007 0.8015625 0.4734375000000002
0 0.31718750000000007 0.38125 0.2953125000000001 0.38125 0.2953125000000001 0.440625 0.31718750000000007 0.440625
0 0.31718750000000007 0.4796875 0.29375000000000007 0.4796875 0.29375000000000007 0.5421875 0.31718750000000007 0.5421875
0 0.31718750000000007 0.65625 0.2968750000000001 0.65625 0.2968750000000001 0.71875 0.31718750000000007 0.71875
0 0.3156250000000001 0.7953125 0.2984375000000001 0.7953125 0.2984375000000001 0.8578125 0.3156250000000001 0.8578125
0 0.5156250000000002 0.8875 0.42187500000000017 0.8875 0.42187500000000017 0.90625 0.5156250000000002 0.90625
0 0.3156250000000001 0.9359375 0.2968750000000001 0.9359375 0.2968750000000001 0.9953125 0.3156250000000001 0.9953125
4 0.3234375000000001 0.5 0.2890625000000001 0.5 0.2890625000000001 0.5203125 0.3234375000000001 0.5203125
4 0.4109375 0.465625 0.3812500000000001 0.465625 0.3812500000000001 0.4875 0.4109375 0.4875
4 0.3203125 0.015625000000000035 0.29375 0.015625000000000035 0.29375 0.03437500000000004 0.3203125 0.034375000000000044
3 0.41875 0.30000000000000004 0.19375000000000003 0.3 0.19375000000000003 0.38125000000000003 0.41875 0.3812500000000001
3 0.41875 0.5453125 0.1937500000000001 0.5453125 0.1937500000000001 0.6578125 0.41875 0.6578125
3 0.41875000000000007 0.7171875 0.1937500000000001 0.7171875 0.1937500000000001 0.796875 0.4187500000000002 0.796875
3 0.696875 0.425 0.471875 0.425 0.471875 0.5015625 0.696875 0.5015625
3 0.6984375 0.17968750000000006 0.471875 0.17968750000000006 0.471875 0.2593750000000001 0.6984375 0.2593750000000001
3 0.4203125000000002 0.85625 0.1937500000000001 0.85625 0.19375000000000012 0.9359375 0.4203125000000002 0.9359375
3 0.421875 0.05781250000000003 0.1921875 0.057812500000000024 0.1921875 0.14062500000000006 0.421875 0.14062500000000006
2 0.8379354508196719 0.2157274590163935 0.8162653688524589 0.19766905737704935 0.7942366803278688 0.2241034836065575 0.8159067622950819 0.24216188524590168
2 0.32786200495049506 0.46669245049504954 0.30683787128712875 0.44099628712871297 0.285055693069307 0.4588180693069308 0.3060798267326733 0.4845142326732674
2 0.32890625 0.22109375000000003 0.30625 0.19843750000000004 0.284375 0.22031250000000008 0.30703125 0.2429687500000001