0 0.715625 0.1468750000000001 0.6953125 0.1468750000000001 0.6953125 0.2062500000000001 0.715625 0.2062500000000001
0 0.715625 0.2468750000000001 0.6875 0.2468750000000001 0.6875 0.3078125000000001 0.715625 0.3078125000000001
0 0.6875 0.21250000000000008 0.5359375 0.21250000000000008 0.5359375 0.23593750000000008 0.6875 0.23593750000000008
4 0.7171875 0.27031250000000007 0.6875 0.27031250000000007 0.6875 0.2890625000000001 0.7171875 0.2890625000000001
4 0.853125 0.19687500000000008 0.7140625 0.19687500000000008 0.7140625 0.2234375000000001 0.853125 0.2234375000000001
4 0.63125 0.2250000000000001 0.596875 0.2250000000000001 0.596875 0.2453125000000001 0.63125 0.2453125000000001
4 0.3984375 0.3421875000000001 0.375 0.3421875000000001 0.375 0.3593750000000001 0.3984375 0.3593750000000001
4 0.13437500000000005 0.2109375 0.10000000000000005 0.2109375 0.10000000000000005 0.2296875 0.13437500000000005 0.2296875
0 0.3125 0.2015625 0.2109375 0.2015625 0.2109375 0.2234375 0.3125 0.2234375
0 0.17812500000000003 0.1953125 0.059375000000000025 0.1953125 0.059375000000000025 0.21875 0.17812500000000003 0.21875
0 0.5890625 0.23125000000000004 0.18125000000000005 0.23125 0.18125000000000005 0.35468750000000004 0.5890625 0.3546875000000001
0 0.6796875 0.45625 0.5296875 0.45625 0.5296875 0.478125 0.6796875 0.478125
0 0.3046875000000001 0.4453125 0.2000000000000001 0.4453125 0.2000000000000001 0.4671875 0.3046875000000001 0.4671875
0 0.709375 0.38750000000000007 0.684375 0.38750000000000007 0.684375 0.4484375 0.709375 0.4484375
0 0.70625 0.4859375 0.68125 0.4859375 0.68125 0.55 0.70625 0.55
0 0.6984375 0.6640625 0.6765625 0.6640625 0.6765625000000001 0.7265625 0.6984375000000002 0.7265625
0 0.6906250000000002 0.8015625 0.6718750000000002 0.8015625 0.6718750000000002 0.8640625 0.6906250000000002 0.8640625
0 0.5656250000000002 0.8859375 0.4703125000000002 0.8859375 0.4703125000000002 0.9078125 0.5656250000000002 0.9078125
0 0.6875000000000002 0.9421875 0.6671875000000002 0.9421875 0.6671875000000002 1 0.6875000000000002 1
4 0.7109375 0.50625 0.6765625 0.50625 0.6765625 0.528125 0.7109375 0.528125
4 0.6203125 0.46875 0.5890625 0.46875 0.5890625 0.4921875 0.6203125 0.4921875
4 0.7234375 0.023437500000000087 0.696875 0.023437500000000083 0.696875 0.042187500000000086 0.7234375 0.042187500000000086
3 0.8132659548944339 0.31249940019193867 0.5867148512476008 0.3036150431861805 0.5835082773512477 0.3853826775431863 0.8100593809980807 0.39426703454894446
3 0.8036303027974178 0.5559113702735937 0.5784141561635413 0.5480090493390717 0.5744159237626806 0.6619586727636029 0.799632070396557 0.6698609936981249
3 0.7985609076433123 0.7277945859872613 0.5723984872611466 0.7197173566878983 0.5694984076433122 0.8009195859872614 0.7956608280254779 0.8089968152866245
3 0.5305759485446986 0.42558309511434517 0.30510492463617467 0.41830983627858637 0.3025873830561331 0.49635362525987536 0.528058406964657 0.5036268840956343
3 0.5392926068883611 0.18082690023752976 0.31305299881235155 0.1730255344418053 0.3102564578384798 0.25412522268408555 0.5364960659144893 0.26192658847981
3 0.7928536965558197 0.8666177998812353 0.5659683046318291 0.8587941656769598 0.5631791864608078 0.9396785926365796 0.7900645783847984 0.9475022268408552
3 0.8234375 0.06093750000000009 0.590625 0.06093750000000007 0.590625 0.1531250000000001 0.8234375 0.1531250000000001
2 0.21616233031674206 0.20659643665158373 0.1943085407239819 0.18672935520361994 0.17189621040723982 0.21138291855203625 0.19374999999999998 0.23125000000000004
2 0.716125 0.4644375 0.693625 0.4475625 0.6720625 0.4763125 0.6945625 0.49318750000000006
2 0.72421875 0.22734375000000012 0.703125 0.20625000000000013 0.6796875 0.2296875000000001 0.70078125 0.25078125000000007