4 0.24375 0.06250000000000001 0.04375000000000001 0.0625 0.04375000000000002 0.15468750000000003 0.24375 0.15468750000000003
4 0.346875 0.12031250000000004 0.2703125 0.12031250000000004 0.2703125 0.13750000000000004 0.346875 0.13750000000000004
3 0.41875 0.6609375 0.1937500000000001 0.6609375 0.1937500000000001 0.7375 0.41875000000000007 0.7375
3 0.41875 0.17812500000000003 0.19375000000000003 0.17812500000000003 0.19375000000000003 0.25625000000000003 0.41875 0.2562500000000001
3 0.696875 0.540625 0.471875 0.540625 0.471875 0.6171875 0.696875 0.6171875
3 0.696875 0.3000000000000001 0.471875 0.3000000000000001 0.471875 0.3765625000000001 0.696875 0.3765625000000001
3 0.4203125 0.4203125 0.19375000000000003 0.4203125 0.19375000000000003 0.496875 0.4203125 0.496875
3 0.4187500000000002 0.9015625 0.19375000000000012 0.9015625 0.19375000000000014 0.978125 0.4187500000000002 0.978125
2 0.328591628959276 0.5823882918552037 0.3057550904977375 0.5572680995475113 0.2839013009049774 0.5771351809954751 0.3067378393665159 0.6022553733031675
2 0.32890625000000007 0.3382812500000001 0.30703125000000003 0.31640625000000006 0.284375 0.3390625000000001 0.30625 0.36093750000000013
2 0.32890378548895904 0.8252809542586752 0.30710764984227135 0.7975404179810727 0.2846805993690852 0.8151616719242905 0.3064767350157729 0.8429022082018929
1 0.8311298076923077 0.3271634615384616 0.8058894230769231 0.3221153846153847 0.8006009615384615 0.3485576923076924 0.825841346153846 0.35360576923076936
1 0.8296875 0.5656250000000002 0.803125 0.5656250000000002 0.803125 0.5921875000000002 0.8296875 0.5921875000000002
1 0.32520491803278684 0.10868340163934428 0.307530737704918 0.08747438524590165 0.28662909836065575 0.10489241803278686 0.3043032786885246 0.1261014344262295
0 0.3171875 0.12031250000000004 0.296875 0.12031250000000004 0.296875 0.17968750000000006 0.3171875 0.17968750000000006
0 0.315625 0.2578125 0.2953125 0.2578125 0.2953125 0.3171875 0.315625 0.3171875
0 0.471875 0.32812500000000006 0.3234375 0.328125 0.3234375 0.34843750000000007 0.471875 0.34843750000000007
0 0.31718750000000007 0.3609375 0.2953125 0.3609375 0.29531250000000003 0.4203125 0.31718750000000007 0.4203125
0 0.3156250000000001 0.4984375 0.2968750000000001 0.4984375 0.2968750000000001 0.5578125 0.3156250000000001 0.5578125
0 0.471875 0.56875 0.3234375000000001 0.56875 0.3234375000000001 0.5890625 0.471875 0.5890625
0 0.3156250000000001 0.6 0.2953125000000001 0.6 0.2953125000000001 0.659375 0.3156250000000001 0.659375
0 0.31718750000000007 0.7375 0.2968750000000001 0.7375 0.2968750000000001 0.796875 0.31718750000000007 0.796875
0 0.31718750000000007 0.8421875 0.2953125000000001 0.8421875 0.2953125000000001 0.9 0.31718750000000007 0.9
0 0.5953125000000001 0.615625 0.32500000000000007 0.615625 0.32500000000000007 0.8265625 0.5953125000000001 0.8265625
0 0.8015625 0.3281250000000001 0.6984375 0.3281250000000001 0.6984375 0.34843750000000007 0.8015625 0.34843750000000007
0 0.8015625 0.5687500000000001 0.6984375 0.56875 0.6984375 0.5890625 0.8015625 0.5890625000000002
4 0.2953125 0.315625 0.2203125 0.315625 0.2203125 0.346875 0.2953125 0.346875
4 0.4109375 0.3421875000000001 0.3828125 0.3421875000000001 0.3828125 0.3578125000000001 0.4109375 0.3578125000000001
4 0.3187500000000001 0.375 0.29375000000000007 0.375 0.29375000000000007 0.390625 0.3187500000000001 0.390625
4 0.8421875 0.3531250000000001 0.7890625 0.3531250000000001 0.7890625 0.3671875000000001 0.8421875 0.3671875000000001
4 0.8421875 0.5921875000000002 0.7890625 0.5921875000000002 0.7890625 0.6062500000000002 0.8421875 0.6062500000000002
4 0.3000000000000001 0.5546875 0.16562500000000008 0.5546875 0.16562500000000008 0.56875 0.3000000000000001 0.56875
4 0.4015625 0.5703125 0.3750000000000001 0.5703125 0.3750000000000001 0.5859375 0.4015625 0.5859375
4 0.31718750000000007 0.6171875 0.2953125000000001 0.6171875 0.2953125000000001 0.63125 0.31718750000000007 0.63125
4 0.29375000000000007 0.796875 0.2015625000000001 0.796875 0.2015625000000001 0.8078125 0.29375000000000007 0.8078125
4 0.3906250000000001 0.8140625 0.36406250000000007 0.8140625 0.36406250000000007 0.828125 0.3906250000000001 0.828125
4 0.31718750000000007 0.8578125 0.2953125000000001 0.8578125 0.2953125000000001 0.8734375 0.31718750000000007 0.8734375
4 0.7859375000000002 0.90625 0.6468750000000002 0.90625 0.6468750000000002 0.971875 0.7859375000000002 0.971875