4 0.2140625 0.08593750000000001 0.00781250000000001 0.0859375 0.007812500000000017 0.19531250000000003 0.2140625 0.19531250000000006
4 0.3171875 0.13593750000000004 0.2390625 0.13593750000000004 0.2390625 0.15937500000000004 0.3171875 0.15937500000000004
3 0.44106681034482753 0.7443642241379311 0.43466594827586197 0.6675538793103449 0.2091487068965517 0.6863469827586208 0.21554956896551722 0.7631573275862069
3 0.39935190134392184 0.2657366753207086 0.39241514584605985 0.18665766264508243 0.16682097587049477 0.2064466249236408 0.17375773136835676 0.28552563759926697
3 0.707501987281399 0.601587341017488 0.7012668918918918 0.5236486486486485 0.47558624801271854 0.5417031001589824 0.4818213434022257 0.6196417925278219
3 0.686886839335828 0.36138549462114133 0.6800884296071095 0.28358147217025265 0.4544748304490178 0.3032952818054257 0.4612732401777363 0.38109930425631444
3 0.42179878048780484 0.5053734756097561 0.415032833020638 0.42756507973733593 0.1883501407129456 0.44727661819887443 0.19511608818011256 0.5250850140712946
3 0.46233876641651034 0.9848645637898688 0.455578681988743 0.9071235928705441 0.22990736397748596 0.9267471857410883 0.23666744840525328 1.004488156660413
2 0.336998020361991 0.5972709276018101 0.31242222850678736 0.5749292986425341 0.29213093891402725 0.5972497171945703 0.3167067307692309 0.6195913461538461
2 0.31562500000000004 0.3593750000000001 0.29218750000000004 0.3359375000000001 0.271875 0.35625000000000007 0.2953125 0.37968750000000007
2 0.3583136792452831 0.8400353773584908 0.33379716981132096 0.8132900943396228 0.3127830188679247 0.832553066037736 0.3372995283018868 0.859298349056604
1 0.8140625 0.2968750000000001 0.7875 0.2968750000000001 0.7875 0.32500000000000007 0.8140625 0.32500000000000007
1 0.8359375 0.5375000000000002 0.809375 0.5375000000000002 0.809375 0.5656250000000002 0.8359375 0.5656250000000002
1 0.2890625 0.11093750000000005 0.25625 0.11093750000000005 0.25625 0.14375000000000004 0.2890625 0.14375000000000004
0 0.2890625 0.13906250000000003 0.2640625 0.13906250000000003 0.2640625 0.19843750000000004 0.2890625 0.19843750000000004
0 0.3 0.275 0.275 0.275 0.275 0.3359375 0.3 0.3359375
0 0.459375 0.33125000000000004 0.309375 0.33125 0.30937500000000007 0.36562500000000003 0.459375 0.3656250000000001
0 0.3109375000000001 0.3765625 0.2843750000000001 0.3765625 0.2843750000000001 0.4375 0.3109375000000001 0.4375
0 0.3218750000000001 0.5140625 0.2968750000000001 0.5140625 0.2968750000000001 0.575 0.3218750000000001 0.575
0 0.4796875 0.5703125 0.3296875000000001 0.5703125 0.3296875000000001 0.6046875 0.4796875 0.6046875
0 0.3312500000000001 0.615625 0.3046875000000001 0.615625 0.3046875000000001 0.678125 0.3312500000000001 0.678125
0 0.3437500000000001 0.753125 0.3187500000000001 0.753125 0.3187500000000001 0.8140625 0.3437500000000001 0.8140625
0 0.3531250000000001 0.8578125 0.32500000000000007 0.8578125 0.32500000000000007 0.9171875 0.3531250000000001 0.9171875
0 0.6234375000000001 0.6078125 0.3359375000000001 0.6078125 0.3359375000000001 0.840625 0.6234375000000002 0.840625
0 0.7875 0.3031250000000001 0.6828125 0.3031250000000001 0.6828125 0.33281250000000007 0.7875 0.33281250000000007
0 0.8078125 0.5421875 0.7046875 0.5421875 0.7046875 0.5718750000000001 0.8078125 0.5718750000000001
4 0.2828125 0.334375 0.2046875 0.334375 0.20468750000000005 0.371875 0.2828125000000001 0.371875
4 0.39843750000000006 0.3500000000000001 0.3703125 0.3500000000000001 0.37031250000000004 0.3687500000000001 0.3984375000000001 0.3687500000000001
4 0.30937500000000007 0.3921875 0.2843750000000001 0.3921875 0.2843750000000001 0.409375 0.30937500000000007 0.409375
4 0.8296875 0.3234375000000001 0.7765625 0.3234375000000001 0.7765625 0.3421875000000001 0.8296875 0.3421875000000001
4 0.85 0.5625000000000002 0.796875 0.5625000000000002 0.796875 0.5796875000000001 0.85 0.5796875000000001
4 0.3062500000000001 0.5734375 0.17187500000000008 0.5734375 0.17187500000000008 0.5984375 0.3062500000000001 0.5984375
4 0.409375 0.578125 0.3812500000000001 0.578125 0.3812500000000001 0.596875 0.409375 0.596875
4 0.3296875000000001 0.6328125 0.3062500000000001 0.6328125 0.3062500000000001 0.6484375 0.3296875000000001 0.6484375
4 0.3218750000000001 0.8140625 0.2296875000000001 0.8140625 0.2296875000000001 0.834375 0.3218750000000001 0.834375
4 0.4187500000000002 0.821875 0.3906250000000001 0.821875 0.3906250000000001 0.8390625 0.4187500000000002 0.8390625
4 0.3515625000000001 0.871875 0.3281250000000001 0.871875 0.3281250000000001 0.8890625 0.3515625000000001 0.8890625
4 0.8265625 0.8796875 0.6828125000000002 0.8796875 0.6828125000000002 0.9578125 0.8265625 0.9578125