0 0.709375 0.1437500000000001 0.690625 0.1437500000000001 0.690625 0.20312500000000008 0.709375 0.20312500000000008
0 0.7109375 0.24375000000000008 0.684375 0.24375000000000008 0.684375 0.3046875000000001 0.7109375 0.3046875000000001
0 0.6828125 0.21250000000000008 0.53125 0.21250000000000008 0.53125 0.2328125000000001 0.6828125 0.2328125000000001
4 0.7140625 0.2671875000000001 0.684375 0.2671875000000001 0.684375 0.28593750000000007 0.7140625 0.28593750000000007
4 0.8484375 0.1937500000000001 0.709375 0.1937500000000001 0.709375 0.2171875000000001 0.8484375 0.2171875000000001
4 0.6265625 0.2234375000000001 0.5921875 0.2234375000000001 0.5921875 0.24375000000000008 0.6265625 0.24375000000000008
4 0.3953125 0.3437500000000001 0.371875 0.3437500000000001 0.371875 0.3609375000000001 0.3953125 0.3609375000000001
4 0.12968750000000004 0.2171875 0.09531250000000002 0.2171875 0.09531250000000002 0.234375 0.12968750000000004 0.234375
0 0.30625 0.20625 0.2046875 0.20625 0.2046875 0.2265625 0.30625 0.2265625
0 0.17343750000000005 0.203125 0.05468750000000002 0.203125 0.05468750000000002 0.2234375 0.17343750000000005 0.2234375
0 0.584375 0.23593750000000005 0.17812500000000003 0.2359375 0.17812500000000003 0.353125 0.584375 0.3531250000000001
0 0.6796875 0.4546875 0.5296875 0.4546875 0.5296875 0.475 0.6796875 0.475
0 0.3046875000000001 0.45 0.2000000000000001 0.45 0.2000000000000001 0.4703125 0.3046875000000001 0.4703125
0 0.7078125 0.3843750000000001 0.684375 0.3843750000000001 0.684375 0.4453125 0.7078125 0.4453125
0 0.70625 0.4828125 0.6828125 0.4828125 0.6828125 0.546875 0.70625 0.546875
0 0.7015625 0.659375 0.6796875 0.659375 0.6796875 0.721875 0.7015625 0.721875
0 0.6968750000000001 0.7984375 0.6796875000000002 0.7984375 0.6796875000000002 0.8609375 0.6968750000000001 0.8609375
0 0.5718750000000001 0.8875 0.47656250000000017 0.8875 0.47656250000000017 0.9078125 0.5718750000000001 0.9078125
0 0.6968750000000001 0.9390625 0.6765625000000002 0.9390625 0.6765625000000002 0.9984375 0.6968750000000001 0.9984375
4 0.7109375 0.503125 0.6765625 0.503125 0.6765625 0.525 0.7109375 0.525
4 0.6203125 0.4671875 0.5890625 0.4671875 0.5890625 0.490625 0.6203125 0.490625
4 0.715625 0.018750000000000086 0.6890625 0.018750000000000083 0.6890625 0.03750000000000009 0.715625 0.03750000000000009
3 0.809375 0.3046875000000001 0.5828125 0.3046875000000001 0.5828125 0.3859375000000001 0.809375 0.3859375000000001
3 0.8049466010401192 0.5505971396731055 0.5797980126300148 0.5467152674591382 0.577846396731055 0.6599089895988114 0.8029949851411592 0.6637908618127788
3 0.8025629683597003 0.7228520503746878 0.5763497866361367 0.718235454829309 0.5746916631973357 0.7994835033305578 0.8009048449208993 0.8041000988759368
3 0.529158173076923 0.4254841346153846 0.3033504807692309 0.4215225961538461 0.30198173076923085 0.49954134615384616 0.527789423076923 0.5035028846153847
3 0.5337276296394285 0.18019254573285967 0.3056172754932346 0.1762254091390128 0.3042039506009525 0.257491590445234 0.5323143047471464 0.26145872703908085
3 0.7984375000000001 0.859375 0.5718750000000001 0.859375 0.5718750000000001 0.940625 0.7984375000000001 0.940625
3 0.815625 0.05937500000000008 0.584375 0.05937500000000007 0.584375 0.1468750000000001 0.815625 0.1468750000000001
2 0.21031250000000004 0.22000000000000003 0.19006250000000005 0.19300000000000003 0.16656250000000003 0.21062500000000006 0.18681250000000005 0.23762500000000006
2 0.7156250000000002 0.4671875000000002 0.69453125 0.44609375000000007 0.67265625 0.46796875000000016 0.6937500000000001 0.4890625000000002
2 0.71953125 0.22421875000000008 0.6984375 0.203125 0.67578125 0.22578125 0.696875 0.2468750000000001