0 0.5486767375518673 0.755467453319502 0.06410918049792538 0.72580005186722 0.06335256742738596 0.7381580653526971 0.5479201244813278 0.7678254668049792
0 0.7193792808219178 0.46074058219178077 0.7171875 0.40156249999999993 0.7047046232876713 0.4020248287671232 0.7068964041095891 0.4612029109589041
0 0.7380094178082193 0.19344178082191782 0.7359375000000001 0.1375 0.7250727739726027 0.13790239726027398 0.7271446917808219 0.1938441780821918
0 0.6911922089041096 0.866877140410959 0.6890625 0.809375 0.6766374143835617 0.8098351883561643 0.6787671232876713 0.8673373287671232
0 0.7005094178082192 0.7325042808219179 0.6984353595890411 0.6765047089041096 0.6859524828767124 0.6769670376712329 0.6880265410958905 0.7329666095890411
0 0.728125 0.2687500000000001 0.715625 0.2687500000000001 0.715625 0.3265625000000001 0.728125 0.3265625000000001
0 0.5484375000000001 0.753125 0.5312500000000002 0.753125 0.5312500000000002 0.7671875 0.5484375000000001 0.7671875
0 0.709375 0.5421875 0.696875 0.5421875 0.696875 0.6015625 0.709375 0.6015625
0 0.6812500000000001 0.9421875 0.6687500000000002 0.9421875 0.6687500000000002 0.9984375 0.6812500000000001 0.9984375
3 0.860715418781726 0.3374841370558377 0.5817814086294417 0.3175602791878174 0.5764355964467006 0.39240164974619296 0.8553696065989849 0.41232550761421327
3 0.8322917933962725 0.7440086044333059 0.5533455855516084 0.7245018766120006 0.548133957248528 0.7990281613460509 0.827080165093192 0.8185348891673561
3 0.8411810872894334 0.6116070061255743 0.561009284073507 0.5919458269525267 0.5557642611026035 0.666687404287902 0.8359360643185297 0.6863485834609495
3 0.8695441969353009 0.2057917139614076 0.5898918132803632 0.18500673950056762 0.5843613791146425 0.2594162173666289 0.8640137627695802 0.28020119182746894
3 0.8512925295857989 0.47110207100591717 0.572339127218935 0.45186390532544385 0.5669175295857989 0.5304770710059172 0.8458709319526628 0.5497152366863906
3 0.8222467034445643 0.8780055839612485 0.5438778256189452 0.8585844994617868 0.5387715285252961 0.9317747578040905 0.8171404063509151 0.9511958423035521
1 0.75 0.1062500000000001 0.7234375 0.1062500000000001 0.7234375 0.13437500000000008 0.75 0.13437500000000008
4 0.7734375 0.13281250000000008 0.6953125 0.13281250000000008 0.6953125 0.1515625000000001 0.7734375 0.1515625000000001
4 0.84375 0.99375 0.6921875000000002 0.99375 0.6921875000000002 1 0.84375 1