0 0.9187699987200819 0.7587498400102395 0.9186825043197236 0.7478130399654423 0.4327761023294509 0.7517002911813644 0.43286359672980934 0.7626370912261615
0 0.2968750000000001 0.3859375 0.2843750000000001 0.3859375 0.2843750000000001 0.4453125 0.2968750000000001 0.4453125
0 0.2998666158536586 0.1215129573170732 0.2890625 0.12031250000000004 0.28273628048780486 0.17724847560975615 0.29354039634146345 0.17844893292682934
0 0.2968750000000001 0.7953125 0.2843750000000001 0.7953125 0.2843750000000001 0.853125 0.2968750000000001 0.853125
0 0.2968750000000001 0.6609375 0.2843750000000001 0.6609375 0.2843750000000001 0.71875 0.2968750000000001 0.71875
0 0.296875 0.253125 0.284375 0.253125 0.284375 0.3109375 0.296875 0.3109375
0 0.4500000000000002 0.75 0.43281250000000016 0.75 0.43281250000000016 0.7625 0.4500000000000002 0.7625
0 0.2968750000000001 0.5265625 0.2843750000000001 0.5265625 0.2843750000000001 0.5859375 0.2968750000000001 0.5859375
0 0.2968750000000001 0.928125 0.2843750000000001 0.928125 0.2843750000000001 0.9890625 0.2968750000000001 0.9890625
3 0.4296875 0.31250000000000006 0.15156250000000004 0.3125 0.15156250000000004 0.38593750000000004 0.4296875 0.3859375000000001
3 0.4296875000000001 0.7203125 0.1515625000000001 0.7203125 0.1515625000000001 0.79375 0.42968750000000017 0.79375
3 0.43125 0.5875 0.1515625000000001 0.5875 0.1515625000000001 0.6609375 0.43125 0.6609375
3 0.43125 0.17968750000000003 0.15156250000000002 0.1796875 0.15156250000000004 0.25312500000000004 0.43125 0.2531250000000001
3 0.43125 0.446875 0.15156250000000004 0.446875 0.15156250000000004 0.525 0.43125 0.525
3 0.42968750000000017 0.8546875 0.1515625000000001 0.8546875 0.1515625000000001 0.9265625 0.42968750000000017 0.9265625
1 0.303125 0.09062500000000004 0.2765625 0.09062500000000004 0.2765625 0.11875000000000005 0.303125 0.11875000000000005
4 0.3296875 0.11875000000000005 0.253125 0.11875000000000005 0.253125 0.13281250000000006 0.3296875 0.13281250000000006
4 0.2734375000000001 0.9796875 0.12187500000000014 0.9796875 0.12187500000000014 0.9953125 0.2734375000000001 0.9953125