0 0.9282485108829306 0.7449945655211511 0.9277530950080644 0.7337351138196451 0.4419311463007617 0.7551112795627664 0.4424265621756279 0.7663707312642724
0 0.2953125000000001 0.39375 0.2828125000000001 0.39375 0.2828125000000001 0.453125 0.2953125000000001 0.453125
0 0.284375 0.12812500000000004 0.2734375 0.12812500000000004 0.2734375 0.18593750000000003 0.284375 0.18593750000000003
0 0.30937500000000007 0.803125 0.2968750000000001 0.803125 0.2968750000000001 0.8609375 0.30937500000000007 0.8609375
0 0.3046875000000001 0.66875 0.2921875000000001 0.66875 0.2921875000000001 0.7265625 0.3046875000000001 0.7265625
0 0.290625 0.2609375 0.278125 0.2609375 0.278125 0.31875 0.290625 0.31875
0 0.4593750000000002 0.753125 0.4421875000000002 0.753125 0.4421875000000002 0.765625 0.4593750000000002 0.765625
0 0.3000000000000001 0.534375 0.2875000000000001 0.534375 0.2875000000000001 0.59375 0.3000000000000001 0.59375
0 0.3140625000000001 0.9359375 0.30156250000000007 0.9359375 0.30156250000000007 0.996875 0.3140625000000001 0.996875
3 0.4272663738019169 0.3894718450479233 0.42425619009584664 0.3142172523961661 0.1450154752396166 0.3253868809904153 0.1480256589456869 0.4006414736421725
3 0.44129861935866976 0.7976599614014253 0.43871177256532057 0.7226414043942994 0.15946407363420428 0.7322706353919239 0.16205092042755345 0.8072891923990501
3 0.4371028987408184 0.6652062565582372 0.4349308105981112 0.5902692156348375 0.1550255771248688 0.5983824108079749 0.15719766526757603 0.6733194517313746
3 0.42338158338960163 0.25725122383524646 0.4207665850776502 0.1822879388926401 0.14147345543551654 0.19203072248480754 0.1440884537474679 0.2669940074274139
3 0.43182155581947745 0.5290751187648456 0.42907326306413307 0.4493746288598574 0.1499331947743468 0.45900014845605697 0.1526814875296912 0.5387006383610451
3 0.44628214356088797 0.9290901962823492 0.4434060543197442 0.8567086170468979 0.1639734860095459 0.8678118979069056 0.16684957525068964 0.9401934771423569
1 0.2912592821782179 0.09990717821782183 0.2649597772277228 0.09727722772277232 0.2621751237623763 0.12512376237623765 0.28847462871287133 0.12775371287128717
4 0.3171875 0.12500000000000006 0.240625 0.12500000000000006 0.240625 0.14218750000000005 0.3171875 0.14218750000000005
4 0.2906250000000001 0.9875 0.13906250000000014 0.9875 0.13906250000000014 1 0.2906250000000001 1