3 0.743146404109589 0.370984589041096 0.5299550513698631 0.36308861301369866 0.5276027397260274 0.42660102739726025 0.7407940924657533 0.4344970034246575
3 0.7375389697149645 0.5410573782660333 0.5238383313539193 0.533688390736342 0.5216374703087887 0.5975133610451306 0.7353381086698338 0.6048823485748218
3 0.19870624459809863 0.80961268366465 0.00002700950734668417 0.8037691767502162 -0.0018569036300776914 0.8678222234226449 0.19682233146067424 0.8736657303370787
3 0.9785794094428033 0.05633149129061843 0.8065906081287559 0.04938244881328318 0.8031953499032289 0.13341508989508008 0.9751841512172762 0.14036413237241535
3 0.7321088925901853 0.6894991062723432 0.5185871993825154 0.6843332588560286 0.5170455191745206 0.7480560407864802 0.7305672123821905 0.753221888202795
3 0.2094936131386862 0.5206113138686133 0.000060447080292033716 0.5149509580291971 -0.0016788321167882647 0.5793042883211679 0.20775433394160592 0.584964644160584
3 0.7491712707182322 0.21887085635359127 0.53619216160221 0.20766142955801117 0.532803867403315 0.27203901933701663 0.7457829765193372 0.28324844613259675
3 0.2734952367205543 0.2009598729792148 0.12031250000000002 0.19687500000000002 0.11861481835139458 0.26053806182270384 0.27179755507194886 0.2646229348019186
3 0.20468750000000005 0.6734375 8.326672684688674e-17 0.665625 -0.002371116024671149 0.7277482398463866 0.2023163839753288 0.7355607398463866
3 0.5037380573248408 0.20939689490445867 0.3040485668789809 0.2022651273885351 0.30176154458598725 0.26630175159235675 0.5014510350318472 0.2734335191082803
3 0.48915091192170823 0.36093916814946625 0.27766959519572965 0.3569489546263346 0.27645184608540935 0.4214896574733097 0.487933162811388 0.42547987099644136
3 0.7109444239290991 0.049819977843426996 0.5394433161004432 0.04322378138847864 0.5363021602658788 0.12489383308714926 0.7078032680945348 0.1314900295420976
3 0.22500000000000003 0.3484375 0.009375000000000041 0.3484375 0.009375000000000046 0.428125 0.2250000000000001 0.428125
3 0.4859375 0.525 0.27031250000000007 0.525 0.27031250000000007 0.60625 0.4859375 0.60625
3 0.4796875000000001 0.675 0.2640625000000001 0.675 0.2640625000000001 0.7546875 0.47968750000000016 0.7546875
3 0.47656250000000017 0.8125 0.2593750000000001 0.8125 0.2593750000000001 0.89375 0.47656250000000017 0.89375
4 0.9828125 0.20312500000000008 0.921875 0.20312500000000008 0.921875 0.2234375000000001 0.9828125 0.2234375000000001
4 0.909375 0.2515625000000001 0.875 0.2515625000000001 0.875 0.2687500000000001 0.909375 0.2687500000000001
4 0.8875 0.1859375000000001 0.828125 0.1859375000000001 0.828125 0.20468750000000008 0.8875 0.20468750000000008
4 0.29375 0.13750000000000004 0.184375 0.13750000000000004 0.184375 0.16093750000000004 0.29375 0.16093750000000004
4 0.7578125 0.30156250000000007 0.007812500000000036 0.3015625 0.00781250000000004 0.35625000000000007 0.7578125 0.35625000000000007
4 0.75 0.48906250000000007 0.4140625 0.4890625 0.4140625 0.5203125000000001 0.75 0.5203125000000002
4 0.74375 0.6218750000000001 7.615772282197602e-17 0.621875 7.912366428866103e-17 0.6703125000000001 0.74375 0.6703125000000002
4 0.7406250000000002 0.7906250000000001 0.5140625000000002 0.790625 0.5140625000000002 0.8203125 0.7406250000000002 0.8203125
4 0.7359375000000001 0.93125 0.4906250000000002 0.93125 0.4906250000000002 0.9609375 0.7359375000000001 0.9609375
4 0.95 0.6781250000000002 0.925 0.6781250000000002 0.925 0.6953125000000002 0.95 0.6953125000000002
0 0.26250000000000007 0.8359375 0.2000000000000001 0.8359375 0.2000000000000001 0.8484375 0.26250000000000007 0.8484375
0 0.2671875000000001 0.696875 0.20468750000000008 0.696875 0.20468750000000008 0.709375 0.2671875000000001 0.709375
0 0.2718750000000001 0.546875 0.2093750000000001 0.546875 0.2093750000000001 0.5609375 0.2718750000000001 0.5609375
0 0.5203125 0.70625 0.4796875 0.70625 0.4796875 0.7203125 0.5203125 0.7203125
0 0.525 0.5578125 0.4828125 0.5578125 0.4828125 0.56875 0.525 0.56875
0 0.5328125 0.38750000000000007 0.490625 0.38750000000000007 0.490625 0.4 0.5328125 0.4
0 0.2796875000000001 0.378125 0.2234375000000001 0.378125 0.2234375000000001 0.3921875 0.2796875000000001 0.3921875
0 0.11875000000000005 0.2203125 0.09218750000000002 0.2203125 0.09218750000000002 0.2328125 0.11875000000000005 0.2328125
0 0.3046875 0.2265625 0.2734375 0.2265625 0.2734375 0.2390625 0.3046875 0.2390625
0 0.5359375 0.23437500000000008 0.5046875 0.23437500000000008 0.5046875 0.2468750000000001 0.5359375 0.2468750000000001