3 0.6988892572944297 0.5472480106100795 0.48707664812059254 0.5318745147829462 0.48245495568350905 0.5955511661383193 0.6942675648573462 0.6109246619654526
3 0.6809052072120562 0.7992128632938644 0.46918141146393977 0.7844414356835308 0.465591361679225 0.8358988159311089 0.6773151574273413 0.8506702435414427
3 0.6772325033352058 0.8579813447900575 0.46587579869400375 0.8419963839348406 0.46199631810841185 0.8932917383443337 0.673353022749614 0.9092766991995507
3 0.9368915929203542 0.8513136061946904 0.7268874446902656 0.8373133296460178 0.7226147676991151 0.9014034845132745 0.9326189159292037 0.915403761061947
3 0.9469852941176473 0.7157536764705883 0.7375275735294118 0.6996415441176471 0.7328125000000001 0.7609375000000002 0.9422702205882356 0.7770496323529414
3 0.8517506415317806 0.23326589024871708 0.6408686587050929 0.2184150463876827 0.6363702255230953 0.28229279757204906 0.8472522083497829 0.2971436414330834
3 0.6884393491124261 0.6970580621301776 0.47676775147928996 0.6815698964497042 0.4722411242603551 0.743433801775148 0.6839127218934913 0.7589219674556213
3 0.7106709418070444 0.37684532924961717 0.49880312021439516 0.3619774119448699 0.4943180513016846 0.4258896439509954 0.7061858728943338 0.4407575612557427
3 0.9577223451327435 0.5640851769911507 0.7473639380530974 0.5482090707964604 0.7425188053097347 0.6124070796460178 0.9528772123893805 0.6282831858407081
3 0.9796875 0.3828125000000001 0.759375 0.3828125000000001 0.759375 0.47187500000000016 0.9796875 0.47187500000000016
3 0.6171875 0.15625000000000006 0.475 0.15625000000000006 0.475 0.2375000000000001 0.6171875 0.2375000000000001
4 0.4140625 0.5515625 0.2968750000000001 0.5515625 0.2968750000000001 0.63125 0.4140625 0.63125
0 0.7250000000000002 0.8578125 0.6750000000000002 0.8578125 0.6750000000000002 0.8875 0.7250000000000002 0.8875
0 0.4656250000000002 0.8421875 0.4000000000000002 0.8421875 0.4000000000000002 0.8734375 0.4656250000000002 0.8734375
0 0.46875000000000017 0.8015625 0.4031250000000002 0.8015625 0.4031250000000002 0.8421875 0.46875000000000017 0.8421875
0 0.7343750000000001 0.7203125000000001 0.6875 0.7203125 0.6875000000000001 0.7359375000000001 0.7343750000000002 0.7359375000000001
0 0.475 0.696875 0.4109375 0.696875 0.4109375 0.71875 0.475 0.71875
0 0.4859375 0.55 0.4203125 0.55 0.4203125 0.6015625 0.4859375 0.6015625
0 0.7453125 0.5703125000000001 0.696875 0.5703125 0.696875 0.5875000000000001 0.7453125 0.5875000000000001
0 0.7640625 0.4015625000000001 0.709375 0.4015625 0.709375 0.41875000000000007 0.7640625 0.4187500000000002
0 0.496875 0.3859375000000001 0.43125 0.3859375000000001 0.43125 0.4328125 0.496875 0.4328125
0 0.878125 0.2593750000000001 0.8515625 0.2593750000000001 0.8515625 0.2734375000000001 0.878125 0.2734375000000001
0 0.64375 0.1906250000000001 0.6125 0.1906250000000001 0.6125 0.24375000000000008 0.64375 0.24375000000000008
0 0.6390625 0.2328125000000001 0.4453125 0.2328125000000001 0.4453125 0.26250000000000007 0.6390625 0.26250000000000007