3 0.4734375 0.36250000000000004 0.26093750000000004 0.3625 0.2609375000000001 0.425 0.4734375 0.425
3 0.4734375 0.5328125 0.2609375000000001 0.5328125 0.2609375000000001 0.5953125 0.4734375 0.5953125
3 0.9984375 0.8203125 0.7890625000000002 0.8203125 0.7890625000000002 0.8828125 0.9984375 0.8828125
3 0.209375 0.039062500000000014 0.0375 0.0390625 0.037500000000000006 0.12187500000000002 0.209375 0.12187500000000004
3 0.47343750000000007 0.68125 0.2609375000000001 0.68125 0.2609375000000001 0.74375 0.4734375000000002 0.74375
3 0.9984375 0.5312500000000002 0.7890625 0.5312500000000002 0.7890625 0.5937500000000002 0.9984375 0.5937500000000002
3 0.4734375 0.20781250000000004 0.2609375 0.2078125 0.2609375 0.27187500000000003 0.4734375 0.2718750000000001
3 0.8890625 0.2093750000000001 0.7359375 0.2093750000000001 0.7359375 0.2718750000000001 0.8890625 0.2718750000000001
3 0.9984375 0.6828125000000002 0.7890625 0.6828125000000002 0.7890625000000001 0.7437500000000001 0.9984375 0.7437500000000001
3 0.7046875 0.2093750000000001 0.5046875 0.2093750000000001 0.5046875 0.2718750000000001 0.7046875 0.2718750000000001
3 0.725 0.3625000000000001 0.515625 0.3625000000000001 0.515625 0.425 0.725 0.425
3 0.475 0.042187500000000044 0.3046875 0.04218750000000003 0.3046875 0.12343750000000005 0.475 0.12343750000000005
3 0.99375 0.36406250000000007 0.7796875 0.36406250000000007 0.7796875 0.43750000000000017 0.99375 0.43750000000000017
3 0.7265625 0.5328125000000001 0.5125 0.5328125 0.5125 0.6062500000000001 0.7265625 0.6062500000000002
3 0.7265625000000001 0.6828125 0.5140625 0.6828125 0.5140625000000001 0.7546875000000001 0.7265625000000002 0.7546875000000002
3 0.7281250000000001 0.821875 0.5140625000000002 0.821875 0.5140625000000002 0.8953125 0.7281250000000001 0.8953125
4 0.08750000000000002 0.1875 0.02812500000000002 0.1875 0.02812500000000002 0.20625 0.08750000000000002 0.20625
4 0.13437500000000005 0.2390625 0.10000000000000005 0.2390625 0.10000000000000005 0.2546875 0.13437500000000005 0.2546875
4 0.18281250000000002 0.17500000000000002 0.1234375 0.175 0.12343750000000002 0.19062500000000002 0.18281250000000004 0.19062500000000004
4 0.828125 0.14843750000000008 0.71875 0.14843750000000008 0.71875 0.1687500000000001 0.828125 0.1687500000000001
4 1 0.31875000000000003 0.25 0.31875 0.25 0.34687500000000004 1 0.3468750000000001
4 0.5859375 0.490625 0.2500000000000001 0.490625 0.2500000000000001 0.5109375 0.5859375 0.5109375
4 1 0.6406250000000001 0.2500000000000001 0.640625 0.2500000000000001 0.6625000000000001 1 0.6625000000000002
4 0.47656250000000017 0.790625 0.2500000000000001 0.790625 0.2500000000000001 0.8125 0.47656250000000017 0.8125
4 0.49531250000000016 0.93125 0.2500000000000001 0.93125 0.2500000000000001 0.953125 0.49531250000000016 0.953125
4 0.06875000000000009 0.6625 0.04375000000000008 0.6625 0.04375000000000008 0.678125 0.06875000000000009 0.678125
0 0.7890625000000002 0.846875 0.7265625000000002 0.846875 0.7265625000000002 0.8578125 0.7890625000000002 0.8578125
0 0.7875 0.7078125000000002 0.7265625 0.7078125000000002 0.7265625 0.7171875000000002 0.7875 0.7171875000000002
0 0.7890625 0.5578125000000002 0.7265625 0.5578125000000002 0.7265625 0.5687500000000002 0.7890625 0.5687500000000002
0 0.5140625 0.70625 0.4734375 0.70625 0.4734375 0.71875 0.5140625 0.71875
0 0.515625 0.559375 0.4734375 0.559375 0.4734375 0.56875 0.515625 0.56875
0 0.5140625 0.3890625000000001 0.471875 0.3890625000000001 0.471875 0.4 0.5140625 0.4
0 0.78125 0.38750000000000007 0.725 0.38750000000000007 0.725 0.4000000000000001 0.78125 0.4000000000000002
0 0.9171875 0.23437500000000008 0.890625 0.23437500000000008 0.890625 0.2453125000000001 0.9171875 0.2453125000000001
0 0.7359375 0.23593750000000008 0.7046875 0.23593750000000008 0.7046875 0.2468750000000001 0.7359375 0.2468750000000001
0 0.5046875 0.23437500000000008 0.4734375 0.23437500000000008 0.4734375 0.2453125000000001 0.5046875 0.2453125000000001