3 0.509375 0.5328125 0.2984375000000001 0.5328125 0.2984375000000001 0.5953125 0.509375 0.5953125
3 0.5093750000000001 0.7859375 0.2984375000000001 0.7859375 0.2984375000000001 0.8359375 0.5093750000000001 0.8359375
3 0.5093750000000001 0.84375 0.2984375000000001 0.84375 0.2984375000000001 0.89375 0.5093750000000001 0.89375
3 0.2484375000000001 0.8203125 0.0390625000000001 0.8203125 0.039062500000000104 0.8828125 0.2484375000000001 0.8828125
3 0.2484375000000001 0.6828125 0.03906250000000009 0.6828125 0.03906250000000009 0.74375 0.2484375000000001 0.74375
3 0.378125 0.20937500000000003 0.16718750000000004 0.209375 0.16718750000000004 0.271875 0.378125 0.27187500000000003
3 0.5093750000000001 0.6828125 0.2984375000000001 0.6828125 0.2984375000000001 0.74375 0.5093750000000001 0.74375
3 0.509375 0.36250000000000004 0.2984375 0.3625 0.2984375000000001 0.425 0.509375 0.425
3 0.248972366498945 0.5937451813828923 0.24839692217172535 0.5298708610615159 0.038518123072553145 0.5317616610534004 0.03909356739977276 0.5956359813747768
3 0.2453125000000001 0.3640625 0.029687500000000044 0.3640625 0.02968750000000005 0.4375 0.2453125000000001 0.4375
3 0.54375 0.15781250000000005 0.40625 0.15781250000000005 0.40625 0.2296875000000001 0.54375 0.2296875000000001
4 0.69375 0.5640625 0.5828125 0.5640625 0.5828125 0.6375 0.69375 0.6375
0 0.2984375000000001 0.8453125 0.2500000000000001 0.8453125 0.2500000000000001 0.871875 0.2984375000000001 0.871875
0 0.5750000000000002 0.8484375 0.5109375000000002 0.8484375 0.5109375000000002 0.875 0.5750000000000002 0.875
0 0.5734375000000002 0.8078125 0.5109375000000002 0.8078125 0.5109375000000002 0.84375 0.5734375000000002 0.84375
0 0.2984375000000001 0.7078125 0.2515625000000001 0.7078125 0.2515625000000001 0.71875 0.2984375000000001 0.71875
0 0.5734375 0.7015625 0.5109375 0.7015625 0.5109375 0.71875 0.5734375 0.71875
0 0.5734375 0.55625 0.509375 0.55625 0.509375 0.603125 0.5734375 0.603125
0 0.2984375000000001 0.55625 0.2500000000000001 0.55625 0.2500000000000001 0.56875 0.2984375000000001 0.56875
0 0.2968750000000001 0.3875 0.24375000000000008 0.3875 0.24375000000000008 0.4 0.2968750000000001 0.4
0 0.5734375 0.3906250000000001 0.5109375 0.3906250000000001 0.5109375 0.4328125 0.5734375 0.4328125
0 0.16562500000000005 0.234375 0.14062500000000006 0.234375 0.14062500000000006 0.246875 0.16562500000000005 0.246875
0 0.40625 0.18281250000000004 0.378125 0.18281250000000004 0.378125 0.23437500000000008 0.40625 0.23437500000000008
0 0.5734375 0.23593750000000008 0.3796875 0.23593750000000008 0.3796875 0.2531250000000001 0.5734375 0.2531250000000001