3 0.5191602512155591 0.5954112641815235 0.5137510129659644 0.5323034846029173 0.30204745745542955 0.5504495036466774 0.3074566957050243 0.6135572832252836
3 0.5392868051313379 0.835369578497251 0.5347816127061698 0.7840103848503361 0.3241218692730605 0.8024893097128896 0.3286270616982285 0.8538485033598044
3 0.545181423476508 0.8929216254458054 0.5407294251046674 0.8420416440533416 0.32943697666304855 0.8605297332919832 0.3338889750348891 0.9114097146844472
3 0.28334605986560785 0.9048325824679294 0.27776229383017714 0.8411776496640198 0.06965962889431887 0.8594322693952353 0.07524339492974955 0.923087202199145
3 0.2722976434426229 0.7655865778688524 0.26663678278688524 0.7033171106557377 0.05672387295081967 0.7224001024590163 0.06238473360655737 0.7846695696721311
3 0.35969746716697937 0.2849583724202627 0.35415103189493435 0.22117436679174488 0.143515478424015 0.2394905018761726 0.14906191369606003 0.3032745075046904
3 0.5321810896418139 0.7433930641115205 0.526739727549854 0.6815594039756129 0.31509123348787 0.7001844714530676 0.3205325955798298 0.7620181315889751
3 0.5043084250171906 0.4259135501969119 0.49874507720197536 0.3621879297680816 0.2872247530787023 0.38065398981058957 0.29278810089391766 0.44437961023941985
3 0.25922039697381843 0.616767787317239 0.2532514450867052 0.5523031069364162 0.04321765555933356 0.5717506800408024 0.049186607446446776 0.6362153604216253
3 0.24218750000000008 0.3875 0.02031250000000005 0.3875 0.020312500000000056 0.4796875 0.24218750000000008 0.4796875
3 0.5203125 0.15468750000000003 0.3765625 0.15468750000000003 0.3765625 0.2390625000000001 0.5203125 0.2390625000000001
4 0.70625 0.546875 0.5890625 0.546875 0.5890625 0.6296875 0.70625 0.6296875
0 0.3312500000000001 0.8609375 0.2812500000000001 0.8609375 0.2812500000000001 0.8921875 0.3312500000000001 0.8921875
0 0.6062500000000002 0.840625 0.5406250000000001 0.840625 0.5406250000000001 0.8734375 0.6062500000000002 0.8734375
0 0.6031250000000001 0.8015625 0.5375000000000002 0.8015625 0.5375000000000002 0.8421875 0.6031250000000001 0.8421875
0 0.3187500000000001 0.725 0.27031250000000007 0.725 0.27031250000000007 0.740625 0.3187500000000001 0.740625
0 0.5921875 0.6953125 0.528125 0.6953125 0.528125 0.7171875 0.5921875 0.7171875
0 0.5828125 0.55 0.515625 0.55 0.515625 0.6015625 0.5828125 0.6015625
0 0.3046875000000001 0.5734375 0.2562500000000001 0.5734375 0.2562500000000001 0.590625 0.3046875000000001 0.590625
0 0.2890625000000001 0.40625 0.23437500000000008 0.40625 0.23437500000000008 0.4234375 0.2890625000000001 0.4234375
0 0.56875 0.3843750000000001 0.5015625 0.3843750000000001 0.5015625 0.43125 0.56875 0.43125
0 0.14531250000000004 0.265625 0.11875000000000005 0.265625 0.11875000000000005 0.2796875 0.14531250000000004 0.2796875
0 0.3828125 0.19218750000000004 0.3515625 0.19218750000000004 0.3515625 0.24531250000000004 0.3828125 0.2453125000000001
0 0.5515625 0.23125000000000004 0.3578125 0.23125 0.3578125 0.26406250000000003 0.5515625 0.2640625000000001