3 0.4870456144465292 0.3606941838649157 0.27398276266416516 0.34216697936210133 0.2684480534709194 0.4058161350844278 0.4815109052532834 0.42434333958724213
3 0.47202525724976613 0.5303984448082321 0.2590427677736203 0.5117883243685688 0.2534743334892423 0.5755159611786718 0.46645682296538826 0.594126081618335
3 0.9702392120075048 0.8625615619136962 0.760143058161351 0.8442923311444653 0.7545907598499064 0.9081437617260791 0.9646869136960602 0.9264129924953097
3 0.250703564727955 0.015346505628517864 0.07951160881801128 0.00046024859287055047 0.07220039868667918 0.08453916510318951 0.24339235459662292 0.09942542213883683
3 0.4591379310344828 0.677844827586207 0.2460344827586208 0.6600862068965517 0.24074353448275873 0.7235775862068964 0.4538469827586208 0.7413362068965517
3 0.9954151031894934 0.5746013133208256 0.7853189493433397 0.5563320825515949 0.7797783771106943 0.6200486632270171 0.9898745309568481 0.6383178939962478
3 0.500252808988764 0.20828300561797758 0.28752457865168546 0.18802317415730344 0.28131671348314613 0.25320575842696635 0.4940449438202247 0.2734655898876405
3 0.9140625 0.2453125000000001 0.7608425366991356 0.23089179757168346 0.7548626354781176 0.2944282480449994 0.908082598778982 0.308848950473316
3 0.9817099316907292 0.7255721647178143 0.7722590532156068 0.707712012289703 0.7669567884202364 0.7698931176172297 0.9764076668953587 0.7877532700453409
3 0.7306700027482594 0.22978197141810192 0.5324426300842799 0.2107216471234885 0.5263019879076585 0.27458432576035186 0.724529360571638 0.29364465005496526
3 0.738505993150685 0.3849743150684932 0.5285787671232877 0.36287671232876717 0.5217551369863014 0.427701198630137 0.7316823630136986 0.4497988013698631
3 0.5160390282513394 0.04164789332683881 0.34531249999999997 0.028125000000000032 0.3388232160253287 0.11005221018022411 0.5095497442766682 0.12357510350706288
3 1 0.3890625000000001 0.784375 0.3890625000000001 0.784375 0.47968750000000016 1 0.47968750000000016
3 0.7234375 0.534375 0.5046875 0.534375 0.5046875 0.6265625 0.7234375 0.6265625
3 0.7109375000000001 0.6828125 0.4921875 0.6828125 0.4921875000000001 0.7734375 0.7109375000000002 0.7734375
3 0.6984375000000002 0.821875 0.4781250000000002 0.821875 0.4781250000000002 0.9140625 0.6984375000000002 0.9140625
4 0.1171875 0.1484375 0.05625000000000002 0.1484375 0.05625000000000002 0.171875 0.1171875 0.171875
4 0.15781250000000005 0.2046875 0.12187500000000004 0.2046875 0.12187500000000004 0.2234375 0.15781250000000005 0.2234375
4 0.2125 0.14375000000000002 0.1515625 0.14375 0.1515625 0.16562500000000002 0.2125 0.16562500000000005
4 0.8578125 0.1687500000000001 0.746875 0.1687500000000001 0.746875 0.1984375000000001 0.8578125 0.1984375000000001
4 1 0.29687500000000006 0.2625 0.296875 0.26250000000000007 0.39062500000000006 1 0.3906250000000001
4 0.5859375 0.4703125 0.2500000000000001 0.4703125 0.2500000000000001 0.51875 0.5859375 0.51875
4 0.9859375 0.6171875000000001 0.2375000000000001 0.6171875 0.2375000000000001 0.7046875000000001 0.9859375 0.7046875000000001
4 0.4515625000000002 0.7671875 0.2234375000000001 0.7671875 0.2234375000000001 0.809375 0.4515625000000002 0.809375
4 0.4578125000000002 0.9078125 0.21093750000000008 0.9078125 0.21093750000000008 0.9515625 0.4578125000000002 0.9515625
4 0.05625000000000008 0.6234375 0.02968750000000008 0.6234375 0.02968750000000008 0.640625 0.05625000000000009 0.640625
0 0.7578125000000002 0.865625 0.6953125000000002 0.865625 0.6953125000000002 0.88125 0.7578125000000002 0.88125
0 0.7687500000000002 0.7265625000000001 0.7062500000000002 0.7265625 0.7062500000000002 0.7421875000000001 0.7687500000000002 0.7421875000000002
0 0.7828125 0.5765625000000001 0.71875 0.5765625 0.71875 0.5937500000000001 0.7828125 0.5937500000000002
0 0.4953125 0.703125 0.4546875 0.703125 0.4546875 0.71875 0.4953125 0.71875
0 0.509375 0.55625 0.4671875 0.55625 0.4671875 0.56875 0.509375 0.56875
0 0.5234375 0.38750000000000007 0.48125 0.38750000000000007 0.48125 0.4015625 0.5234375 0.4015625
0 0.790625 0.4078125000000002 0.734375 0.4078125000000002 0.734375 0.42500000000000016 0.790625 0.42500000000000016
0 0.9390625 0.2687500000000001 0.9125 0.2687500000000001 0.9125 0.2828125000000001 0.9390625 0.2828125000000001
0 0.7578125 0.25468750000000007 0.7265625 0.25468750000000007 0.7265625 0.2687500000000001 0.7578125 0.2687500000000001
0 0.528125 0.2328125000000001 0.496875 0.2328125000000001 0.496875 0.2468750000000001 0.528125 0.2468750000000001