0 0.3921875 0.76875 0.4125 0.775 0.425 0.7828125 0.4390625 0.796875 0.446875 0.8125 0.45 0.8328125 0.4546875 0.84375 0.4546875 0.8609375 0.45625 0.8625 0.4578125 0.8953125 0.4609375 0.9 0.459375 0.9140625 0.4671875 0.9875 0.4671875 0.9984375 0.4640625 0.9984375 0.465625 0.9875 0.4625 0.96875 0.4546875 0.8625 0.4484375 0.8265625 0.4453125 0.8234375 0.4453125 0.815625 0.4390625 0.803125 0.4265625 0.7875 0.409375 0.7765625 0.4015625 0.7734375 0.39375 0.7734375 0.3921875 0.7703125
0 0.2375 0.784375 0.225 0.796875 0.2203125 0.7984375 0.2046875 0.815625 0.20625 0.81875 0.2046875 0.8390625 0.2 0.8359375 0.1984375 0.83125 0.203125 0.8265625 0.2015625 0.8171875 0.2203125 0.7953125 0.2359375 0.784375
0 0.4671875 0.20625 0.471875 0.2046875 0.475 0.2078125 0.48125 0.2078125 0.4828125 0.2109375 0.4921875 0.2109375 0.5125 0.221875 0.5265625 0.2359375 0.5359375 0.253125 0.5359375 0.2578125 0.540625 0.2671875 0.5453125 0.2984375 0.5484375 0.3015625 0.5484375 0.31875 0.5640625 0.48125 0.5640625 0.5140625 0.5625 0.515625 0.5640625 0.5171875 0.5625 0.5328125 0.5640625 0.54375 0.5609375 0.5515625 0.5625 0.55625 0.559375 0.559375 0.5609375 0.553125 0.559375 0.546875 0.5625 0.5390625 0.559375 0.4453125 0.55625 0.4265625 0.5484375 0.321875 0.5453125 0.31875 0.54375 0.2875 0.5390625 0.278125 0.5390625 0.2671875 0.5359375 0.265625 0.534375 0.2546875 0.525 0.2390625 0.5078125 0.221875 0.50625 0.2234375 0.5046875 0.2203125 0.4890625 0.2125 0.4875 0.2140625 0.4671875 0.2078125
0 0.328125 0.2171875 0.3265625 0.221875 0.3 0.2375 0.284375 0.253125 0.28125 0.2578125 0.284375 0.2671875 0.28125 0.275 0.278125 0.2703125 0.28125 0.253125 0.2890625 0.24375 0.296875 0.2359375 0.303125 0.234375 0.3109375 0.2265625 0.3265625 0.21875
0 0.428125 0.50625 0.1578125 0.14375
0 0.2828125 0.53671875 0.0234375 0.0921875
0 0.29296875 0.66796875 0.015625 0.053125
2 0.2921875 0.38984375 0.253125 0.2515625
2 0.2109375 0.915625 0.18125 0.16875
3 0.29921875 0.73515625 0.284375 0.1078125
3 0.2875 0.61171875 0.1875 0.078125
3 0.5546875 0.58828125 0.2578125 0.0828125
4 0.42109375 0.51484375 0.0296875 0.025
4 0.28046875 0.5453125 0.0234375 0.0265625
3 0.375 0.07421875 0.1796875 0.075
3 0.38515625 0.1828125 0.221875 0.0796875
0 0.37890625 0.13046875 0.0140625 0.0515625