0 0.36875 0.7578125 0.3734375 0.7578125 0.396875 0.771875 0.4125 0.7890625 0.41875 0.8046875 0.4203125 0.8265625 0.4234375 0.834375 0.4234375 0.8921875 0.425 0.89375 0.4234375 0.9015625 0.4234375 0.99375 0.4203125 0.996875 0.421875 0.9875 0.421875 0.84375 0.4171875 0.8078125 0.4125 0.7953125 0.403125 0.78125 0.3921875 0.771875 0.3765625 0.7625 0.3734375 0.7640625 0.3703125 0.7625 0.36875 0.759375
0 0.2125 0.759375 0.2 0.7703125 0.190625 0.775 0.178125 0.7875 0.1765625 0.7953125 0.178125 0.8046875 0.175 0.8109375 0.171875 0.809375 0.1703125 0.803125 0.175 0.7984375 0.175 0.7890625 0.1890625 0.7734375 0.2109375 0.759375
0 0.4921875 0.203125 0.50625 0.20625 0.5078125 0.209375 0.5171875 0.2109375 0.528125 0.2171875 0.5484375 0.2375 0.559375 0.265625 0.5609375 0.2921875 0.5640625 0.3046875 0.5640625 0.5015625 0.559375 0.5484375 0.55625 0.5546875 0.55625 0.5609375 0.553125 0.5640625 0.5609375 0.5203125 0.5609375 0.46875 0.5625 0.4671875 0.5625 0.325 0.5609375 0.3234375 0.5609375 0.290625 0.5578125 0.28125 0.5578125 0.2703125 0.553125 0.253125 0.5421875 0.234375 0.528125 0.2203125 0.5203125 0.215625 0.5015625 0.2078125 0.4953125 0.2078125 0.4921875 0.2046875
0 0.3421875 0.20625 0.346875 0.20625 0.35 0.203125 0.353125 0.203125 0.3515625 0.20625 0.3421875 0.209375 0.334375 0.215625 0.315625 0.225 0.303125 0.2390625 0.3046875 0.2484375 0.303125 0.2546875 0.3 0.25625 0.2984375 0.2515625 0.303125 0.234375 0.3203125 0.21875 0.3421875 0.2078125
0 0.428125 0.5 0.14609375 0.13203125
0 0.28046875 0.51796875 0.01484375 0.09140625
0 0.27890625 0.64921875 0.0109375 0.053125
2 0.30234375 0.371875 0.234375 0.23125
2 0.175 0.89375 0.1671875 0.1640625
3 0.2796875 0.71640625 0.27734375 0.084375
3 0.27890625 0.59296875 0.18359375 0.06171875
3 0.546875 0.59296875 0.253125 0.06171875
4 0.4203125 0.5078125 0.02734375 0.0234375
4 0.27734375 0.52578125 0.02109375 0.02421875
3 0.4125 0.06484375 0.17578125 0.059375
3 0.41328125 0.17421875 0.21796875 0.0609375
0 0.41171875 0.12109375 0.009375 0.0515625