0 0.625 0.7640625 0.6234375 0.7625 0.61875 0.7640625 0.596875 0.7796875 0.5859375 0.7953125 0.58125 0.8078125 0.5765625 0.84375 0.5765625 0.9875 0.578125 0.996875 0.575 0.99375 0.575 0.9015625 0.5734375 0.89375 0.575 0.8921875 0.575 0.834375 0.578125 0.8265625 0.5796875 0.8046875 0.5859375 0.7890625 0.6015625 0.771875 0.625 0.7578125 0.6296875 0.7578125 0.6265625 0.7625
0 0.7859375 0.759375 0.7921875 0.7609375 0.8046875 0.771875 0.809375 0.7734375 0.8234375 0.7890625 0.8234375 0.7984375 0.828125 0.803125 0.8265625 0.809375 0.8234375 0.8109375 0.8203125 0.8046875 0.821875 0.8015625 0.8203125 0.7875 0.8078125 0.775 0.7984375 0.7703125 0.7875 0.7609375
0 0.4921875 0.20625 0.50625 0.203125 0.503125 0.2078125 0.496875 0.2078125 0.478125 0.215625 0.4703125 0.2203125 0.45625 0.234375 0.4453125 0.253125 0.440625 0.2703125 0.440625 0.28125 0.4375 0.290625 0.4375 0.3234375 0.4359375 0.325 0.4359375 0.4671875 0.4375 0.46875 0.4375 0.5203125 0.4453125 0.5640625 0.4421875 0.5609375 0.4421875 0.5546875 0.4390625 0.5484375 0.434375 0.5015625 0.434375 0.3046875 0.4375 0.2921875 0.4390625 0.265625 0.446875 0.24375 0.4546875 0.23125 0.4703125 0.2171875 0.48125 0.2109375 0.4921875 0.2078125
0 0.646875 0.203125 0.678125 0.21875 0.6953125 0.234375 0.6953125 0.2390625 0.7 0.2484375 0.6984375 0.25625 0.69375 0.2515625 0.6953125 0.2390625 0.6921875 0.234375 0.6828125 0.225 0.6640625 0.215625 0.65625 0.209375 0.646875 0.20625 0.6453125 0.203125
0 0.571875 0.5 0.146875 0.13125
0 0.71953125 0.51796875 0.015625 0.090625
0 0.72109375 0.64921875 0.0109375 0.053125
2 0.69765625 0.371875 0.234375 0.23125
2 0.825 0.89375 0.1671875 0.1640625
3 0.7203125 0.71640625 0.278125 0.084375
3 0.72109375 0.59296875 0.184375 0.0625
3 0.453125 0.59296875 0.253125 0.0625
4 0.5796875 0.5078125 0.028125 0.0234375
4 0.72265625 0.52578125 0.021875 0.025
3 0.5875 0.06484375 0.175 0.059375
3 0.58671875 0.17421875 0.21875 0.0609375
0 0.58828125 0.12109375 0.009375 0.0515625