0 0.35859375 0.06484375 0.009375 0.04765625
0 0.44609375 0.278125 0.08671875 0.1140625
0 0.27109375 0.27890625 0.0875 0.11328125
0 0.2328125 0.409375 0.0109375 0.046875
0 0.48359375 0.40859375 0.01015625 0.046875
2 0.359375 0.17734375 0.18046875 0.18125
3 0.2328125 0.3609375 0.16171875 0.053125
3 0.2328125 0.45703125 0.178125 0.0515625
3 0.48359375 0.3609375 0.2125 0.05234375
3 0.48359375 0.45703125 0.23125 0.0515625
4 0.2328125 0.30078125 0.02421875 0.0140625
4 0.48359375 0.3015625 0.0171875 0.0171875