0 0.0953125 0.48671875 0.1796875 0.48671875
0 0.09765625 0.57265625 0.18515625 0.31484375
3 0.25078125 0.25078125 0.13515625 0.09140625
3 0.25625 0.42265625 0.13515625 0.0921875
3 0.25078125 0.93125 0.13515625 0.09140625
0 0.0953125 0.86796875 0.17890625 0.14375
0 0.38984375 0.865625 0.1421875 0.1359375
0 0.38984375 0.48828125 0.14375 0.484375
0 0.3921875 0.575 0.1375 0.31171875
4 0.284375 0.33125 0.08515625 0.02109375
4 0.3 0.50234375 0.084375 0.0203125
2 0.453125 0.76484375 0.06953125 0.06953125
2 0.64609375 0.91875 0.06875 0.06953125
0 0.54921875 0.84375 0.1265625 0.16640625
0 0.70078125 0.91875 0.04453125 0.015625
3 0.7890625 0.91875 0.13515625 0.09140625
0 0.8984375 0.5828125 0.08359375 0.67890625