2 0.64609375 0.16875 0.0671875 0.0703125
0 0.7015625 0.16875 0.04375 0.01875
0 0.55 0.09296875 0.1265625 0.1671875
0 0.0953125 0.11796875 0.17734375 0.14296875
0 0.0953125 0.22421875 0.1765625 0.35546875
0 0.09375 0.34453125 0.17421875 0.5953125
3 0.2515625 0.18046875 0.13359375 0.09140625
3 0.25078125 0.39375 0.13515625 0.09140625
3 0.2484375 0.63359375 0.13359375 0.09140625
0 0.38984375 0.115625 0.14296875 0.1359375
0 0.390625 0.221875 0.14453125 0.35
0 0.3890625 0.34140625 0.14765625 0.58984375