0 0.09921875 0.46484375 0.1984375 0.4953125
0 0.09765625 0.55078125 0.1953125 0.3234375
3 0.2640625 0.23828125 0.1390625 0.0984375
3 0.2609375 0.41015625 0.1390625 0.0984375
3 0.22890625 0.91796875 0.1390625 0.0984375
0 0.084375 0.8453125 0.16875 0.153125
0 0.37109375 0.859375 0.1484375 0.14375
0 0.390625 0.4828125 0.16875 0.490625
0 0.38828125 0.56953125 0.153125 0.31875
4 0.29375 0.3203125 0.0859375 0.025
4 0.3 0.4921875 0.0859375 0.025
2 0.4390625 0.76171875 0.0734375 0.0734375
2 0.62421875 0.92578125 0.071875 0.0734375
0 0.53125 0.84609375 0.134375 0.1734375
0 0.67890625 0.92890625 0.0453125 0.0171875
3 0.76640625 0.93359375 0.1390625 0.0984375
0 0.89375 0.60390625 0.11875 0.6828125