0 0.103125 0.521875 0.20625 0.5
0 0.10546875 0.60703125 0.2109375 0.3296875
3 0.2296875 0.2734375 0.1421875 0.103125
3 0.25078125 0.44453125 0.1421875 0.103125
3 0.28828125 0.95 0.1421875 0.1
0 0.12890625 0.9015625 0.190625 0.159375
0 0.421875 0.87421875 0.153125 0.1484375
0 0.3890625 0.49765625 0.1859375 0.4953125
0 0.39921875 0.584375 0.1640625 0.321875
4 0.2703125 0.35078125 0.0859375 0.028125
4 0.30078125 0.51953125 0.0859375 0.028125
2 0.4765625 0.76796875 0.075 0.075
2 0.68203125 0.9046875 0.075 0.075
0 0.57890625 0.83828125 0.140625 0.1765625
0 0.73671875 0.9 0.0453125 0.01875
3 0.82421875 0.8921875 0.1421875 0.103125
0 0.90390625 0.54765625 0.1421875 0.684375