3 0.73203125 0.07265625 0.2125 0.071875
3 0.72890625 0.19765625 0.25625 0.0734375
3 0.7234375 0.3375 0.315625 0.1046875
3 0.71875 0.47734375 0.2515625 0.075
3 0.71328125 0.603125 0.221875 0.071875
2 0.7125 0.6984375 0.7203125 0.70625 0.7203125 0.709375 0.7265625 0.7125 0.734375 0.7203125 0.7359375 0.725 0.7421875 0.728125 0.740625 0.7296875 0.7640625 0.7515625 0.7640625 0.7546875 0.771875 0.7609375 0.7734375 0.765625 0.7796875 0.76875 0.7875 0.78125 0.79375 0.784375 0.7953125 0.7890625 0.828125 0.821875 0.8328125 0.828125 0.8328125 0.8328125 0.703125 0.9546875 0.696875 0.9546875 0.6953125 0.95 0.6515625 0.90625 0.653125 0.9046875 0.6296875 0.8828125 0.6296875 0.8796875 0.5875 0.8375 0.584375 0.83125 0.5765625 0.825 0.5765625 0.8203125 0.6390625 0.7625 0.659375 0.740625 0.6875 0.7171875 0.7015625 0.7015625 0.7078125 0.696875 0.7109375 0.6984375
0 0.7125 0.6359375 0.7140625 0.6375 0.7125 0.640625 0.7125 0.6828125 0.7109375 0.684375 0.7125 0.69375 0.70625 0.6921875 0.70625 0.6859375 0.7109375 0.6765625 0.7109375 0.6390625 0.7125 0.6375
0 0.715625 0.5109375 0.7171875 0.5109375 0.715625 0.5578125 0.71875 0.5625 0.715625 0.56875 0.7109375 0.565625 0.7109375 0.559375 0.7140625 0.5578125 0.715625 0.5484375 0.715625 0.5125
0 0.7265625 0.23125 0.728125 0.2328125 0.7265625 0.2375 0.728125 0.284375 0.725 0.290625 0.7203125 0.2859375 0.7203125 0.28125 0.725 0.278125 0.725 0.2359375 0.7265625 0.2328125
0 0.7203125 0.384375 0.721875 0.3859375 0.7203125 0.43125 0.7234375 0.4359375 0.7203125 0.44375 0.715625 0.4390625 0.715625 0.4328125 0.71875 0.43125 0.71875 0.415625 0.7203125 0.4140625 0.7203125 0.3859375
0 0.73125 0.10625 0.73125 0.146875 0.7296875 0.1484375 0.7296875 0.153125 0.7328125 0.15625 0.73125 0.1640625 0.725 0.1609375 0.7296875 0.1453125 0.7296875 0.1078125