3 0.26796875 0.07265625 0.2125 0.071875
3 0.27109375 0.19765625 0.25625 0.0734375
3 0.2765625 0.3375 0.315625 0.1046875
3 0.28125 0.47734375 0.2515625 0.075
3 0.28671875 0.603125 0.221875 0.071875
2 0.2875 0.6984375 0.2921875 0.696875 0.2984375 0.7015625 0.315625 0.7203125 0.340625 0.740625 0.3609375 0.7625 0.4234375 0.8203125 0.4234375 0.825 0.415625 0.83125 0.4125 0.8375 0.3921875 0.85625 0.3703125 0.8796875 0.3703125 0.8828125 0.3484375 0.903125 0.3484375 0.90625 0.3046875 0.95 0.303125 0.9546875 0.296875 0.9546875 0.1671875 0.8328125 0.1671875 0.828125 0.1734375 0.8203125 0.2046875 0.7890625 0.20625 0.784375 0.2125 0.78125 0.2203125 0.76875 0.225 0.7671875 0.228125 0.7609375 0.2359375 0.7546875 0.2359375 0.7515625 0.259375 0.7296875 0.2578125 0.728125 0.2625 0.7265625 0.265625 0.7203125 0.2734375 0.7125 0.278125 0.7109375 0.28125 0.7046875 0.2875 0.7
0 0.2875 0.6359375 0.2890625 0.6390625 0.2890625 0.6765625 0.29375 0.6859375 0.29375 0.6921875 0.2875 0.69375 0.2890625 0.684375 0.2875 0.6828125 0.2875 0.640625 0.2859375 0.6375
0 0.2828125 0.5109375 0.284375 0.5109375 0.284375 0.5484375 0.2859375 0.5578125 0.2890625 0.559375 0.2890625 0.565625 0.2859375 0.56875 0.28125 0.5640625 0.284375 0.5578125 0.2828125 0.5125
0 0.2734375 0.23125 0.275 0.278125 0.2796875 0.28125 0.2796875 0.2859375 0.2765625 0.290625 0.2734375 0.2890625 0.271875 0.284375 0.2734375 0.2796875 0.271875 0.2328125
0 0.278125 0.3859375 0.2796875 0.3859375 0.28125 0.43125 0.284375 0.4328125 0.284375 0.4390625 0.28125 0.44375 0.278125 0.4421875 0.2765625 0.4359375 0.2796875 0.43125 0.278125 0.3875
0 0.26875 0.1078125 0.2703125 0.1078125 0.2703125 0.1453125 0.271875 0.153125 0.275 0.15625 0.275 0.1609375 0.2703125 0.165625 0.2671875 0.1578125 0.2703125 0.153125 0.26875 0.109375