3 0.24375 0.04609375 0.16328125 0.0484375
3 0.24375 0.13359375 0.13828125 0.0484375
3 0.1765625 0.22265625 0.19453125 0.0484375
3 0.24375 0.5578125 0.17890625 0.0484375
3 0.24375 0.6453125 0.21484375 0.04765625
3 0.24375 0.734375 0.1453125 0.0484375
0 0.24296875 0.090625 0.01015625 0.0421875
0 0.18984375 0.178125 0.0390625 0.0421875
0 0.29453125 0.2390625 0.0390625 0.1640625
0 0.1921875 0.284375 0.0390625 0.078125
0 0.24375 0.5015625 0.0078125 0.0640625
0 0.24375 0.6015625 0.009375 0.0421875
0 0.24296875 0.68984375 0.01171875 0.0421875
0 0.24375 0.77890625 0.0109375 0.04453125
2 0.24375 0.8765625 0.15546875 0.1546875
4 0.3109375 0.2234375 0.01796875 0.01484375
4 0.125 0.98515625 0.021875 0.0125
4 0.3625 0.98515625 0.01640625 0.01484375