3 0.325 0.346875 0.3265625 0.3484375 0.365625 0.346875 0.3671875 0.35 0.3953125 0.35 0.415625 0.353125 0.4484375 0.3515625 0.4515625 0.35625 0.4484375 0.3984375 0.3828125 0.396875 0.3671875 0.39375 0.3625 0.3953125 0.2875 0.39375 0.284375 0.3921875 0.2859375 0.3484375 0.2890625 0.346875 0.3234375 0.3484375
3 0.0359375 0.25 0.23125 0.25625 0.2296875 0.3 0.228125 0.3015625 0.190625 0.3015625 0.1890625 0.3 0.034375 0.2953125 0.0359375 0.2515625
3 0.2640625 0.434375 0.278125 0.434375 0.2921875 0.4375 0.303125 0.4359375 0.3640625 0.4375 0.36875 0.440625 0.3828125 0.4390625 0.3859375 0.440625 0.4109375 0.440625 0.4125 0.4390625 0.4171875 0.4421875 0.45625 0.440625 0.46875 0.44375 0.4671875 0.4875 0.4640625 0.4890625 0.3359375 0.484375 0.3203125 0.48125 0.2765625 0.4828125 0.2625 0.4796875 0.2640625 0.4359375
3 0.275 0.2578125 0.3265625 0.259375 0.328125 0.2609375 0.3625 0.2609375 0.365625 0.259375 0.371875 0.2625 0.3828125 0.2609375 0.384375 0.2625 0.46875 0.265625 0.4671875 0.309375 0.459375 0.3109375 0.4578125 0.309375 0.4140625 0.309375 0.4125 0.3078125 0.3703125 0.3078125 0.36875 0.30625 0.325 0.30625 0.3234375 0.3046875 0.2734375 0.303125 0.275 0.259375
2 0.2640625 0.0453125 0.315625 0.1 0.3328125 0.121875 0.315625 0.1390625 0.309375 0.1421875 0.290625 0.1625 0.284375 0.165625 0.2703125 0.18125 0.2640625 0.184375 0.2578125 0.1921875 0.253125 0.1921875 0.2328125 0.16875 0.21875 0.15625 0.2078125 0.14375 0.20625 0.1390625 0.1890625 0.1234375 0.184375 0.1171875 0.184375 0.1125 0.2453125 0.0546875 0.25625 0.0453125 0.259375 0.04375 0.2625 0.0453125
4 0.13359375 0.2203125 0.021875 0.0140625
4 0.371875 0.2296875 0.01875 0.015625
0 0.26015625 0.02109375 0.0109375 0.0421875
0 0.171875 0.20234375 0.0875 0.10625
0 0.33515625 0.20703125 0.0890625 0.1046875
0 0.36875 0.328125 0.0109375 0.04375
0 0.365625 0.41640625 0.0109375 0.0421875