3 0.771875 0.05546875 0.165625 0.0546875
3 0.76875 0.14296875 0.140625 0.053125
3 0.8328125 0.234375 0.196875 0.0546875
3 0.75390625 0.56640625 0.18125 0.0546875
3 0.75078125 0.65390625 0.215625 0.0546875
3 0.74765625 0.74296875 0.146875 0.053125
0 0.77109375 0.1 0.0109375 0.0421875
0 0.82109375 0.1890625 0.040625 0.04375
0 0.7140625 0.24609375 0.0453125 0.165625
0 0.81484375 0.2953125 0.0421875 0.0796875
0 0.75625 0.51015625 0.009375 0.0640625
0 0.75234375 0.61015625 0.0109375 0.0421875
0 0.75 0.6984375 0.0125 0.0421875
0 0.74609375 0.7875 0.0125 0.0453125
2 0.74296875 0.88515625 0.1609375 0.159375
4 0.6984375 0.23046875 0.01875 0.015625
4 0.8578125 0.9953125 0.021875 0.009375
4 0.6203125 0.98984375 0.0171875 0.015625