3 0.2203125 0.06015625 0.165625 0.05625
3 0.225 0.14765625 0.140625 0.05625
3 0.1625 0.23984375 0.196875 0.0578125
3 0.246875 0.57109375 0.18125 0.0578125
3 0.2515625 0.65859375 0.2171875 0.059375
3 0.25625 0.74765625 0.146875 0.05625
0 0.221875 0.1046875 0.0125 0.0421875
0 0.1734375 0.19453125 0.040625 0.04375
0 0.28125 0.25 0.046875 0.165625
0 0.18125 0.30078125 0.04375 0.0796875
0 0.24453125 0.51484375 0.0109375 0.0640625
0 0.24921875 0.61484375 0.0109375 0.0421875
0 0.253125 0.703125 0.0140625 0.0421875
0 0.25859375 0.7921875 0.0125 0.0453125
2 0.2640625 0.88984375 0.1640625 0.1625
4 0.296875 0.23359375 0.01875 0.015625
4 0.15 0.9984375 0.021875 0.003125
4 0.38828125 0.99140625 0.0171875 0.015625