3 0.434375 0.35625 0.4375 0.359375 0.4390625 0.3671875 0.4390625 0.3953125 0.440625 0.396875 0.4390625 0.403125 0.39375 0.4046875 0.3921875 0.40625 0.3640625 0.4046875 0.353125 0.4078125 0.3046875 0.409375 0.303125 0.4109375 0.2765625 0.4109375 0.275 0.409375 0.271875 0.3671875 0.2765625 0.3640625 0.3 0.3640625 0.3015625 0.365625 0.3109375 0.3625 0.33125 0.3625 0.346875 0.359375 0.3515625 0.359375 0.35625 0.3625 0.3625 0.359375 0.390625 0.3609375 0.4328125 0.35625
3 0.209375 0.28125 0.2125 0.3140625 0.2125 0.3234375 0.209375 0.3265625 0.034375 0.334375 0.0328125 0.3359375 0.0171875 0.3359375 0.015625 0.290625 0.0859375 0.2875 0.0921875 0.284375 0.1203125 0.2859375 0.121875 0.284375 0.2078125 0.28125
3 0.4625 0.4453125 0.4640625 0.484375 0.465625 0.4859375 0.465625 0.4890625 0.4625 0.490625 0.3375 0.496875 0.3359375 0.4984375 0.3078125 0.496875 0.30625 0.4984375 0.284375 0.4984375 0.2765625 0.5015625 0.2609375 0.5 0.2578125 0.4546875 0.2734375 0.4546875 0.275 0.453125 0.2953125 0.4546875 0.3046875 0.4515625 0.3328125 0.4515625 0.334375 0.45 0.3625 0.4515625 0.3765625 0.4484375 0.3921875 0.45 0.40625 0.446875 0.4234375 0.4484375 0.4296875 0.4453125 0.453125 0.4453125 0.4546875 0.44375 0.4609375 0.4453125
3 0.253125 0.278125 0.328125 0.275 0.3421875 0.271875 0.35625 0.2734375 0.359375 0.2703125 0.3875 0.271875 0.3890625 0.2703125 0.446875 0.26875 0.4484375 0.30625 0.45 0.3078125 0.4484375 0.3140625 0.25625 0.3234375 0.253125 0.2796875
2 0.2234375 0.0671875 0.234375 0.075 0.271875 0.1109375 0.2796875 0.115625 0.3 0.1359375 0.23125 0.2140625 0.2265625 0.2140625 0.2 0.1890625 0.1921875 0.184375 0.1734375 0.1640625 0.159375 0.1546875 0.1515625 0.1453125 0.1515625 0.140625 0.1578125 0.1328125 0.203125 0.084375 0.2078125 0.0765625 0.2140625 0.071875 0.2140625 0.06875 0.21875 0.065625 0.221875 0.0671875
4 0.1109375 0.25390625 0.021875 0.0140625
4 0.3484375 0.2421875 0.01875 0.015625
0 0.21953125 0.04296875 0.0125 0.04375
0 0.146875 0.23203125 0.0890625 0.1078125
0 0.31015625 0.22265625 0.090625 0.10625
0 0.35390625 0.340625 0.0109375 0.04375
0 0.35859375 0.428125 0.0125 0.0421875