3 0.25546875 0.0625 0.190625 0.053125
3 0.25546875 0.1578125 0.1875 0.05
3 0.25546875 0.2640625 0.240625 0.071875
3 0.12890625 0.64375 0.2046875 0.0515625
3 0.38203125 0.64375 0.215625 0.05
3 0.38203125 0.75 0.240625 0.075
3 0.38203125 0.8671875 0.240625 0.075
2 0.25625 0.45 0.2109375 0.2125
0 0.2546875 0.1109375 0.0109375 0.0453125
0 0.2546875 0.20546875 0.0125 0.04375
0 0.25546875 0.32265625 0.0109375 0.046875
0 0.16484375 0.56015625 0.0859375 0.11875
0 0.34609375 0.5609375 0.084375 0.1171875
4 0.128125 0.5859375 0.0234375 0.0140625
4 0.38203125 0.5859375 0.015625 0.015625
0 0.38203125 0.6921875 0.0109375 0.046875
0 0.38125 0.80859375 0.009375 0.04375
0 0.38203125 0.9265625 0.0109375 0.0453125