3 0.75234375 0.0671875 0.1921875 0.05625
3 0.75078125 0.1625 0.1890625 0.0546875
3 0.7484375 0.26875 0.240625 0.0765625
3 0.86875 0.65 0.20625 0.0546875
3 0.615625 0.64609375 0.2171875 0.053125
3 0.61328125 0.75234375 0.2421875 0.078125
3 0.61171875 0.86953125 0.2421875 0.0796875
2 0.74453125 0.45390625 0.2140625 0.215625
0 0.75234375 0.115625 0.0125 0.0453125
0 0.75078125 0.21015625 0.0125 0.0453125
0 0.74765625 0.3265625 0.0125 0.046875
0 0.834375 0.565625 0.0875 0.1203125
0 0.653125 0.56328125 0.0875 0.11875
4 0.8703125 0.5921875 0.0234375 0.0140625
4 0.61640625 0.58828125 0.0171875 0.015625
0 0.61484375 0.69453125 0.0125 0.046875
0 0.61328125 0.8109375 0.009375 0.0453125
0 0.61015625 0.92890625 0.0125 0.0453125