2 0.36875 0.071875 0.390625 0.0578125 0.465625 0.1484375 0.465625 0.1515625 0.4609375 0.153125 0.4578125 0.1578125 0.4546875 0.1578125 0.4484375 0.165625 0.44375 0.1671875 0.4171875 0.1921875 0.4046875 0.2 0.3890625 0.215625 0.384375 0.2171875 0.3765625 0.225 0.371875 0.225 0.3671875 0.2171875 0.353125 0.203125 0.353125 0.2 0.3421875 0.190625 0.3390625 0.184375 0.328125 0.1734375 0.328125 0.1703125 0.31875 0.1625 0.3171875 0.1578125 0.3109375 0.153125 0.3109375 0.15 0.296875 0.1359375 0.303125 0.128125 0.36875 0.0734375
3 0.0421875 0.378125 0.0578125 0.3765625 0.0609375 0.3796875 0.0765625 0.38125 0.0828125 0.3796875 0.109375 0.38125 0.1125 0.384375 0.146875 0.3859375 0.184375 0.390625 0.190625 0.3890625 0.2015625 0.3921875 0.2109375 0.390625 0.2203125 0.39375 0.2359375 0.3921875 0.2484375 0.3953125 0.246875 0.4359375 0.2453125 0.4421875 0.2421875 0.4453125 0.2375 0.4453125 0.2359375 0.44375 0.2171875 0.44375 0.215625 0.4421875 0.0421875 0.428125 0.0390625 0.4265625 0.0421875 0.3796875
3 0.1296875 0.275 0.3296875 0.2921875 0.334375 0.2953125 0.3296875 0.3421875 0.3109375 0.3421875 0.2921875 0.3390625 0.1328125 0.3265625 0.125 0.3234375 0.1296875 0.2765625
3 0.415625 0.396875 0.434375 0.4 0.46875 0.4015625 0.4828125 0.4046875 0.5046875 0.4046875 0.6046875 0.4140625 0.6 0.484375 0.596875 0.4875 0.5953125 0.4859375 0.5921875 0.4875 0.465625 0.475 0.359375 0.4671875 0.3578125 0.459375 0.3640625 0.3953125 0.3796875 0.39375 0.38125 0.3953125 0.4140625 0.396875
3 0.4015625 0.2984375 0.4203125 0.3015625 0.59375 0.315625 0.5953125 0.325 0.59375 0.3265625 0.5921875 0.3609375 0.5890625 0.365625 0.3875 0.3484375 0.390625 0.3 0.4 0.2984375
0 0.20234375 0.36015625 0.05625 0.0625
0 0.4859375 0.38046875 0.015625 0.0484375
0 0.2796875 0.22890625 0.1078125 0.121875
0 0.45859375 0.246875 0.1 0.1203125
4 0.234375 0.24921875 0.025 0.0171875
4 0.4953125 0.27109375 0.01875 0.0203125
4 0.11171875 0.003125 0.0265625 0.00625