2 0.328125 0.0765625 0.3625 0.10625 0.3734375 0.11875 0.396875 0.1375 0.4109375 0.153125 0.415625 0.1546875 0.415625 0.159375 0.409375 0.1671875 0.3921875 0.1828125 0.38125 0.1984375 0.3640625 0.2140625 0.35 0.2328125 0.3375 0.24375 0.3328125 0.24375 0.3109375 0.221875 0.3078125 0.221875 0.28125 0.1953125 0.275 0.1921875 0.2484375 0.1671875 0.25 0.1609375 0.278125 0.13125 0.2796875 0.1265625 0.29375 0.1140625 0.309375 0.09375 0.3265625 0.078125
3 0.196875 0.43125 0.1984375 0.4328125 0.2140625 0.4328125 0.23125 0.4296875 0.2359375 0.4328125 0.2390625 0.4625 0.2390625 0.478125 0.2359375 0.48125 0.228125 0.4796875 0.215625 0.4828125 0.0375 0.490625 0.0359375 0.4921875 0.03125 0.4890625 0.0296875 0.4421875 0.0421875 0.4390625 0.0640625 0.440625 0.0703125 0.4375 0.075 0.4390625 0.0953125 0.4359375 0.096875 0.4375 0.1234375 0.4375 0.1734375 0.4328125 0.1828125 0.434375 0.1953125 0.43125
3 0.2 0.321875 0.2109375 0.3234375 0.2125 0.321875 0.240625 0.321875 0.2421875 0.3203125 0.2703125 0.3203125 0.303125 0.3171875 0.30625 0.3203125 0.3078125 0.3671875 0.1046875 0.378125 0.1015625 0.328125 0.1984375 0.3234375
3 0.590625 0.4 0.5921875 0.4015625 0.5921875 0.421875 0.59375 0.4234375 0.5921875 0.43125 0.5953125 0.453125 0.59375 0.4734375 0.590625 0.471875 0.5734375 0.475 0.5453125 0.475 0.54375 0.4765625 0.515625 0.4765625 0.5140625 0.478125 0.3671875 0.484375 0.365625 0.4859375 0.353125 0.484375 0.3515625 0.43125 0.35 0.4296875 0.35 0.4140625 0.3515625 0.4125 0.4515625 0.4078125 0.453125 0.40625 0.4734375 0.4078125 0.4828125 0.4046875 0.5890625 0.4
3 0.3640625 0.3140625 0.5671875 0.3046875 0.5703125 0.334375 0.5703125 0.353125 0.56875 0.3546875 0.4828125 0.3578125 0.48125 0.359375 0.4671875 0.3578125 0.4515625 0.3609375 0.365625 0.3640625 0.3640625 0.315625
0 0.1859375 0.403125 0.053125 0.0609375
0 0.46953125 0.38359375 0.0140625 0.046875
0 0.24453125 0.2625 0.1046875 0.11875
0 0.4234375 0.25546875 0.0953125 0.1171875
4 0.2015625 0.2890625 0.025 0.015625
4 0.4640625 0.27421875 0.01875 0.0203125
4 0.0453125 0.05625 0.0265625 0.0171875