3 0.27265625 0.06875 0.24375 0.07421875
3 0.27265625 0.178125 0.22578125 0.05234375
3 0.35 0.603125 0.19453125 0.053125
3 0.35 0.71171875 0.2453125 0.07421875
0 0.271875 0.1296875 0.0125 0.046875
0 0.27265625 0.22734375 0.0109375 0.04765625
0 0.334375 0.52265625 0.04140625 0.109375
0 0.34921875 0.6515625 0.0109375 0.046875
0 0.34921875 0.78359375 0.0125 0.06875
2 0.35078125 0.903125 0.17265625 0.1734375
2 0.2734375 0.38046875 0.26015625 0.2609375
4 0.34921875 0.54453125 0.01796875 0.015625
4 0.06875 0.78203125 0.02421875 0.01484375