3 0.7125 0.0609375 0.246875 0.0828125
3 0.715625 0.1703125 0.228125 0.0609375
3 0.653125 0.59765625 0.196875 0.059375
3 0.65703125 0.70625 0.2484375 0.0828125
0 0.71484375 0.121875 0.0140625 0.046875
0 0.71796875 0.21953125 0.0125 0.0484375
0 0.66640625 0.5171875 0.0453125 0.1109375
0 0.65625 0.64609375 0.0125 0.046875
0 0.6609375 0.778125 0.015625 0.06875
2 0.66328125 0.89765625 0.178125 0.1796875
2 0.721875 0.37265625 0.26875 0.2703125
4 0.65234375 0.5390625 0.01875 0.015625
4 0.940625 0.7671875 0.025 0.015625