3 0.2578125 0.0765625 0.246875 0.0828125
3 0.26171875 0.1859375 0.228125 0.0609375
3 0.35390625 0.60859375 0.196875 0.059375
3 0.3578125 0.7171875 0.2484375 0.0828125
0 0.259375 0.1375 0.0140625 0.046875
0 0.26328125 0.23515625 0.0125 0.0484375
0 0.33515625 0.528125 0.0453125 0.1109375
0 0.3546875 0.65703125 0.0125 0.046875
0 0.359375 0.7890625 0.015625 0.06875
2 0.36484375 0.9078125 0.178125 0.1796875
2 0.26953125 0.38828125 0.26875 0.2703125
4 0.35078125 0.55 0.01875 0.015625
4 0.07890625 0.796875 0.025 0.015625