2 0.33125 0.084375 0.346875 0.0703125 0.3515625 0.06875 0.434375 0.1515625 0.434375 0.1546875 0.3609375 0.228125 0.3515625 0.2359375 0.346875 0.2359375 0.265625 0.1546875 0.265625 0.1515625 0.33125 0.0859375
3 0.0484375 0.415625 0.05 0.4171875 0.071875 0.4171875 0.0734375 0.415625 0.0796875 0.4171875 0.084375 0.415625 0.225 0.4171875 0.2359375 0.415625 0.2390625 0.4171875 0.240625 0.421875 0.240625 0.4640625 0.2375 0.4671875 0.23125 0.465625 0.228125 0.4671875 0.0359375 0.4671875 0.0328125 0.465625 0.0328125 0.4171875 0.046875 0.415625
3 0.209375 0.30625 0.2109375 0.3078125 0.3140625 0.3078125 0.315625 0.309375 0.315625 0.35625 0.3140625 0.3578125 0.1125 0.3578125 0.1109375 0.35625 0.1109375 0.3078125 0.2078125 0.3078125
3 0.471875 0.4046875 0.4734375 0.40625 0.4796875 0.4046875 0.5953125 0.4046875 0.596875 0.40625 0.596875 0.434375 0.5953125 0.4359375 0.596875 0.4375 0.596875 0.475 0.5953125 0.478125 0.5921875 0.4765625 0.590625 0.478125 0.35625 0.478125 0.3546875 0.4765625 0.3546875 0.40625 0.35625 0.4046875 0.4703125 0.4046875
3 0.3734375 0.3078125 0.5765625 0.3078125 0.578125 0.309375 0.578125 0.35625 0.5765625 0.3578125 0.478125 0.3578125 0.4765625 0.35625 0.4734375 0.3578125 0.3734375 0.3578125 0.3734375 0.309375
0 0.19140625 0.38671875 0.05078125 0.0578125
0 0.47578125 0.38203125 0.01171875 0.046875
0 0.25703125 0.24921875 0.0984375 0.11328125
0 0.43671875 0.2515625 0.08984375 0.1125
4 0.21328125 0.2734375 0.02421875 0.01484375
4 0.47578125 0.27265625 0.0171875 0.01875
4 0.06953125 0.0328125 0.025 0.01640625