2 0.2125 0.759375 0.215625 0.765625 0.2296875 0.778125 0.23125 0.7828125 0.271875 0.8234375 0.2765625 0.8296875 0.2765625 0.8359375 0.2 0.90625 0.1765625 0.884375 0.125 0.8265625 0.171875 0.78125 0.1796875 0.7765625 0.1953125 0.759375 0.2046875 0.753125 0.2109375 0.759375
2 0.225 0.225 0.240625 0.24375 0.2640625 0.265625 0.271875 0.278125 0.3015625 0.3078125 0.3015625 0.3109375 0.2953125 0.3140625 0.2765625 0.334375 0.2734375 0.334375 0.2515625 0.3578125 0.2484375 0.3578125 0.2203125 0.3859375 0.215625 0.3859375 0.2109375 0.3828125 0.18125 0.3484375 0.1578125 0.3265625 0.140625 0.30625 0.140625 0.3 0.15 0.29375 0.1890625 0.2546875 0.1953125 0.2515625 0.215625 0.2296875 0.2234375 0.225
3 0.178125 0.028125 0.196875 0.03125 0.2375 0.0296875 0.2421875 0.0328125 0.24375 0.03125 0.2671875 0.03125 0.26875 0.0328125 0.3015625 0.034375 0.303125 0.0359375 0.3015625 0.0734375 0.2984375 0.075 0.2859375 0.075 0.275 0.071875 0.2390625 0.071875 0.2375 0.0703125 0.2140625 0.071875 0.19375 0.06875 0.184375 0.0703125 0.1546875 0.06875 0.15625 0.03125 0.159375 0.028125 0.1765625 0.028125
3 0.1125 0.615625 0.275 0.6203125 0.30625 0.6234375 0.303125 0.6796875 0.2734375 0.6796875 0.25 0.6765625 0.2484375 0.678125 0.2421875 0.6765625 0.2296875 0.678125 0.228125 0.6765625 0.1109375 0.6734375 0.1125 0.6171875
3 0.1421875 0.5375 0.14375 0.5390625 0.2921875 0.54375 0.2921875 0.5828125 0.2890625 0.584375 0.23125 0.5828125 0.2125 0.5796875 0.1859375 0.58125 0.184375 0.5796875 0.13125 0.578125 0.1296875 0.5421875 0.1328125 0.5375 0.140625 0.5375
3 0.0703125 0.103125 0.071875 0.1046875 0.1046875 0.1046875 0.10625 0.10625 0.15 0.10625 0.1515625 0.1078125 0.1546875 0.10625 0.15625 0.1078125 0.2546875 0.1109375 0.25625 0.1125 0.25625 0.1375 0.253125 0.16875 0.059375 0.1625 0.059375 0.134375 0.0625 0.11875 0.0609375 0.10625 0.06875 0.103125
3 0.121875 0.459375 0.14375 0.459375 0.1453125 0.4609375 0.16875 0.4609375 0.1703125 0.459375 0.1890625 0.4625 0.2015625 0.4609375 0.234375 0.4640625 0.3046875 0.465625 0.3078125 0.4859375 0.3078125 0.496875 0.3046875 0.5 0.30625 0.5015625 0.3046875 0.50625 0.1203125 0.5 0.11875 0.49375 0.121875 0.490625 0.1203125 0.48125 0.1203125 0.4625 0.121875 0.4609375
4 0.1984375 0.0203125 0.1078125 0.01875
4 0.29140625 0.13984375 0.0203125 0.0125
0 0.17421875 0.0875 0.0390625 0.0390625
0 0.27578125 0.165625 0.04375 0.1875
0 0.171875 0.21015625 0.0421875 0.090625
0 0.21484375 0.42421875 0.0109375 0.0765625
4 0.21484375 0.4171875 0.0140625 0.0140625
4 0.2140625 0.4515625 0.1078125 0.0171875
0 0.21171875 0.521875 0.009375 0.0390625
0 0.20859375 0.59765625 0.009375 0.0390625
0 0.16953125 0.725 0.0296875 0.0984375
0 0.2453125 0.728125 0.034375 0.1015625
4 0.25859375 0.72421875 0.0203125 0.0140625
0 0.196875 0.94375 0.0109375 0.075
4 0.196875 0.9359375 0.015625 0.0109375
4 0.19609375 0.971875 0.0875 0.0171875