3 0.0734375 0.059375 0.10625 0.0546875
3 0.153125 0.11953125 0.08984375 0.03671875
3 0.16875 0.18125 0.10546875 0.0625
3 0.315625 0.18125 0.10625 0.0625
3 0.434375 0.2546875 0.10625 0.06328125
3 0.59609375 0.18125 0.1046875 0.06171875
3 0.7578125 0.18125 0.1046875 0.0609375
3 0.9125 0.18125 0.10625 0.06171875
3 0.8625 0.059375 0.1078125 0.05546875
3 0.76640625 0.12265625 0.08984375 0.03203125
0 0.1546875 0.08125 0.0375 0.04296875
0 0.24296875 0.18203125 0.03984375 0.0125
0 0.45703125 0.18203125 0.17421875 0.01328125
0 0.36640625 0.23125 0.0296875 0.0375
0 0.4015625 0.209375 0.06328125 0.0328125
0 0.67734375 0.18125 0.05546875 0.0140625
0 0.765625 0.1453125 0.01171875 0.01484375
0 0.83515625 0.18125 0.05 0.01484375
0 0.7859375 0.08203125 0.04609375 0.04765625
0 0.16328125 0.1453125 0.0140625 0.01484375