3 0.08125 0.05234375 0.1078125 0.05625
3 0.16015625 0.11328125 0.090625 0.0375
3 0.17421875 0.17578125 0.10625 0.0640625
3 0.32109375 0.178125 0.1078125 0.0640625
3 0.43828125 0.25390625 0.1078125 0.065625
3 0.6015625 0.1828125 0.10625 0.0640625
3 0.76328125 0.1859375 0.10625 0.0625
3 0.91796875 0.18828125 0.1078125 0.0640625
3 0.8703125 0.065625 0.109375 0.0578125
3 0.77265625 0.12734375 0.090625 0.034375
0 0.16171875 0.075 0.0375 0.04375
0 0.2484375 0.17734375 0.040625 0.0125
0 0.4625 0.18125 0.175 0.015625
0 0.37109375 0.22890625 0.0296875 0.0375
0 0.40703125 0.2078125 0.0640625 0.034375
0 0.6828125 0.184375 0.05625 0.015625
0 0.771875 0.15 0.0125 0.015625
0 0.840625 0.1875 0.05 0.015625
0 0.79296875 0.08671875 0.046875 0.0484375
0 0.16953125 0.13984375 0.0140625 0.015625