3 0.934375 0.0671875 0.1078125 0.05625
3 0.853125 0.12578125 0.090625 0.0375
3 0.83671875 0.18671875 0.10625 0.0640625
3 0.68984375 0.184375 0.1078125 0.0640625
3 0.56953125 0.25625 0.1078125 0.065625
3 0.409375 0.1796875 0.10625 0.0640625
3 0.24765625 0.1765625 0.10625 0.0625
3 0.09296875 0.17421875 0.1078125 0.0640625
3 0.1453125 0.053125 0.109375 0.0578125
3 0.23984375 0.11796875 0.090625 0.034375
0 0.85234375 0.0875 0.0375 0.04375
0 0.7625 0.18671875 0.040625 0.0125
0 0.5484375 0.1828125 0.175 0.015625
0 0.63828125 0.23359375 0.0296875 0.0375
0 0.603125 0.2109375 0.0640625 0.034375
0 0.328125 0.178125 0.05625 0.015625
0 0.240625 0.140625 0.0125 0.015625
0 0.1703125 0.17578125 0.05 0.015625
0 0.22109375 0.07734375 0.046875 0.0484375
0 0.84296875 0.1515625 0.0140625 0.015625