3 0.2578125 0.34375 0.2875 0.346875 0.290625 0.3453125 0.334375 0.3453125 0.3359375 0.346875 0.3953125 0.3453125 0.396875 0.3484375 0.396875 0.3890625 0.3953125 0.3921875 0.19375 0.3921875 0.190625 0.390625 0.190625 0.3453125 0.25625 0.3453125
3 0.2015625 0.0390625 0.203125 0.0421875 0.203125 0.084375 0.2 0.0859375 0.13125 0.0859375 0.1296875 0.084375 0.0578125 0.0859375 0.0375 0.0828125 0.0375 0.040625 0.0390625 0.0390625 0.2 0.0390625
3 0.0921875 0.18125 0.09375 0.1828125 0.1015625 0.18125 0.103125 0.1828125 0.109375 0.18125 0.1875 0.1828125 0.1875 0.215625 0.1890625 0.2171875 0.1875 0.228125 0.053125 0.228125 0.053125 0.1828125 0.090625 0.18125
3 0.515625 0.434375 0.5171875 0.4359375 0.63125 0.434375 0.6328125 0.4359375 0.6328125 0.4796875 0.63125 0.48125 0.421875 0.48125 0.4203125 0.478125 0.4203125 0.4359375 0.421875 0.434375 0.5140625 0.434375
3 0.5015625 0.0390625 0.5046875 0.0421875 0.5046875 0.0828125 0.48125 0.0859375 0.4796875 0.084375 0.4 0.084375 0.3984375 0.0859375 0.328125 0.084375 0.31875 0.0859375 0.315625 0.0828125 0.315625 0.040625 0.3171875 0.0390625 0.5 0.0390625
3 0.521875 0.34375 0.5265625 0.346875 0.6125 0.3453125 0.6140625 0.346875 0.6140625 0.390625 0.6109375 0.3921875 0.540625 0.3921875 0.5390625 0.390625 0.5375 0.3921875 0.53125 0.390625 0.44375 0.3921875 0.440625 0.390625 0.440625 0.3453125 0.5203125 0.34375
2 0.5109375 0.13125 0.5828125 0.2015625 0.584375 0.20625 0.5109375 0.2796875 0.50625 0.2796875 0.434375 0.20625 0.434375 0.203125 0.4875 0.1484375 0.5046875 0.1328125 0.509375 0.13125
0 0.12109375 0.1328125 0.00859375 0.09765625
0 0.31015625 0.215625 0.06796875 0.26171875
0 0.40234375 0.29375 0.1375 0.10546875
0 0.4875 0.10859375 0.05234375 0.0453125
0 0.525 0.3078125 0.01484375 0.07265625
0 0.52734375 0.4125 0.01171875 0.04453125
4 0.41015625 0.009375 0.015625 0.0171875
4 0.1203125 0.00859375 0.02109375 0.01328125
4 0.40625 0.3 0.021875 0.01640625
4 0.52734375 0.315625 0.01484375 0.01484375