3 0.203125 0.325 0.259375 0.328125 0.2609375 0.3296875 0.2703125 0.328125 0.3 0.3328125 0.3046875 0.33125 0.30625 0.3328125 0.3453125 0.334375 0.3515625 0.3375 0.353125 0.3359375 0.3640625 0.3375 0.371875 0.3359375 0.3734375 0.3375 0.4078125 0.3390625 0.40625 0.3828125 0.403125 0.3859375 0.39375 0.3859375 0.3921875 0.384375 0.3703125 0.384375 0.36875 0.3828125 0.203125 0.371875 0.2 0.3703125 0.203125 0.3265625
3 0.071875 0.009375 0.2359375 0.0203125 0.234375 0.0640625 0.2296875 0.0671875 0.225 0.0671875 0.2234375 0.065625 0.1625 0.0625 0.15625 0.059375 0.1359375 0.059375 0.134375 0.0578125 0.1171875 0.059375 0.1125 0.05625 0.1109375 0.0578125 0.0984375 0.05625 0.090625 0.0578125 0.0859375 0.0546875 0.0703125 0.0546875 0.06875 0.053125 0.06875 0.0375 0.071875 0.0109375
3 0.0765625 0.153125 0.115625 0.1546875 0.1171875 0.15625 0.125 0.1546875 0.140625 0.1578125 0.1515625 0.15625 0.15625 0.159375 0.2109375 0.1625 0.209375 0.178125 0.2109375 0.1984375 0.2078125 0.2078125 0.1984375 0.2078125 0.196875 0.20625 0.0734375 0.1984375 0.0765625 0.1546875
3 0.425 0.43125 0.4359375 0.4296875 0.4375 0.43125 0.5203125 0.4359375 0.5265625 0.4390625 0.546875 0.4375 0.5484375 0.4390625 0.5703125 0.4390625 0.6375 0.4453125 0.634375 0.490625 0.6140625 0.490625 0.6125 0.4890625 0.590625 0.4890625 0.5890625 0.4875 0.4234375 0.4765625 0.425 0.475 0.4234375 0.4734375 0.425 0.4328125
3 0.359375 0.028125 0.3609375 0.0296875 0.534375 0.040625 0.5375 0.04375 0.5375 0.053125 0.5359375 0.0546875 0.5359375 0.0765625 0.5328125 0.0859375 0.515625 0.0859375 0.5140625 0.084375 0.5109375 0.0859375 0.446875 0.0796875 0.4265625 0.08125 0.4203125 0.078125 0.38125 0.0765625 0.3796875 0.075 0.3484375 0.075 0.3453125 0.071875 0.3484375 0.0296875 0.3578125 0.028125
3 0.4828125 0.34375 0.5078125 0.346875 0.528125 0.3453125 0.5375 0.35 0.5734375 0.35 0.6234375 0.3546875 0.625 0.35625 0.6234375 0.3921875 0.621875 0.4 0.61875 0.4015625 0.55 0.396875 0.5390625 0.39375 0.528125 0.3953125 0.5078125 0.3921875 0.5046875 0.39375 0.5 0.390625 0.4828125 0.3921875 0.4515625 0.3890625 0.4484375 0.3875 0.45 0.3859375 0.4515625 0.34375 0.453125 0.3421875 0.48125 0.34375
2 0.54375 0.1390625 0.546875 0.1453125 0.5578125 0.1546875 0.5578125 0.1578125 0.56875 0.1671875 0.56875 0.1703125 0.5984375 0.2015625 0.5984375 0.2046875 0.6046875 0.209375 0.6046875 0.2140625 0.528125 0.28125 0.521875 0.28125 0.5203125 0.2765625 0.509375 0.2671875 0.490625 0.2453125 0.4890625 0.240625 0.4640625 0.2140625 0.45625 0.203125 0.45625 0.2 0.53125 0.134375 0.5359375 0.1328125 0.5421875 0.1390625
0 0.14765625 0.10703125 0.015625 0.0984375
0 0.33046875 0.203125 0.0859375 0.265625
0 0.4171875 0.2875 0.14375 0.1140625
0 0.51484375 0.10859375 0.0546875 0.0484375
0 0.53828125 0.31015625 0.0203125 0.0734375
0 0.53359375 0.41484375 0.0140625 0.0453125
4 0.44453125 0.00703125 0.0171875 0.0140625
4 0.4203125 0.29375 0.0234375 0.0171875
4 0.53984375 0.31796875 0.015625 0.015625