3 0.1984375 0.3296875 0.25 0.33125 0.2515625 0.3328125 0.265625 0.33125 0.2953125 0.3359375 0.2984375 0.334375 0.3390625 0.3359375 0.3453125 0.3390625 0.35 0.3375 0.4 0.3390625 0.4046875 0.34375 0.403125 0.384375 0.4 0.3875 0.3671875 0.384375 0.3390625 0.384375 0.3375 0.3828125 0.309375 0.3828125 0.3078125 0.38125 0.2796875 0.38125 0.278125 0.3796875 0.25 0.3796875 0.2484375 0.378125 0.2203125 0.378125 0.196875 0.375 0.1984375 0.33125
3 0.0796875 0.015625 0.08125 0.0171875 0.225 0.0234375 0.228125 0.028125 0.2265625 0.059375 0.225 0.06875 0.221875 0.0703125 0.16875 0.06875 0.1375 0.0640625 0.109375 0.065625 0.10625 0.0625 0.08125 0.0640625 0.0765625 0.0609375 0.0609375 0.0609375 0.059375 0.05625 0.0609375 0.0546875 0.0625 0.0171875 0.078125 0.015625
3 0.0703125 0.159375 0.0765625 0.1609375 0.10625 0.159375 0.1109375 0.1625 0.1328125 0.1609375 0.1375 0.1640625 0.1453125 0.1625 0.146875 0.1640625 0.2046875 0.1671875 0.203125 0.1796875 0.2046875 0.20625 0.2015625 0.2125 0.19375 0.2125 0.1921875 0.2109375 0.0671875 0.2046875 0.06875 0.203125 0.0703125 0.1609375
3 0.4265625 0.4296875 0.428125 0.43125 0.515625 0.434375 0.5203125 0.4375 0.546875 0.4359375 0.5484375 0.4375 0.634375 0.440625 0.6359375 0.4421875 0.634375 0.4859375 0.6328125 0.4875 0.6046875 0.4875 0.603125 0.4859375 0.4265625 0.478125 0.421875 0.475 0.421875 0.453125 0.425 0.43125
3 0.3484375 0.0296875 0.35 0.03125 0.525 0.0390625 0.528125 0.0421875 0.5265625 0.0828125 0.503125 0.0859375 0.4953125 0.0828125 0.4359375 0.08125 0.434375 0.0796875 0.4140625 0.08125 0.4046875 0.078125 0.340625 0.0765625 0.3375 0.0734375 0.3390625 0.0328125 0.3421875 0.0296875 0.346875 0.0296875
3 0.4484375 0.3421875 0.4890625 0.34375 0.490625 0.3453125 0.5171875 0.3453125 0.51875 0.34375 0.5296875 0.3453125 0.534375 0.3484375 0.6078125 0.35 0.621875 0.353125 0.6203125 0.396875 0.615625 0.3984375 0.5484375 0.3953125 0.5375 0.3921875 0.51875 0.39375 0.5046875 0.390625 0.503125 0.3921875 0.4578125 0.390625 0.446875 0.3875 0.4484375 0.34375
2 0.53125 0.1328125 0.5484375 0.15 0.5625 0.16875 0.5765625 0.18125 0.5875 0.196875 0.5984375 0.20625 0.6 0.2109375 0.521875 0.28125 0.5171875 0.2796875 0.4953125 0.25625 0.484375 0.240625 0.459375 0.215625 0.45 0.203125 0.45 0.2 0.51875 0.1375 0.525 0.1328125 0.5296875 0.1328125
0 0.140625 0.11328125 0.0140625 0.0984375
0 0.325 0.20625 0.08125 0.265625
0 0.41328125 0.2890625 0.1421875 0.1125
0 0.5078125 0.10859375 0.0546875 0.0484375
0 0.53515625 0.309375 0.01875 0.0734375
0 0.53203125 0.4140625 0.0140625 0.0453125
4 0.43515625 0.00703125 0.0171875 0.0140625
4 0.4171875 0.2953125 0.0234375 0.0171875
4 0.53671875 0.3171875 0.015625 0.015625