0 0.1953125 0.175 0.196875 0.175 0.1953125 0.24375 0.196875 0.2546875 0.2 0.25625 0.196875 0.2640625 0.19375 0.2640625 0.190625 0.259375 0.190625 0.25625 0.1953125 0.2515625 0.19375 0.2484375 0.19375 0.2109375 0.1953125 0.209375 0.19375 0.178125 0.1953125 0.1765625
0 0.2453125 0 0.2484375 0 0.246875 0.0046875 0.228125 0.0234375 0.2203125 0.0359375 0.2171875 0.0375 0.2171875 0.040625 0.2125 0.0453125 0.2078125 0.04375 0.2125 0.040625 0.21875 0.03125 0.2234375 0.028125 0.225 0.0234375 0.2453125 0.0015625
0 0.5703125 0.346875 0.571875 0.346875 0.571875 0.3953125 0.5765625 0.3984375 0.571875 0.4078125 0.5671875 0.4 0.5703125 0.3953125 0.5703125 0.3484375
0 0.51875 0 0.521875 0 0.5328125 0.0140625 0.54375 0.0234375 0.5453125 0.028125 0.5515625 0.0328125 0.553125 0.0375 0.559375 0.04375 0.5609375 0.05 0.51875 0.0015625
0 0.5703125 0.190625 0.571875 0.190625 0.571875 0.2375 0.575 0.240625 0.5734375 0.2484375 0.5703125 0.2484375 0.5671875 0.24375 0.5671875 0.240625 0.5703125 0.2390625 0.5703125 0.1921875
4 0.19609375 0.04765625 0.0359375 0.0234375
4 0.56796875 0.04921875 0.0453125 0.02890625
3 0.0390625 0.265625 0.19375 0.265625 0.1953125 0.2671875 0.1984375 0.265625 0.35 0.265625 0.35 0.33125 0.3390625 0.3328125 0.3234375 0.33125 0.296875 0.33125 0.2953125 0.3328125 0.1703125 0.33125 0.16875 0.3296875 0.165625 0.33125 0.121875 0.33125 0.1203125 0.3296875 0.1171875 0.33125 0.0390625 0.33125 0.0390625 0.2671875
3 0.1703125 0.1078125 0.171875 0.109375 0.1890625 0.109375 0.190625 0.1078125 0.19375 0.109375 0.2 0.1078125 0.2046875 0.109375 0.3109375 0.109375 0.3109375 0.1734375 0.309375 0.175 0.203125 0.175 0.2015625 0.1734375 0.08125 0.175 0.078125 0.171875 0.078125 0.109375 0.08125 0.1078125 0.084375 0.109375 0.16875 0.1078125
3 0.5671875 0.40625 0.5703125 0.409375 0.578125 0.40625 0.58125 0.4078125 0.7109375 0.4078125 0.7140625 0.40625 0.7171875 0.4078125 0.71875 0.4125 0.7171875 0.4734375 0.425 0.4734375 0.4234375 0.4703125 0.425 0.4671875 0.425 0.43125 0.4234375 0.428125 0.425 0.4265625 0.425 0.4078125 0.428125 0.40625 0.43125 0.4078125 0.565625 0.4078125
3 0.4984375 0.25 0.5 0.2515625 0.54375 0.2515625 0.5453125 0.25 0.55 0.2515625 0.5546875 0.25 0.5609375 0.2515625 0.5625 0.25 0.5703125 0.2515625 0.575 0.25 0.58125 0.2515625 0.5953125 0.25 0.7078125 0.2515625 0.7125 0.25 0.7171875 0.2515625 0.725 0.25 0.7296875 0.253125 0.73125 0.26875 0.73125 0.284375 0.7296875 0.2859375 0.7296875 0.309375 0.73125 0.3109375 0.7296875 0.3375 0.73125 0.3421875 0.7296875 0.3453125 0.4125 0.3453125 0.4125 0.2515625 0.496875 0.25
3 0.57109375 0.14140625 0.3203125 0.09765625