0 0.825 0.196875 0.8265625 0.1984375 0.8234375 0.221875 0.825 0.2234375 0.8234375 0.2296875 0.825 0.2421875 0.8234375 0.24375 0.8234375 0.265625 0.8203125 0.2734375 0.825 0.28125 0.821875 0.2859375 0.8171875 0.284375 0.815625 0.278125 0.81875 0.2765625 0.81875 0.26875 0.821875 0.2640625 0.8203125 0.24375 0.821875 0.2421875 0.821875 0.221875 0.825 0.215625 0.8234375 0.2140625 0.8234375 0.1984375
0 0.7859375 0.01875 0.80625 0.04375 0.8078125 0.05 0.821875 0.065625 0.8203125 0.0671875 0.815625 0.065625 0.8140625 0.059375 0.8109375 0.0578125 0.803125 0.04375 0.7984375 0.040625 0.8 0.0390625 0.784375 0.0203125
0 0.4390625 0.3421875 0.4390625 0.3640625 0.4359375 0.3875 0.4390625 0.396875 0.4359375 0.403125 0.4296875 0.39375 0.434375 0.390625 0.4359375 0.3859375 0.4375 0.34375
0 0.5125 0 0.515625 0.0015625 0.4703125 0.046875 0.471875 0.040625 0.478125 0.0359375 0.4796875 0.03125 0.4859375 0.028125 0.4890625 0.021875 0.4953125 0.01875 0.5125 0.0015625
0 0.4484375 0.1875 0.45 0.1875 0.45 0.2078125 0.446875 0.2359375 0.45 0.2375 0.45 0.240625 0.446875 0.2453125 0.4421875 0.24375 0.4421875 0.2375 0.446875 0.228125 0.4484375 0.1890625
4 0.834375 0.0703125 0.0375 0.0265625
4 0.46328125 0.0453125 0.046875 0.03125
3 0.665625 0.2765625 0.7328125 0.2828125 0.7984375 0.2859375 0.8171875 0.2890625 0.821875 0.2875 0.8234375 0.2890625 0.975 0.2984375 0.9703125 0.3640625 0.796875 0.353125 0.7515625 0.3484375 0.715625 0.3484375 0.70625 0.3453125 0.671875 0.3453125 0.6609375 0.3421875 0.665625 0.278125
3 0.715625 0.1234375 0.7609375 0.128125 0.8046875 0.1296875 0.80625 0.13125 0.825 0.1296875 0.828125 0.1328125 0.8359375 0.13125 0.85 0.134375 0.871875 0.1328125 0.8765625 0.1359375 0.946875 0.140625 0.94375 0.2015625 0.9390625 0.20625 0.9140625 0.2046875 0.9125 0.203125 0.8484375 0.2 0.8421875 0.196875 0.825 0.196875 0.8234375 0.1953125 0.803125 0.196875 0.7796875 0.19375 0.7140625 0.190625 0.7109375 0.1890625 0.7109375 0.171875 0.715625 0.125
3 0.2890625 0.39375 0.29375 0.3921875 0.3046875 0.3953125 0.3703125 0.3984375 0.415625 0.403125 0.428125 0.4015625 0.434375 0.4046875 0.4390625 0.403125 0.440625 0.4046875 0.58125 0.4140625 0.5796875 0.415625 0.58125 0.4359375 0.578125 0.4375 0.578125 0.4578125 0.5765625 0.459375 0.578125 0.4765625 0.575 0.4796875 0.56875 0.4796875 0.5671875 0.478125 0.284375 0.459375 0.2890625 0.3953125
3 0.2984375 0.2359375 0.3 0.2375 0.3078125 0.2359375 0.309375 0.2390625 0.353125 0.240625 0.3546875 0.2421875 0.371875 0.2421875 0.3734375 0.240625 0.3765625 0.24375 0.384375 0.2421875 0.3984375 0.2453125 0.4203125 0.24375 0.4234375 0.246875 0.440625 0.2453125 0.44375 0.2484375 0.4609375 0.246875 0.465625 0.25 0.471875 0.2484375 0.5109375 0.253125 0.5265625 0.2515625 0.5328125 0.2546875 0.553125 0.2546875 0.5546875 0.25625 0.56875 0.2546875 0.578125 0.2578125 0.603125 0.259375 0.596875 0.353125 0.5296875 0.3484375 0.528125 0.346875 0.30625 0.3328125 0.3046875 0.33125 0.2828125 0.33125 0.2796875 0.3234375 0.28125 0.321875 0.28125 0.296875 0.284375 0.290625 0.284375 0.2546875 0.2875 0.2390625 0.2921875 0.2359375 0.296875 0.2359375
3 0.3359375 0.08125 0.359375 0.084375 0.446875 0.0890625 0.453125 0.0921875 0.4703125 0.090625 0.471875 0.0921875 0.6140625 0.1015625 0.609375 0.190625 0.60625 0.196875 0.4671875 0.1875 0.4515625 0.184375 0.4453125 0.1859375 0.44375 0.184375 0.2921875 0.175 0.290625 0.1578125 0.2921875 0.1421875 0.2953125 0.134375 0.29375 0.1125 0.2984375 0.0890625 0.296875 0.084375 0.3 0.0796875 0.334375 0.08125