3 0.0609375 0.834375 0.0625 0.8359375 0.1640625 0.8359375 0.165625 0.834375 0.1734375 0.8359375 0.303125 0.834375 0.309375 0.8359375 0.309375 0.9078125 0.2171875 0.9078125 0.215625 0.909375 0.2046875 0.9078125 0.1703125 0.9078125 0.16875 0.909375 0.165625 0.9078125 0.1578125 0.909375 0.0515625 0.9078125 0.04375 0.909375 0.0421875 0.9078125 0.0421875 0.8359375 0.059375 0.8359375
3 0.0375 0.69375 0.1734375 0.69375 0.175 0.6953125 0.1796875 0.69375 0.3140625 0.69375 0.315625 0.6953125 0.315625 0.7640625 0.3140625 0.7671875 0.1796875 0.7671875 0.178125 0.765625 0.175 0.7671875 0.0390625 0.7671875 0.0375 0.765625 0.0375 0.6953125
3 0.6328125 0.69375 0.634375 0.6953125 0.634375 0.765625 0.6328125 0.7671875 0.5140625 0.7671875 0.5125 0.765625 0.509375 0.7671875 0.3859375 0.7671875 0.384375 0.7640625 0.384375 0.6953125 0.3859375 0.69375 0.50625 0.69375 0.5078125 0.6953125 0.63125 0.69375
3 0.3140625 0.1765625 0.315625 0.178125 0.325 0.1765625 0.33125 0.178125 0.3328125 0.1765625 0.340625 0.178125 0.346875 0.1765625 0.3515625 0.178125 0.4578125 0.178125 0.4578125 0.25 0.45625 0.2515625 0.3515625 0.2515625 0.35 0.25 0.2296875 0.2515625 0.2265625 0.2484375 0.2265625 0.1875 0.228125 0.1859375 0.2265625 0.1796875 0.228125 0.178125 0.3125 0.178125
3 0.3890625 0.834375 0.390625 0.8359375 0.4984375 0.8359375 0.5 0.834375 0.50625 0.8359375 0.6078125 0.8359375 0.609375 0.834375 0.6390625 0.8359375 0.6390625 0.9078125 0.6203125 0.9078125 0.61875 0.909375 0.3796875 0.9078125 0.3796875 0.8921875 0.378125 0.890625 0.3796875 0.8890625 0.3796875 0.8359375 0.3875 0.834375
3 0.23125 0.034375 0.2328125 0.0359375 0.240625 0.034375 0.2625 0.034375 0.2640625 0.0359375 0.2859375 0.0359375 0.2875 0.034375 0.2953125 0.0359375 0.3171875 0.0359375 0.31875 0.034375 0.4484375 0.0359375 0.45 0.034375 0.4671875 0.034375 0.471875 0.0390625 0.4703125 0.05 0.471875 0.1046875 0.4703125 0.1078125 0.465625 0.109375 0.45 0.1078125 0.4453125 0.109375 0.4328125 0.1078125 0.4265625 0.109375 0.421875 0.1078125 0.4 0.1078125 0.3984375 0.109375 0.3921875 0.1078125 0.3828125 0.109375 0.38125 0.1078125 0.375 0.109375 0.3671875 0.1078125 0.3515625 0.1078125 0.35 0.109375 0.3453125 0.1078125 0.3296875 0.109375 0.325 0.1078125 0.29375 0.1078125 0.2921875 0.109375 0.2265625 0.1078125 0.2234375 0.109375 0.2140625 0.1078125 0.2140625 0.0375 0.221875 0.034375 0.2296875 0.034375
2 0.3390625 0.3234375 0.3453125 0.3203125 0.478125 0.453125 0.478125 0.4578125 0.3453125 0.590625 0.3421875 0.590625 0.209375 0.4578125 0.209375 0.453125 0.3390625 0.325
0 0.175 0.76875 0.178125 0.76875 0.1765625 0.775 0.178125 0.778125 0.1765625 0.78125 0.178125 0.81875 0.1765625 0.8203125 0.18125 0.825 0.1765625 0.834375 0.171875 0.8296875 0.171875 0.8234375 0.175 0.821875 0.175 0.7703125
0 0.4078125 0.5296875 0.4109375 0.5296875 0.446875 0.571875 0.4546875 0.578125 0.45625 0.5828125 0.4671875 0.59375 0.4859375 0.61875 0.490625 0.6265625 0.4875 0.6265625 0.4765625 0.6140625 0.4671875 0.5984375 0.409375 0.53125
0 0.5078125 0.76875 0.5109375 0.76875 0.5109375 0.815625 0.5125 0.8171875 0.5109375 0.821875 0.5140625 0.825 0.5109375 0.834375 0.5078125 0.834375 0.5046875 0.825 0.5078125 0.821875 0.5078125 0.78125 0.509375 0.7796875 0.5078125 0.7703125
0 0.175 0.9109375 0.178125 0.9125 0.178125 0.928125 0.1859375 0.940625 0.19375 0.9484375 0.2078125 0.95625 0.209375 0.959375 0.23125 0.9703125 0.2359375 0.96875 0.2390625 0.971875 0.2390625 0.9765625 0.2359375 0.975 0.23125 0.9765625 0.2203125 0.9671875 0.1953125 0.953125 0.18125 0.9390625 0.175 0.9234375 0.175 0.9125
0 0.3421875 0.2515625 0.34375 0.253125 0.34375 0.29375 0.3453125 0.30625 0.3484375 0.309375 0.3453125 0.31875 0.3421875 0.31875 0.3390625 0.3125 0.3390625 0.3078125 0.3421875 0.30625 0.3421875 0.253125
0 0.3421875 0.109375 0.34375 0.1109375 0.34375 0.1546875 0.3453125 0.15625 0.3421875 0.1625 0.3484375 0.1671875 0.3421875 0.1765625 0.3390625 0.171875 0.3390625 0.165625 0.3421875 0.1640625 0.3421875 0.1109375
0 0.509375 0.9109375 0.509375 0.928125 0.5046875 0.9390625 0.48125 0.959375 0.4640625 0.9671875 0.453125 0.9765625 0.4453125 0.9765625 0.4453125 0.975 0.45 0.96875 0.4625 0.9671875 0.48125 0.95625 0.4828125 0.953125 0.496875 0.94375 0.5078125 0.9265625 0.5078125 0.9125
0 0.2796875 0.5296875 0.2796875 0.5328125 0.25625 0.5546875 0.2203125 0.596875 0.2015625 0.6234375 0.196875 0.6265625 0.1953125 0.6265625 0.1984375 0.6203125 0.2015625 0.61875 0.203125 0.6140625 0.2171875 0.5984375 0.21875 0.59375 0.2234375 0.590625 0.2265625 0.584375 0.2328125 0.5796875 0.265625 0.540625 0.278125 0.5296875
4 0.17734375 0.6421875 0.059375 0.034375
4 0.509375 0.640625 0.0671875 0.03125