3 0.6375 0.4296875 0.64375 0.496875 0.6421875 0.5078125 0.4359375 0.521875 0.434375 0.5234375 0.390625 0.525 0.3890625 0.5265625 0.3796875 0.525 0.3765625 0.4609375 0.375 0.459375 0.3765625 0.446875 0.453125 0.44375 0.4625 0.440625 0.46875 0.4421875 0.4765625 0.4390625 0.5078125 0.440625 0.509375 0.4375 0.5203125 0.4390625 0.565625 0.434375 0.609375 0.4328125 0.6125 0.4296875 0.615625 0.43125 0.6328125 0.428125 0.6359375 0.4296875
3 0.628125 0.6671875 0.63125 0.721875 0.621875 0.7203125 0.5984375 0.725 0.5765625 0.725 0.575 0.7265625 0.55625 0.7265625 0.5546875 0.725 0.5515625 0.728125 0.54375 0.7265625 0.5328125 0.7265625 0.5203125 0.7296875 0.509375 0.728125 0.50625 0.73125 0.5046875 0.7296875 0.496875 0.73125 0.4875 0.7296875 0.4796875 0.7328125 0.4421875 0.734375 0.440625 0.7359375 0.4234375 0.7359375 0.4203125 0.7328125 0.421875 0.728125 0.4171875 0.6828125 0.41875 0.68125 0.6265625 0.6671875
3 0.8625 0.4125 0.878125 0.4140625 0.8796875 0.4125 0.9 0.4125 0.909375 0.409375 0.921875 0.4109375 0.953125 0.4078125 0.9578125 0.4859375 0.8375 0.49375 0.8171875 0.496875 0.7265625 0.5015625 0.725 0.503125 0.703125 0.503125 0.7015625 0.5046875 0.6953125 0.503125 0.69375 0.49375 0.690625 0.4265625 0.721875 0.421875 0.74375 0.4234375 0.7453125 0.421875 0.7875 0.4203125 0.8 0.4171875 0.8109375 0.41875 0.8140625 0.415625 0.8234375 0.4171875 0.834375 0.4140625 0.8421875 0.415625 0.8609375 0.4125
3 0.7078125 0.021875 0.7109375 0.025 0.7109375 0.0390625 0.7140625 0.0453125 0.7140625 0.0765625 0.665625 0.08125 0.64375 0.08125 0.6390625 0.084375 0.621875 0.0828125 0.6140625 0.0859375 0.6 0.084375 0.5984375 0.0859375 0.565625 0.0875 0.5625 0.071875 0.5609375 0.034375 0.575 0.03125 0.5859375 0.0328125 0.596875 0.0296875 0.70625 0.0234375
3 0.5984375 0.5625 0.603125 0.609375 0.6015625 0.6171875 0.4390625 0.628125 0.4375 0.6296875 0.4359375 0.6296875 0.434375 0.59375 0.4328125 0.5921875 0.4328125 0.575 0.4359375 0.5734375 0.4578125 0.5734375 0.459375 0.571875 0.596875 0.5625
2 0.6453125 0.1359375 0.6765625 0.1625 0.6859375 0.1734375 0.6890625 0.1734375 0.7078125 0.1921875 0.7125 0.19375 0.7578125 0.234375 0.7578125 0.2375 0.7484375 0.25 0.71875 0.28125 0.715625 0.2875 0.709375 0.2921875 0.709375 0.2953125 0.696875 0.30625 0.6875 0.3203125 0.6765625 0.3296875 0.66875 0.3390625 0.66875 0.3421875 0.659375 0.35 0.653125 0.3484375 0.6203125 0.3171875 0.6171875 0.3171875 0.6078125 0.30625 0.603125 0.3046875 0.6 0.3 0.5921875 0.2953125 0.5421875 0.2515625 0.5421875 0.2484375 0.5640625 0.225 0.5640625 0.221875 0.575 0.2125 0.621875 0.15625 0.6265625 0.153125 0.6296875 0.146875 0.6390625 0.1375 0.64375 0.1375
2 0.528125 0.78125 0.534375 0.7828125 0.5546875 0.803125 0.55625 0.8015625 0.565625 0.8125 0.56875 0.8125 0.578125 0.8234375 0.58125 0.8234375 0.590625 0.834375 0.59375 0.834375 0.6 0.8421875 0.6046875 0.84375 0.6125 0.853125 0.61875 0.85625 0.625 0.8640625 0.625 0.8671875 0.5859375 0.909375 0.5828125 0.915625 0.553125 0.95 0.546875 0.95625 0.5375 0.9578125 0.528125 0.946875 0.525 0.946875 0.51875 0.9390625 0.5140625 0.9375 0.5078125 0.9296875 0.5015625 0.9265625 0.4828125 0.9078125 0.478125 0.90625 0.471875 0.8984375 0.4671875 0.896875 0.446875 0.8765625 0.459375 0.859375 0.46875 0.8515625 0.4703125 0.846875 0.4796875 0.8390625 0.48125 0.834375 0.5 0.815625 0.5 0.8125 0.5109375 0.803125 0.5109375 0.8 0.528125 0.7828125
4 0.81875 0.378125 0.028125 0.0203125
4 0.5046875 0.4015625 0.021875 0.021875
0 0.6421875 0.10859375 0.0171875 0.0546875
0 0.76953125 0.353125 0.1171875 0.140625
0 0.5515625 0.3671875 0.11875 0.140625
0 0.515625 0.54296875 0.01875 0.0515625
0 0.521875 0.64765625 0.015625 0.0515625
0 0.5296875 0.7546875 0.01875 0.053125