4 0.33984375 0.253125 0.0390625 0.0234375
4 0.628125 0.2484375 0.0421875 0.025
0 0.4796875 0.0015625 0.48125 0.0015625 0.48125 0.0203125 0.484375 0.025 0.4828125 0.03125 0.4796875 0.03125 0.478125 0.028125 0.4796875 0.003125
0 0.34375 0.3578125 0.3453125 0.359375 0.34375 0.3609375 0.3453125 0.4109375 0.3484375 0.4140625 0.3484375 0.41875 0.34375 0.4203125 0.340625 0.4140625 0.34375 0.409375 0.3421875 0.4046875 0.3421875 0.3859375 0.34375 0.384375 0.3421875 0.359375
0 0.434375 0.165625 0.434375 0.1703125 0.4109375 0.190625 0.371875 0.2296875 0.3609375 0.246875 0.35625 0.25 0.35625 0.2453125 0.365625 0.2359375 0.36875 0.2296875 0.409375 0.190625 0.409375 0.1875 0.415625 0.184375 0.4328125 0.1671875
0 0.534375 0.1640625 0.5640625 0.19375 0.584375 0.209375 0.615625 0.2421875 0.6171875 0.2546875 0.6265625 0.2609375 0.628125 0.2765625 0.63125 0.278125 0.6296875 0.2828125 0.628125 0.284375 0.625 0.2828125 0.6265625 0.2703125 0.625 0.2640625 0.6171875 0.25625 0.6171875 0.2484375 0.5875 0.215625 0.534375 0.1703125 0.5328125 0.165625
0 0.628125 0.365625 0.6296875 0.365625 0.6296875 0.4046875 0.634375 0.409375 0.6328125 0.4140625 0.628125 0.4140625 0.6265625 0.4109375 0.6296875 0.4015625 0.628125 0.3671875
2 0.4765625 0.0359375 0.484375 0.034375 0.571875 0.11875 0.56875 0.1265625 0.5015625 0.19375 0.4890625 0.209375 0.4859375 0.2109375 0.4796875 0.209375 0.4296875 0.1578125 0.4234375 0.1546875 0.39375 0.125 0.39375 0.121875 0.4078125 0.109375 0.4125 0.1015625 0.4765625 0.0375
3 0.74375 0.4140625 0.746875 0.4171875 0.746875 0.4671875 0.7421875 0.4703125 0.7203125 0.46875 0.71875 0.4703125 0.68125 0.4703125 0.6796875 0.471875 0.5921875 0.471875 0.590625 0.4734375 0.5703125 0.4734375 0.56875 0.471875 0.559375 0.4734375 0.521875 0.471875 0.51875 0.4734375 0.515625 0.471875 0.515625 0.4171875 0.5875 0.4171875 0.5890625 0.415625 0.628125 0.415625 0.6296875 0.4171875 0.6421875 0.415625 0.64375 0.4171875 0.6453125 0.415625 0.6765625 0.415625 0.678125 0.4140625 0.7421875 0.4140625
3 0.4625 0.41875 0.4640625 0.4203125 0.4640625 0.471875 0.459375 0.475 0.4578125 0.4734375 0.4375 0.4734375 0.4359375 0.475 0.421875 0.4734375 0.4109375 0.4765625 0.3328125 0.475 0.321875 0.478125 0.25625 0.478125 0.2546875 0.4765625 0.253125 0.478125 0.25 0.4765625 0.23125 0.478125 0.228125 0.4765625 0.2265625 0.475 0.228125 0.471875 0.228125 0.4234375 0.23125 0.421875 0.31875 0.421875 0.3203125 0.4203125 0.346875 0.421875 0.3484375 0.4203125 0.4609375 0.41875
3 0.3390625 0.3015625 0.340625 0.303125 0.4328125 0.3015625 0.434375 0.3546875 0.4109375 0.3578125 0.3265625 0.35625 0.3046875 0.359375 0.2984375 0.3578125 0.2765625 0.3578125 0.275 0.359375 0.2609375 0.3578125 0.2578125 0.359375 0.2546875 0.3578125 0.253125 0.3046875 0.3171875 0.3046875 0.3375 0.3015625
3 0.62734375 0.32421875 0.265625 0.0859375