4 0.34453125 0.25 0.03828125 0.0234375
4 0.6328125 0.25078125 0.04140625 0.025
0 0.4875 0 0.4890625 0 0.4890625 0.01875 0.4921875 0.0234375 0.490625 0.0296875 0.4875 0.0296875 0.4859375 0.0265625 0.4875 0.0015625
0 0.3453125 0.3546875 0.346875 0.35625 0.3453125 0.3578125 0.346875 0.3640625 0.346875 0.403125 0.3453125 0.4046875 0.35 0.4109375 0.3484375 0.415625 0.3453125 0.4171875 0.3421875 0.4125 0.3453125 0.4046875 0.34375 0.4015625 0.34375 0.3828125 0.3453125 0.38125 0.34375 0.35625
0 0.4390625 0.1640625 0.4390625 0.16875 0.40625 0.196875 0.3734375 0.2296875 0.371875 0.234375 0.359375 0.246875 0.359375 0.2421875 0.3734375 0.2265625 0.4140625 0.1859375 0.4203125 0.1828125 0.4375 0.165625
0 0.5390625 0.1640625 0.5484375 0.175 0.58125 0.203125 0.61875 0.2421875 0.6203125 0.25625 0.6296875 0.2625 0.63125 0.278125 0.634375 0.2796875 0.6328125 0.284375 0.63125 0.2859375 0.628125 0.284375 0.6296875 0.278125 0.628125 0.265625 0.6203125 0.2578125 0.6203125 0.25 0.609375 0.2359375 0.5828125 0.2078125 0.5390625 0.1703125 0.5375 0.165625
0 0.6296875 0.3671875 0.63125 0.3671875 0.63125 0.40625 0.634375 0.409375 0.6328125 0.415625 0.628125 0.415625 0.628125 0.4078125 0.63125 0.403125 0.6296875 0.36875
2 0.490625 0.0328125 0.578125 0.1203125 0.575 0.1265625 0.490625 0.209375 0.484375 0.2078125 0.4 0.1234375 0.4 0.11875 0.484375 0.034375 0.4890625 0.0328125
3 0.515625 0.4171875 0.628125 0.4171875 0.6296875 0.41875 0.6328125 0.4171875 0.64375 0.41875 0.6453125 0.4171875 0.74375 0.4171875 0.746875 0.4203125 0.746875 0.4703125 0.7421875 0.4734375 0.734375 0.471875 0.71875 0.4734375 0.521875 0.471875 0.51875 0.4734375 0.515625 0.471875 0.515625 0.41875
3 0.2265625 0.4703125 0.228125 0.465625 0.228125 0.41875 0.2296875 0.4171875 0.340625 0.4171875 0.3421875 0.41875 0.3484375 0.4171875 0.4625 0.4171875 0.4640625 0.41875 0.4640625 0.4703125 0.459375 0.4734375 0.4578125 0.471875 0.4375 0.471875 0.4359375 0.4734375 0.4234375 0.471875 0.41875 0.4734375 0.3890625 0.4734375 0.3875 0.471875 0.3828125 0.4734375 0.3671875 0.4734375 0.365625 0.471875 0.3640625 0.4734375 0.35625 0.471875 0.25625 0.4734375 0.2546875 0.471875 0.2515625 0.4734375 0.228125 0.4703125
3 0.3421875 0.2984375 0.34375 0.3 0.4359375 0.3 0.4359375 0.353125 0.4328125 0.3546875 0.34375 0.3546875 0.3421875 0.353125 0.3265625 0.3546875 0.321875 0.353125 0.30625 0.3546875 0.2625 0.353125 0.259375 0.3546875 0.25625 0.353125 0.25625 0.3 0.3375 0.3 0.340625 0.2984375
3 0.63046875 0.3265625 0.26484375 0.08125