3 0.5515625 0.146875 0.553125 0.1484375 0.596875 0.1484375 0.6125 0.1515625 0.6234375 0.15 0.6421875 0.153125 0.6859375 0.1515625 0.70625 0.1546875 0.70625 0.190625 0.703125 0.2 0.640625 0.1984375 0.61875 0.1953125 0.6046875 0.196875 0.59375 0.19375 0.5859375 0.1953125 0.525 0.19375 0.521875 0.1890625 0.525 0.1828125 0.5234375 0.15 0.5265625 0.146875 0.55 0.146875
3 0.584375 0.825 0.5859375 0.8265625 0.6734375 0.828125 0.7046875 0.83125 0.7078125 0.8296875 0.7484375 0.83125 0.75 0.8328125 0.75 0.8625 0.746875 0.8765625 0.6734375 0.875 0.671875 0.8734375 0.6296875 0.8734375 0.628125 0.875 0.621875 0.871875 0.5734375 0.8703125 0.571875 0.86875 0.5734375 0.8265625 0.5828125 0.825
3 0.38125 0.3390625 0.459375 0.340625 0.4734375 0.34375 0.475 0.3421875 0.4890625 0.34375 0.503125 0.3421875 0.5046875 0.34375 0.59375 0.3453125 0.6015625 0.3484375 0.6 0.4109375 0.5984375 0.4125 0.546875 0.4109375 0.528125 0.4078125 0.503125 0.409375 0.5015625 0.4078125 0.4125 0.40625 0.4109375 0.4046875 0.3796875 0.4046875 0.38125 0.340625
3 0.31875 0.4640625 0.3234375 0.4671875 0.3265625 0.465625 0.3296875 0.4671875 0.3671875 0.4671875 0.36875 0.46875 0.3984375 0.4671875 0.4140625 0.4703125 0.4375 0.46875 0.4578125 0.471875 0.525 0.4734375 0.5265625 0.48125 0.525 0.5375 0.5203125 0.5390625 0.4890625 0.5359375 0.484375 0.5375 0.4578125 0.5359375 0.4546875 0.5375 0.4484375 0.534375 0.44375 0.5359375 0.4421875 0.534375 0.4109375 0.534375 0.409375 0.5328125 0.365625 0.534375 0.3625 0.53125 0.3609375 0.5328125 0.353125 0.53125 0.3265625 0.5328125 0.3203125 0.5296875 0.3046875 0.5296875 0.30625 0.465625 0.3171875 0.4640625
3 0.0484375 0.796875 0.05 0.7984375 0.0921875 0.7984375 0.09375 0.8 0.1375 0.8 0.1390625 0.8015625 0.1828125 0.8015625 0.184375 0.803125 0.234375 0.8046875 0.2359375 0.80625 0.234375 0.8546875 0.2328125 0.86875 0.2296875 0.8703125 0.18125 0.86875 0.1625 0.865625 0.1359375 0.8671875 0.134375 0.865625 0.046875 0.8640625 0.0453125 0.8625 0.0125 0.8609375 0.015625 0.7984375 0.0171875 0.796875 0.046875 0.796875
3 0.6390625 0.2390625 0.640625 0.240625 0.721875 0.2421875 0.7203125 0.3046875 0.7078125 0.3078125 0.70625 0.30625 0.6921875 0.3078125 0.640625 0.30625 0.6375 0.303125 0.609375 0.3046875 0.5921875 0.3015625 0.5484375 0.3015625 0.546875 0.3 0.5046875 0.3 0.5015625 0.2984375 0.5 0.296875 0.5 0.2765625 0.5015625 0.275 0.5015625 0.2359375 0.503125 0.234375 0.50625 0.2359375 0.6375 0.2390625
3 0.553125 0.0390625 0.5546875 0.040625 0.659375 0.04375 0.6578125 0.1 0.6546875 0.109375 0.6015625 0.1078125 0.5953125 0.1046875 0.59375 0.10625 0.553125 0.10625 0.5515625 0.1046875 0.4390625 0.1015625 0.4359375 0.096875 0.4375 0.0953125 0.4375 0.0515625 0.440625 0.0359375 0.5515625 0.0390625
2 0.3984375 0.609375 0.4078125 0.6015625 0.415625 0.6 0.425 0.6125 0.434375 0.621875 0.4390625 0.6234375 0.440625 0.628125 0.446875 0.6328125 0.4703125 0.6609375 0.4765625 0.6640625 0.484375 0.6734375 0.44375 0.7140625 0.4390625 0.715625 0.4265625 0.7296875 0.421875 0.73125 0.4109375 0.7453125 0.4046875 0.74375 0.3859375 0.725 0.384375 0.7203125 0.3640625 0.7015625 0.3640625 0.6984375 0.353125 0.6890625 0.3375 0.6703125 0.3375 0.6671875 0.3453125 0.659375 0.3984375 0.6109375
0 0.2375 0.74375 0.2375 0.125
0 0.1703125 0.9203125 0.1109375 0.109375
0 0.6703125 0.9171875 0.0359375 0.0859375
0 0.434375 0.6984375 0.259375 0.59375
0 0.56171875 0.76015625 0.215625 0.1328125
0 0.41328125 0.565625 0.0125 0.065625
0 0.43359375 0.43671875 0.040625 0.0640625
0 0.51328125 0.3203125 0.053125 0.0453125
0 0.61328125 0.21640625 0.0109375 0.04375
0 0.60390625 0.12890625 0.034375 0.0421875
0 0.34609375 0.51328125 0.18125 0.8640625
0 0.7484375 0.63203125 0.1078125 0.6625
4 0.1265625 0.76875 0.015625 0.0140625
4 0.6625 0.7859375 0.0234375 0.0171875
4 0.54921875 0.6765625 0.021875 0.015625
4 0.78828125 0.5796875 0.0171875 0.015625
4 0.278125 0.43359375 0.015625 0.0171875