3 0.5984375 0.1453125 0.6 0.146875 0.60625 0.1453125 0.6125 0.146875 0.6890625 0.1453125 0.69375 0.146875 0.69375 0.1890625 0.6921875 0.1921875 0.609375 0.1921875 0.6078125 0.190625 0.5140625 0.1921875 0.5109375 0.1890625 0.5125 0.1828125 0.5109375 0.1484375 0.5140625 0.1453125 0.596875 0.1453125
3 0.7140625 0.821875 0.715625 0.8234375 0.71875 0.821875 0.759375 0.821875 0.7609375 0.8234375 0.7609375 0.865625 0.759375 0.8671875 0.6421875 0.8671875 0.640625 0.86875 0.5859375 0.8671875 0.584375 0.865625 0.584375 0.8234375 0.5859375 0.821875 0.7125 0.821875
3 0.375 0.3421875 0.465625 0.3421875 0.4671875 0.34375 0.46875 0.3421875 0.4828125 0.34375 0.484375 0.3421875 0.5921875 0.3421875 0.5953125 0.34375 0.5953125 0.4078125 0.525 0.4078125 0.5234375 0.40625 0.5140625 0.4078125 0.375 0.4078125 0.375 0.34375
3 0.3171875 0.4703125 0.31875 0.471875 0.325 0.4703125 0.3265625 0.471875 0.3921875 0.471875 0.39375 0.4703125 0.3984375 0.471875 0.415625 0.471875 0.4171875 0.4703125 0.425 0.471875 0.4328125 0.4703125 0.4375 0.471875 0.5234375 0.471875 0.525 0.5359375 0.5203125 0.5375 0.509375 0.5359375 0.5 0.5375 0.4890625 0.5359375 0.484375 0.5375 0.4796875 0.5359375 0.459375 0.5359375 0.4578125 0.5375 0.45 0.5359375 0.44375 0.5375 0.4421875 0.5359375 0.3859375 0.5359375 0.384375 0.5375 0.3046875 0.5359375 0.3046875 0.471875 0.315625 0.4703125
3 0.025 0.8765625 0.025 0.8140625 0.0265625 0.8125 0.24375 0.8125 0.2453125 0.8140625 0.2453125 0.8765625 0.2421875 0.878125 0.1765625 0.878125 0.175 0.8765625 0.16875 0.878125 0.0296875 0.878125 0.0265625 0.8765625
3 0.4921875 0.234375 0.7125 0.234375 0.7125 0.296875 0.7 0.3 0.6984375 0.2984375 0.684375 0.3 0.49375 0.2984375 0.4921875 0.296875 0.4921875 0.2359375
3 0.6421875 0.0375 0.6421875 0.06875 0.64375 0.0703125 0.640625 0.103125 0.5859375 0.103125 0.584375 0.1015625 0.578125 0.103125 0.425 0.103125 0.421875 0.1 0.421875 0.0390625 0.4234375 0.0375 0.640625 0.0375
2 0.409375 0.6046875 0.4140625 0.6015625 0.41875 0.6015625 0.428125 0.6140625 0.4375 0.6234375 0.4421875 0.625 0.459375 0.6453125 0.4765625 0.6625 0.48125 0.6640625 0.4890625 0.6734375 0.475 0.6875 0.4734375 0.6921875 0.46875 0.69375 0.459375 0.703125 0.4578125 0.7078125 0.45 0.715625 0.4453125 0.7171875 0.434375 0.73125 0.428125 0.734375 0.4265625 0.7390625 0.41875 0.746875 0.4125 0.746875 0.3421875 0.675 0.3421875 0.671875 0.409375 0.60625
0 0.24609375 0.753125 0.2328125 0.1171875
0 0.18515625 0.93125 0.10703125 0.10546875
0 0.68515625 0.9109375 0.0328125 0.084375
0 0.44140625 0.70078125 0.2390625 0.58515625
0 0.57109375 0.7578125 0.2109375 0.125
0 0.415625 0.56875 0.0109375 0.06484375
0 0.43125 0.4390625 0.0390625 0.0625
0 0.50703125 0.3203125 0.05234375 0.04375
0 0.603125 0.2125 0.009375 0.04296875
0 0.590625 0.12578125 0.0328125 0.04140625
0 0.346875 0.51875 0.15078125 0.859375
0 0.753125 0.6234375 0.08515625 0.659375
4 0.1359375 0.78125 0.01484375 0.01328125
4 0.67265625 0.78046875 0.02265625 0.01640625
4 0.55546875 0.675 0.02109375 0.01484375
4 0.790625 0.56953125 0.0171875 0.015625
4 0.27578125 0.44140625 0.015625 0.01640625