3 0.303125 0.3703125 0.3046875 0.371875 0.325 0.371875 0.3296875 0.375 0.3703125 0.3765625 0.371875 0.378125 0.3921875 0.375 0.3984375 0.378125 0.409375 0.3796875 0.415625 0.378125 0.4390625 0.3828125 0.5046875 0.3859375 0.5078125 0.3890625 0.503125 0.43125 0.5015625 0.4296875 0.5 0.43125 0.48125 0.43125 0.4578125 0.428125 0.4359375 0.428125 0.4328125 0.425 0.4171875 0.4265625 0.3984375 0.4234375 0.3921875 0.425 0.3859375 0.421875 0.384375 0.4234375 0.346875 0.421875 0.3234375 0.4171875 0.3109375 0.41875 0.3015625 0.415625 0.290625 0.415625 0.2890625 0.4046875 0.2921875 0.3734375 0.3015625 0.3703125
3 0.1421875 0.6484375 0.2265625 0.653125 0.228125 0.6546875 0.2453125 0.6546875 0.246875 0.653125 0.25 0.65625 0.3609375 0.6625 0.3625 0.665625 0.3578125 0.728125 0.1796875 0.7171875 0.178125 0.715625 0.140625 0.7140625 0.1375 0.7109375 0.1390625 0.6671875 0.1421875 0.65
3 0.184375 0.5625 0.1859375 0.5640625 0.20625 0.5625 0.2078125 0.5640625 0.2296875 0.5640625 0.275 0.56875 0.296875 0.56875 0.3203125 0.5734375 0.35625 0.575 0.3546875 0.6078125 0.3515625 0.61875 0.184375 0.6078125 0.1828125 0.60625 0.1609375 0.60625 0.15625 0.603125 0.159375 0.5625 0.1609375 0.5609375 0.1828125 0.5625
3 0.134375 0.7578125 0.178125 0.759375 0.1796875 0.7609375 0.2453125 0.7640625 0.246875 0.765625 0.259375 0.7640625 0.26875 0.7671875 0.334375 0.7703125 0.3546875 0.7734375 0.35 0.8359375 0.3484375 0.8375 0.3328125 0.8375 0.309375 0.834375 0.1328125 0.8234375 0.1296875 0.8203125 0.1296875 0.8015625 0.134375 0.759375
3 0.0390625 0.3546875 0.0578125 0.353125 0.0921875 0.3578125 0.125 0.3578125 0.128125 0.3609375 0.153125 0.359375 0.1703125 0.3625 0.209375 0.3640625 0.215625 0.3671875 0.2484375 0.36875 0.2453125 0.4125 0.2359375 0.4140625 0.234375 0.4125 0.215625 0.4125 0.2109375 0.409375 0.190625 0.4109375 0.175 0.4078125 0.1703125 0.409375 0.1484375 0.4078125 0.1453125 0.4046875 0.1234375 0.40625 0.1171875 0.403125 0.1125 0.4046875 0.096875 0.4015625 0.0796875 0.403125 0.0390625 0.3984375 0.0359375 0.3953125 0.0375 0.39375 0.0390625 0.35625
3 0.3 0.459375 0.3015625 0.4609375 0.3375 0.4625 0.346875 0.465625 0.3484375 0.4640625 0.3515625 0.465625 0.3671875 0.4640625 0.3765625 0.4671875 0.3890625 0.465625 0.39375 0.46875 0.4125 0.4671875 0.4140625 0.46875 0.5 0.4734375 0.5046875 0.4765625 0.5 0.5375 0.4859375 0.540625 0.4765625 0.5375 0.4546875 0.5375 0.453125 0.5359375 0.4328125 0.5375 0.43125 0.5359375 0.415625 0.5359375 0.409375 0.5328125 0.390625 0.534375 0.3859375 0.53125 0.28125 0.525 0.2796875 0.515625 0.28125 0.5140625 0.284375 0.4609375 0.2984375 0.459375
3 0.0375 0.453125 0.1203125 0.4578125 0.121875 0.459375 0.134375 0.4578125 0.1671875 0.4625 0.2328125 0.465625 0.2390625 0.46875 0.2375 0.4703125 0.2359375 0.509375 0.23125 0.5125 0.2296875 0.5109375 0.0359375 0.4984375 0.0328125 0.49375 0.0328125 0.4890625 0.0359375 0.4828125 0.0375 0.4546875
3 0.2265625 0.0109375 0.271875 0.015625 0.29375 0.015625 0.2953125 0.0171875 0.3125 0.0171875 0.3140625 0.015625 0.3171875 0.01875 0.4046875 0.0234375 0.4078125 0.0265625 0.4015625 0.0890625 0.184375 0.075 0.18125 0.0734375 0.18125 0.0640625 0.1828125 0.0625 0.1859375 0.0109375 0.1875 0.009375 0.225 0.0109375
3 0.128125 0.865625 0.175 0.8703125 0.21875 0.871875 0.2203125 0.8734375 0.2390625 0.8734375 0.240625 0.871875 0.246875 0.875 0.25 0.8734375 0.265625 0.8765625 0.2859375 0.875 0.346875 0.88125 0.34375 0.9421875 0.340625 0.946875 0.328125 0.946875 0.2609375 0.940625 0.2390625 0.940625 0.23125 0.9375 0.2171875 0.9390625 0.215625 0.9375 0.1234375 0.93125 0.121875 0.9296875 0.125 0.9078125 0.1234375 0.890625 0.1265625 0.8796875 0.125 0.8703125 0.128125 0.8671875
2 0.2890625 0.125 0.3125 0.153125 0.31875 0.1578125 0.31875 0.1609375 0.340625 0.1828125 0.340625 0.1859375 0.359375 0.2046875 0.3625 0.209375 0.3609375 0.2140625 0.2859375 0.2796875 0.28125 0.2828125 0.2765625 0.2828125 0.246875 0.25 0.2359375 0.234375 0.228125 0.228125 0.21875 0.2140625 0.20625 0.203125 0.20625 0.1984375 0.21875 0.1859375 0.2875 0.1265625
0 0.290625 0.10390625 0.0140625 0.04375
0 0.1890625 0.3 0.1015625 0.13125
0 0.3625 0.3125 0.1015625 0.13125
0 0.13828125 0.43125 0.0140625 0.053125
0 0.3953125 0.44453125 0.0140625 0.0421875
0 0.1609375 0.53359375 0.0703125 0.05625
0 0.35625 0.55078125 0.06875 0.0484375
0 0.253125 0.6328125 0.0125 0.0421875
0 0.24609375 0.7421875 0.015625 0.0421875
0 0.23828125 0.85078125 0.015625 0.04375
0 0.23046875 0.959375 0.0125 0.0421875
4 0.1453125 0.31875 0.125 0.025
4 0.40078125 0.33515625 0.121875 0.04375