3 0.6140625 0.3796875 0.63125 0.3828125 0.6328125 0.38125 0.6734375 0.38125 0.678125 0.378125 0.7109375 0.3796875 0.7140625 0.4078125 0.7125 0.4234375 0.69375 0.4234375 0.6921875 0.425 0.6796875 0.4234375 0.6671875 0.4265625 0.6359375 0.4265625 0.634375 0.428125 0.6046875 0.4265625 0.5890625 0.4296875 0.56875 0.428125 0.54375 0.43125 0.4984375 0.43125 0.4984375 0.4125 0.496875 0.4109375 0.496875 0.3875 0.4984375 0.3859375 0.578125 0.384375 0.5875 0.38125 0.5953125 0.3828125 0.6125 0.3796875
3 0.8515625 0.6609375 0.8546875 0.6734375 0.8546875 0.7171875 0.85625 0.71875 0.85625 0.721875 0.8515625 0.7265625 0.640625 0.7328125 0.6390625 0.734375 0.634375 0.7328125 0.6328125 0.721875 0.6328125 0.6796875 0.63125 0.678125 0.6328125 0.66875 0.68125 0.6671875 0.6828125 0.665625 0.7265625 0.665625 0.746875 0.6625 0.7703125 0.6640625 0.771875 0.6625 0.85 0.6609375
3 0.8328125 0.571875 0.8375 0.5734375 0.8390625 0.615625 0.815625 0.61875 0.64375 0.6234375 0.6421875 0.621875 0.640625 0.58125 0.6421875 0.5796875 0.6796875 0.5796875 0.6890625 0.5765625 0.725 0.5765625 0.7265625 0.575 0.83125 0.5734375
3 0.85625 0.7703125 0.8578125 0.7734375 0.8578125 0.80625 0.859375 0.8078125 0.859375 0.834375 0.85625 0.8359375 0.6421875 0.8421875 0.640625 0.84375 0.6375 0.840625 0.6359375 0.778125 0.6828125 0.7765625 0.684375 0.775 0.728125 0.775 0.73125 0.771875 0.734375 0.7734375 0.771875 0.7734375 0.7734375 0.771875 0.8546875 0.7703125
3 0.75625 0.378125 0.79375 0.3765625 0.8125 0.3734375 0.8484375 0.3734375 0.85 0.371875 0.878125 0.3734375 0.8796875 0.371875 0.9578125 0.36875 0.965625 0.3703125 0.965625 0.4015625 0.9671875 0.403125 0.965625 0.4140625 0.9546875 0.4140625 0.946875 0.4171875 0.9421875 0.415625 0.9390625 0.4171875 0.90625 0.415625 0.8953125 0.41875 0.859375 0.4171875 0.853125 0.4203125 0.828125 0.41875 0.8125 0.421875 0.7890625 0.4203125 0.7625 0.4234375 0.7578125 0.421875 0.75625 0.3796875
3 0.7140625 0.4671875 0.7171875 0.46875 0.7171875 0.4953125 0.71875 0.496875 0.71875 0.53125 0.7171875 0.5328125 0.6375 0.534375 0.6078125 0.5375 0.5921875 0.5359375 0.5828125 0.5390625 0.515625 0.5390625 0.5140625 0.540625 0.5109375 0.5390625 0.5015625 0.540625 0.4984375 0.5375 0.496875 0.4765625 0.5 0.4734375 0.54375 0.4734375 0.5453125 0.471875 0.5890625 0.471875 0.590625 0.4703125 0.625 0.471875 0.634375 0.46875 0.6625 0.4703125 0.6796875 0.4671875 0.7125 0.4671875
3 0.9640625 0.46875 0.9640625 0.490625 0.9671875 0.5046875 0.9671875 0.509375 0.9640625 0.5140625 0.771875 0.5203125 0.7703125 0.521875 0.7640625 0.5203125 0.7640625 0.4984375 0.7625 0.496875 0.7625 0.478125 0.76875 0.475 0.8125 0.475 0.8140625 0.4734375 0.853125 0.4734375 0.8546875 0.471875 0.85625 0.4734375 0.8671875 0.4703125 0.9015625 0.471875 0.903125 0.4703125 0.9625 0.46875
3 0.703125 0.0234375 0.7140625 0.025 0.715625 0.0234375 0.759375 0.0234375 0.7828125 0.0203125 0.7890625 0.021875 0.8296875 0.0203125 0.8328125 0.046875 0.8328125 0.084375 0.80625 0.0875 0.6140625 0.09375 0.6109375 0.0921875 0.609375 0.028125 0.7015625 0.025
3 0.796875 0.8796875 0.7984375 0.88125 0.859375 0.8796875 0.8609375 0.8828125 0.859375 0.8921875 0.8625 0.896875 0.8609375 0.934375 0.8640625 0.9421875 0.859375 0.9453125 0.778125 0.946875 0.7765625 0.9484375 0.753125 0.946875 0.7328125 0.95 0.6421875 0.9515625 0.6390625 0.8875 0.6453125 0.884375 0.684375 0.884375 0.6859375 0.8828125 0.7296875 0.884375 0.7359375 0.88125 0.7375 0.8828125 0.7421875 0.88125 0.7484375 0.8828125 0.7953125 0.88125
2 0.7234375 0.1328125 0.7828125 0.1875 0.8046875 0.2109375 0.790625 0.225 0.7890625 0.2296875 0.765625 0.2515625 0.765625 0.2546875 0.746875 0.275 0.73125 0.290625 0.7234375 0.2890625 0.646875 0.215625 0.721875 0.134375
0 0.7234375 0.11171875 0.0125 0.04375
0 0.81796875 0.3109375 0.0984375 0.128125
0 0.64375 0.3171875 0.0984375 0.1296875
0 0.8640625 0.44453125 0.0125 0.053125
0 0.60703125 0.4484375 0.0125 0.0421875
0 0.8375 0.5453125 0.06875 0.0546875
0 0.6421875 0.55625 0.0671875 0.0453125
0 0.7421875 0.64140625 0.0109375 0.0421875
0 0.7453125 0.75078125 0.0140625 0.0421875
0 0.74921875 0.859375 0.0140625 0.04375
0 0.753125 0.96875 0.0109375 0.0421875
4 0.8609375 0.33125 0.125 0.0203125
4 0.6046875 0.33828125 0.121875 0.040625