3 0.3875 0.3828125 0.4 0.3859375 0.40625 0.384375 0.4984375 0.3859375 0.4984375 0.4296875 0.49375 0.43125 0.284375 0.4296875 0.2828125 0.428125 0.2828125 0.3875 0.284375 0.3859375 0.290625 0.384375 0.3640625 0.3859375 0.3859375 0.3828125
3 0.153125 0.671875 0.2546875 0.671875 0.2578125 0.6703125 0.259375 0.671875 0.371875 0.671875 0.3734375 0.6734375 0.3734375 0.7359375 0.371875 0.7375 0.1546875 0.7375 0.1515625 0.734375 0.1515625 0.675 0.153125 0.6734375
3 0.16875 0.5828125 0.1703125 0.584375 0.2046875 0.584375 0.20625 0.5828125 0.3609375 0.584375 0.3609375 0.6265625 0.359375 0.628125 0.165625 0.628125 0.1640625 0.6265625 0.1640625 0.584375 0.1671875 0.584375
3 0.278125 0.7796875 0.2796875 0.78125 0.371875 0.78125 0.3734375 0.7828125 0.3734375 0.8453125 0.371875 0.846875 0.1546875 0.846875 0.1515625 0.8453125 0.1515625 0.784375 0.153125 0.78125 0.2734375 0.78125 0.2765625 0.7796875
3 0.14375 0.3828125 0.1453125 0.384375 0.2390625 0.3859375 0.2390625 0.4296875 0.234375 0.43125 0.209375 0.43125 0.2078125 0.4296875 0.19375 0.43125 0.1703125 0.43125 0.16875 0.4296875 0.1640625 0.43125 0.1421875 0.43125 0.140625 0.4296875 0.0578125 0.43125 0.0546875 0.4296875 0.04375 0.43125 0.03125 0.4296875 0.0296875 0.428125 0.0296875 0.3859375 0.0375 0.384375 0.08125 0.384375 0.0828125 0.3859375 0.13125 0.384375 0.134375 0.3859375 0.1421875 0.3828125
3 0.334375 0.4734375 0.3359375 0.475 0.3453125 0.4734375 0.3484375 0.475 0.3515625 0.4734375 0.371875 0.4734375 0.3734375 0.475 0.384375 0.4734375 0.390625 0.475 0.39375 0.4734375 0.4984375 0.4734375 0.5015625 0.475 0.5015625 0.5375 0.4875 0.540625 0.4859375 0.5390625 0.453125 0.5390625 0.4515625 0.540625 0.2828125 0.5390625 0.28125 0.5375 0.28125 0.475 0.284375 0.4734375 0.3328125 0.4734375
3 0.13125 0.4828125 0.1328125 0.484375 0.14375 0.4828125 0.1453125 0.484375 0.234375 0.484375 0.2359375 0.4859375 0.2359375 0.528125 0.2328125 0.5296875 0.0359375 0.5296875 0.0328125 0.525 0.034375 0.484375 0.1234375 0.484375 0.1296875 0.4828125
3 0.2796875 0.0296875 0.28125 0.03125 0.3734375 0.03125 0.3734375 0.0953125 0.371875 0.096875 0.259375 0.096875 0.2578125 0.0984375 0.25625 0.096875 0.1546875 0.096875 0.1515625 0.0953125 0.1515625 0.0328125 0.153125 0.03125 0.19375 0.03125 0.1953125 0.0296875 0.2015625 0.03125 0.278125 0.03125
3 0.215625 0.8890625 0.2171875 0.890625 0.2640625 0.890625 0.265625 0.8890625 0.271875 0.890625 0.2765625 0.8890625 0.278125 0.890625 0.36875 0.8890625 0.3734375 0.890625 0.3734375 0.9546875 0.371875 0.95625 0.2640625 0.95625 0.2625 0.9546875 0.25625 0.95625 0.1546875 0.95625 0.1515625 0.9546875 0.153125 0.946875 0.1515625 0.9375 0.153125 0.8984375 0.1515625 0.89375 0.153125 0.890625 0.2140625 0.890625
2 0.275 0.1515625 0.3421875 0.2203125 0.265625 0.2984375 0.2609375 0.2984375 0.184375 0.2203125 0.234375 0.1671875 0.2625 0.140625 0.2734375 0.1515625
0 0.26328125 0.11953125 0.01171875 0.04296875
0 0.17578125 0.321875 0.09375 0.125
0 0.35 0.32265625 0.09375 0.12578125
0 0.134375 0.45703125 0.0109375 0.053125
0 0.39140625 0.45234375 0.01171875 0.0421875
0 0.1640625 0.55703125 0.06640625 0.05234375
0 0.36015625 0.5609375 0.065625 0.04375
0 0.26328125 0.65 0.01015625 0.0421875
0 0.26328125 0.759375 0.0125 0.04140625
0 0.26328125 0.86796875 0.0125 0.04296875
0 0.26328125 0.97734375 0.01015625 0.0421875
4 0.13359375 0.34375 0.12421875 0.015625
4 0.38984375 0.3421875 0.1203125 0.0359375