3 0.2890625 0.325 0.290625 0.3265625 0.3171875 0.3265625 0.3203125 0.3296875 0.3203125 0.4125 0.315625 0.415625 0.25625 0.415625 0.253125 0.4140625 0.2328125 0.4171875 0.14375 0.4171875 0.1421875 0.41875 0.0546875 0.41875 0.053125 0.4203125 0.04375 0.41875 0.0265625 0.4203125 0.021875 0.415625 0.021875 0.33125 0.05 0.33125 0.078125 0.328125 0.1390625 0.3296875 0.1625 0.3265625 0.1671875 0.328125 0.1734375 0.3265625 0.228125 0.328125 0.2484375 0.325 0.2515625 0.3265625 0.259375 0.325 0.284375 0.3265625 0.2875 0.325
3 0.290625 0.03125 0.2921875 0.0328125 0.2953125 0.03125 0.3125 0.0328125 0.3140625 0.0359375 0.315625 0.1453125 0.3125 0.1484375 0.23125 0.1484375 0.2296875 0.15 0.1953125 0.15 0.19375 0.1515625 0.1890625 0.15 0.184375 0.1515625 0.1828125 0.15 0.1796875 0.1515625 0.1421875 0.15 0.1109375 0.153125 0.109375 0.1515625 0.0515625 0.1515625 0.05 0.153125 0.0203125 0.153125 0.01875 0.1515625 0.0171875 0.146875 0.015625 0.0390625 0.0234375 0.0359375 0.04375 0.0375 0.0484375 0.034375 0.0703125 0.034375 0.071875 0.0359375 0.13125 0.034375 0.1359375 0.0359375 0.15625 0.0328125 0.159375 0.034375 0.1703125 0.0328125 0.2265625 0.034375 0.228125 0.0328125 0.2890625 0.03125
3 0.3234375 0.765625 0.3265625 0.7703125 0.328125 0.784375 0.3265625 0.7890625 0.328125 0.8421875 0.325 0.8546875 0.1484375 0.85625 0.1375 0.859375 0.1296875 0.8578125 0.03125 0.859375 0.0296875 0.8578125 0.0296875 0.775 0.028125 0.771875 0.053125 0.771875 0.0625 0.76875 0.065625 0.7703125 0.1421875 0.7703125 0.1703125 0.7671875 0.1859375 0.7671875 0.1875 0.76875 0.321875 0.7671875
3 0.16875 0.4734375 0.1703125 0.475 0.175 0.4734375 0.18125 0.475 0.3203125 0.4734375 0.321875 0.4796875 0.3203125 0.4875 0.3234375 0.5015625 0.321875 0.5140625 0.3234375 0.5578125 0.321875 0.5609375 0.265625 0.5609375 0.2640625 0.5625 0.240625 0.5609375 0.2328125 0.5640625 0.1453125 0.5625 0.1234375 0.565625 0.1171875 0.5640625 0.025 0.565625 0.0234375 0.478125 0.140625 0.4765625 0.1671875 0.4734375
3 0.1828125 0.6203125 0.184375 0.621875 0.321875 0.6203125 0.325 0.625 0.325 0.6515625 0.3234375 0.653125 0.325 0.675 0.3234375 0.6796875 0.3265625 0.6875 0.3265625 0.703125 0.3234375 0.7078125 0.3203125 0.709375 0.2734375 0.7078125 0.271875 0.709375 0.2359375 0.709375 0.234375 0.7109375 0.2296875 0.709375 0.2265625 0.7109375 0.1734375 0.709375 0.1453125 0.7125 0.1046875 0.7125 0.103125 0.7109375 0.1015625 0.7125 0.0578125 0.7125 0.05625 0.7140625 0.028125 0.7125 0.0265625 0.625 0.1421875 0.6234375 0.14375 0.621875 0.165625 0.621875 0.1671875 0.6203125 0.178125 0.621875 0.18125 0.6203125
3 0.234375 0.20625 0.2359375 0.2078125 0.2390625 0.20625 0.2890625 0.20625 0.290625 0.2078125 0.2921875 0.2671875 0.2890625 0.26875 0.053125 0.271875 0.0515625 0.2734375 0.0453125 0.271875 0.0453125 0.2390625 0.04375 0.2375 0.0453125 0.2125 0.05 0.209375 0.0703125 0.209375 0.071875 0.2109375 0.1375 0.209375 0.1390625 0.2078125 0.2203125 0.2078125 0.228125 0.209375 0.2328125 0.20625
3 0.1859375 0.9125 0.190625 0.915625 0.3234375 0.9140625 0.3265625 0.9125 0.3296875 0.915625 0.3296875 0.9484375 0.33125 0.95 0.33125 0.996875 0.3296875 0.9984375 0.0328125 0.9984375 0.0328125 0.9546875 0.03125 0.953125 0.03125 0.9203125 0.0328125 0.91875 0.14375 0.9171875 0.1453125 0.915625 0.1703125 0.915625 0.171875 0.9140625 0.184375 0.915625 0.1859375 0.9140625
0 0.171875 0.41875 0.1734375 0.4203125 0.1734375 0.4625 0.1765625 0.465625 0.171875 0.4734375 0.16875 0.4703125 0.16875 0.465625 0.171875 0.4625 0.171875 0.4203125
0 0.1671875 0.153125 0.16875 0.1546875 0.16875 0.19375 0.1671875 0.1953125 0.171875 0.2 0.16875 0.20625 0.165625 0.20625 0.1640625 0.203125 0.1640625 0.1984375 0.1671875 0.1953125 0.1671875 0.1546875
0 0.1734375 0.5640625 0.175 0.565625 0.1765625 0.609375 0.1796875 0.6125 0.1765625 0.6203125 0.171875 0.615625 0.171875 0.6109375 0.175 0.6078125 0.1734375 0.565625
0 0.1671875 0.271875 0.1703125 0.271875 0.1703125 0.315625 0.1734375 0.31875 0.1734375 0.3234375 0.16875 0.3265625 0.165625 0.321875 0.16875 0.3171875 0.16875 0.2734375
0 0.1765625 0.7125 0.178125 0.7125 0.178125 0.75625 0.18125 0.759375 0.178125 0.7671875 0.1734375 0.7625 0.1765625 0.75625 0.1765625 0.7140625
0 0.178125 0.859375 0.18125 0.8609375 0.18125 0.903125 0.184375 0.90625 0.18125 0.9140625 0.178125 0.9140625 0.1765625 0.909375 0.1765625 0.9046875 0.1796875 0.903125 0.1796875 0.8640625 0.178125 0.8609375