3 0.0953125 0.3203125 0.096875 0.321875 0.1078125 0.3203125 0.1234375 0.321875 0.1625 0.321875 0.1640625 0.3203125 0.1703125 0.321875 0.175 0.3203125 0.1828125 0.321875 0.2484375 0.321875 0.25 0.3203125 0.2546875 0.321875 0.2609375 0.3203125 0.265625 0.321875 0.2875 0.321875 0.2890625 0.3203125 0.31875 0.321875 0.321875 0.325 0.321875 0.4078125 0.3171875 0.4109375 0.2578125 0.4109375 0.25625 0.409375 0.2515625 0.4109375 0.0453125 0.4109375 0.04375 0.409375 0.0421875 0.4109375 0.0265625 0.4109375 0.0234375 0.4078125 0.0234375 0.3234375 0.025 0.321875 0.09375 0.3203125
3 0.034375 0.0265625 0.0359375 0.028125 0.0515625 0.028125 0.053125 0.0265625 0.078125 0.0265625 0.0796875 0.028125 0.090625 0.0265625 0.1375 0.0265625 0.1390625 0.028125 0.1625 0.028125 0.1640625 0.0265625 0.1671875 0.028125 0.178125 0.0265625 0.284375 0.028125 0.2984375 0.0265625 0.3015625 0.028125 0.3046875 0.0265625 0.31875 0.028125 0.321875 0.0328125 0.321875 0.1390625 0.31875 0.14375 0.2015625 0.14375 0.2 0.1453125 0.19375 0.14375 0.1890625 0.1453125 0.1875 0.14375 0.184375 0.1453125 0.175 0.14375 0.11875 0.14375 0.1171875 0.1453125 0.1140625 0.14375 0.025 0.14375 0.0234375 0.1421875 0.0234375 0.0296875 0.0328125 0.0265625
3 0.059375 0.7609375 0.0609375 0.7625 0.1625 0.7625 0.1640625 0.7609375 0.31875 0.7625 0.3203125 0.7640625 0.321875 0.7796875 0.3203125 0.7859375 0.321875 0.7921875 0.3203125 0.85 0.1328125 0.85 0.13125 0.8515625 0.121875 0.85 0.0234375 0.85 0.0234375 0.7625 0.0546875 0.7625 0.0578125 0.7609375
3 0.16875 0.4671875 0.1703125 0.46875 0.175 0.4671875 0.18125 0.46875 0.31875 0.46875 0.321875 0.4765625 0.3203125 0.4796875 0.321875 0.4859375 0.321875 0.509375 0.3203125 0.5109375 0.321875 0.5140625 0.321875 0.534375 0.3203125 0.5359375 0.321875 0.553125 0.3203125 0.55625 0.2640625 0.55625 0.2625 0.5578125 0.259375 0.55625 0.2390625 0.55625 0.2375 0.5578125 0.0234375 0.55625 0.0234375 0.46875 0.1609375 0.46875 0.1671875 0.4671875
3 0.1796875 0.6140625 0.18125 0.615625 0.31875 0.615625 0.321875 0.6203125 0.321875 0.646875 0.3203125 0.6484375 0.321875 0.653125 0.3203125 0.65625 0.321875 0.7 0.3171875 0.7046875 0.2734375 0.7046875 0.271875 0.703125 0.2671875 0.7046875 0.2265625 0.7046875 0.225 0.703125 0.2234375 0.7046875 0.178125 0.7046875 0.1765625 0.703125 0.1671875 0.7046875 0.1 0.7046875 0.0984375 0.703125 0.096875 0.7046875 0.028125 0.7046875 0.0234375 0.703125 0.0234375 0.615625 0.1625 0.615625 0.1640625 0.6140625 0.175 0.615625 0.178125 0.6140625
3 0.0484375 0.20625 0.0515625 0.2015625 0.075 0.2015625 0.0765625 0.203125 0.0953125 0.203125 0.096875 0.2015625 0.2234375 0.2015625 0.225 0.203125 0.29375 0.2015625 0.2953125 0.203125 0.2953125 0.2625 0.2921875 0.2640625 0.0515625 0.2640625 0.0484375 0.2625 0.05 0.2078125
3 0.178125 0.90625 0.1828125 0.909375 0.1984375 0.909375 0.2 0.9078125 0.2015625 0.909375 0.31875 0.909375 0.321875 0.9125 0.321875 0.99375 0.3203125 0.996875 0.3109375 0.9984375 0.25 0.9984375 0.2484375 0.996875 0.234375 0.9984375 0.23125 0.996875 0.2296875 0.9984375 0.2140625 0.996875 0.0296875 0.9984375 0.0234375 0.996875 0.0234375 0.9109375 0.025 0.909375 0.1625 0.909375 0.1640625 0.9078125 0.1765625 0.909375 0.178125 0.9078125
0 0.171875 0.4125 0.1734375 0.4125 0.1734375 0.45625 0.1765625 0.459375 0.171875 0.4671875 0.16875 0.4640625 0.16875 0.459375 0.171875 0.45625 0.171875 0.4140625
0 0.171875 0.146875 0.1734375 0.146875 0.1734375 0.1875 0.171875 0.1890625 0.1765625 0.19375 0.1734375 0.2 0.1703125 0.2 0.16875 0.196875 0.16875 0.1921875 0.171875 0.1890625 0.171875 0.1484375
0 0.171875 0.5578125 0.1734375 0.559375 0.1734375 0.603125 0.1765625 0.60625 0.1734375 0.6140625 0.16875 0.609375 0.16875 0.6046875 0.171875 0.6015625 0.171875 0.559375
0 0.1703125 0.265625 0.1734375 0.265625 0.1734375 0.309375 0.1765625 0.3125 0.171875 0.3203125 0.16875 0.315625 0.171875 0.309375 0.171875 0.2671875
0 0.171875 0.70625 0.1734375 0.70625 0.1734375 0.75 0.1765625 0.753125 0.1734375 0.7609375 0.16875 0.75625 0.171875 0.75 0.171875 0.7078125
0 0.171875 0.8515625 0.1734375 0.853125 0.1734375 0.896875 0.1765625 0.9 0.1734375 0.9078125 0.1703125 0.9078125 0.16875 0.903125 0.16875 0.8984375 0.171875 0.896875 0.171875 0.853125