3 0.0234375 0.1328125 0.025 0.134375 0.0296875 0.1328125 0.0421875 0.134375 0.084375 0.1328125 0.0875 0.1453125 0.0859375 0.1609375 0.084375 0.1625 0.053125 0.1625 0.0515625 0.1609375 0.0484375 0.1640625 0 0.1640625 0 0.140625 0.0078125 0.134375 0.021875 0.134375
3 0.3953125 0.1734375 0.396875 0.175 0.3953125 0.203125 0.321875 0.203125 0.3203125 0.2046875 0.3109375 0.2046875 0.3078125 0.2015625 0.3078125 0.190625 0.31875 0.178125 0.3265625 0.1734375 0.39375 0.1734375
3 0.390625 0.209375 0.396875 0.2109375 0.396875 0.2375 0.39375 0.240625 0.3921875 0.2390625 0.3109375 0.240625 0.3078125 0.234375 0.3078125 0.228125 0.33125 0.209375 0.3890625 0.209375
3 0.5875 0.20625 0.5890625 0.234375 0.5859375 0.2375 0.5796875 0.2359375 0.5546875 0.2359375 0.553125 0.2375 0.5515625 0.2359375 0.5421875 0.2375 0.5015625 0.2359375 0.5 0.2328125 0.5015625 0.221875 0.51875 0.20625 0.5859375 0.20625
3 0.071875 0.259375 0.0765625 0.2609375 0.0796875 0.265625 0.0796875 0.3125 0.0734375 0.31875 0.053125 0.31875 0.0515625 0.3203125 0 0.3203125 0 0.2609375 0.0703125 0.259375
3 0.2796875 0.25625 0.2859375 0.2625 0.2875 0.3 0.284375 0.3125 0.2765625 0.315625 0.240625 0.3140625 0.23125 0.3171875 0.209375 0.3171875 0.2 0.3125 0.1984375 0.3078125 0.2 0.2625 0.209375 0.2578125 0.278125 0.25625
3 0.7796875 0.1421875 0.78125 0.14375 0.8265625 0.14375 0.828125 0.1453125 0.8296875 0.1953125 0.828125 0.196875 0.76875 0.196875 0.7671875 0.1984375 0.7515625 0.196875 0.75 0.1828125 0.7515625 0.1453125 0.7640625 0.1453125 0.778125 0.1421875
3 0.23125 0.1375 0.234375 0.14375 0.234375 0.165625 0.228125 0.16875 0.146875 0.16875 0.146875 0.153125 0.159375 0.1421875 0.1703125 0.1375 0.20625 0.1375 0.2078125 0.1390625 0.2296875 0.1375
3 0.184375 0.2125 0.1890625 0.2140625 0.190625 0.2421875 0.1421875 0.2421875 0.1125 0.2453125 0.103125 0.2421875 0.1015625 0.2328125 0.10625 0.225 0.121875 0.2140625 0.1828125 0.2125
3 0.6546875 0.25 0.6625 0.25625 0.6625 0.3015625 0.659375 0.3078125 0.6546875 0.309375 0.590625 0.309375 0.5890625 0.3109375 0.5796875 0.309375 0.575 0.3046875 0.575 0.2578125 0.578125 0.253125 0.5828125 0.253125 0.5875 0.25 0.6390625 0.25 0.640625 0.2484375 0.653125 0.25
3 0.4140625 0.2515625 0.415625 0.253125 0.46875 0.253125 0.471875 0.2546875 0.4765625 0.2625 0.478125 0.278125 0.475 0.3078125 0.4671875 0.3125 0.440625 0.3109375 0.4390625 0.3125 0.3984375 0.3140625 0.3921875 0.3109375 0.3875 0.303125 0.3875 0.2796875 0.390625 0.271875 0.3890625 0.2609375 0.396875 0.2546875 0.4125 0.253125
3 0.7125 0.203125 0.7140625 0.2046875 0.7359375 0.203125 0.740625 0.20625 0.740625 0.228125 0.7421875 0.2296875 0.7390625 0.2328125 0.6984375 0.2328125 0.696875 0.234375 0.68125 0.2328125 0.678125 0.2359375 0.6546875 0.234375 0.6515625 0.23125 0.653125 0.2203125 0.6671875 0.2078125 0.6765625 0.2046875 0.7109375 0.203125
3 0.34375 0.09453125 0.0828125 0.05625
3 0.28359375 0.1515625 0.0921875 0.0328125
3 0.7875 0.10078125 0.08125 0.05625
0 0.009375 0.24296875 0.01875 0.0328125
0 0.04140625 0.2109375 0.0125 0.096875
0 0.07734375 0.24140625 0.046875 0.034375
0 0.13828125 0.2875 0.11875 0.0125
0 0.20703125 0.23984375 0.034375 0.0328125
0 0.22578125 0.2109375 0.0140625 0.0890625
0 0.26328125 0.2109375 0.0125 0.0875
0 0.29140625 0.2375 0.0328125 0.034375
0 0.33671875 0.28359375 0.1015625 0.0140625
0 0.34921875 0.15 0.0109375 0.0453125
0 0.40625 0.21875 0.01875 0.0703125
0 0.40625 0.23671875 0.0203125 0.0328125
0 0.471875 0.234375 0.0546875 0.034375
0 0.525 0.28046875 0.096875 0.0125
0 0.59765625 0.2328125 0.01875 0.034375
0 0.640625 0.23125 0.0234375 0.0328125
0 0.72578125 0.1859375 0.046875 0.0359375
0 0.725 0.1515625 0.0484375 0.103125
0 0.040625 0.09921875 0.0109375 0.065625
0 0.22421875 0.10078125 0.0109375 0.0734375
0 0.26171875 0.1 0.0125 0.071875
0 0.5421875 0.1328125 0.0140625 0.146875