3 0.046875 0.1 0.0484375 0.1015625 0.05 0.1 0.0515625 0.1015625 0.065625 0.1 0.078125 0.103125 0.1109375 0.1046875 0.1125 0.10625 0.1109375 0.1296875 0.10625 0.134375 0.1046875 0.1328125 0.078125 0.1328125 0.075 0.1296875 0.0734375 0.13125 0.01875 0.1296875 0.0203125 0.109375 0.034375 0.1 0.0453125 0.1
3 0.3734375 0.1625 0.375 0.1640625 0.4171875 0.165625 0.41875 0.1671875 0.41875 0.184375 0.415625 0.1953125 0.3296875 0.190625 0.328125 0.1875 0.3296875 0.1765625 0.340625 0.165625 0.3484375 0.1625 0.371875 0.1625
3 0.3390625 0.2046875 0.35 0.1984375 0.403125 0.2 0.4171875 0.2046875 0.415625 0.225 0.4125 0.2328125 0.4015625 0.2296875 0.328125 0.2265625 0.3265625 0.2140625 0.3390625 0.20625
3 0.5515625 0.2078125 0.553125 0.209375 0.6046875 0.2109375 0.6078125 0.2140625 0.6046875 0.2421875 0.5796875 0.2390625 0.5515625 0.240625 0.5484375 0.2375 0.521875 0.2375 0.51875 0.234375 0.5203125 0.221875 0.5390625 0.2078125 0.55 0.2078125
3 0.0140625 0.2265625 0.0890625 0.2296875 0.09375 0.23125 0.0953125 0.2359375 0.0953125 0.265625 0.09375 0.2671875 0.09375 0.2828125 0.090625 0.2875 0.0734375 0.2890625 0.0421875 0.2859375 0.0140625 0.2859375 0.0109375 0.284375 0.0140625 0.228125
3 0.215625 0.29375 0.2125 0.2859375 0.2140625 0.2453125 0.2203125 0.2375 0.296875 0.240625 0.3015625 0.246875 0.303125 0.2703125 0.3 0.2734375 0.3015625 0.284375 0.3 0.29375 0.296875 0.2984375 0.28125 0.3 0.2625 0.296875 0.221875 0.296875 0.2171875 0.29375
3 0.8046875 0.1625 0.85 0.1671875 0.8515625 0.1953125 0.8484375 0.21875 0.790625 0.2171875 0.7828125 0.2140625 0.771875 0.2140625 0.7703125 0.19375 0.7734375 0.1828125 0.7734375 0.1640625 0.775 0.1625 0.7953125 0.1625 0.796875 0.1640625 0.803125 0.1625
3 0.25625 0.11875 0.2578125 0.1203125 0.2578125 0.146875 0.25625 0.1484375 0.2546875 0.146875 0.253125 0.1484375 0.196875 0.146875 0.1703125 0.14375 0.1703125 0.1296875 0.1890625 0.115625 0.196875 0.1140625 0.1984375 0.115625 0.2265625 0.115625 0.2328125 0.11875 0.2546875 0.11875
3 0.1609375 0.1875 0.165625 0.190625 0.19375 0.1890625 0.209375 0.1921875 0.2078125 0.2203125 0.121875 0.215625 0.1203125 0.20625 0.1265625 0.196875 0.1421875 0.1875 0.159375 0.1875
3 0.6109375 0.25625 0.6125 0.2578125 0.6703125 0.259375 0.678125 0.2671875 0.6765625 0.3109375 0.671875 0.31875 0.609375 0.3171875 0.590625 0.3140625 0.5875 0.309375 0.590625 0.2625 0.5953125 0.2578125 0.609375 0.25625
3 0.43125 0.2453125 0.434375 0.2484375 0.484375 0.25 0.490625 0.2546875 0.4921875 0.2796875 0.4890625 0.3046875 0.48125 0.309375 0.4609375 0.309375 0.45625 0.30625 0.43125 0.3078125 0.4296875 0.30625 0.4109375 0.30625 0.4046875 0.303125 0.4015625 0.2953125 0.4015625 0.2734375 0.4046875 0.26875 0.4046875 0.253125 0.4140625 0.246875 0.4296875 0.246875
3 0.73125 0.2171875 0.734375 0.2203125 0.7546875 0.21875 0.7609375 0.2234375 0.7578125 0.2484375 0.73125 0.2484375 0.7296875 0.246875 0.7015625 0.2484375 0.6984375 0.2453125 0.69375 0.246875 0.6703125 0.24375 0.671875 0.23125 0.6875 0.21875 0.7296875 0.2171875
3 0.37265625 0.08515625 0.084375 0.059375
3 0.30859375 0.1375 0.0921875 0.0359375
3 0.81484375 0.121875 0.0828125 0.059375
0 0.028125 0.21015625 0.021875 0.0328125
0 0.06328125 0.1796875 0.015625 0.096875
0 0.096875 0.2125 0.0484375 0.0359375
0 0.15390625 0.2625 0.11875 0.0171875
0 0.22578125 0.2203125 0.0359375 0.034375
0 0.246875 0.19296875 0.0171875 0.0890625
0 0.28359375 0.1953125 0.015625 0.0875
0 0.31015625 0.2234375 0.034375 0.0359375
0 0.35234375 0.27265625 0.1015625 0.0171875
0 0.37421875 0.140625 0.0125 0.0453125
0 0.42578125 0.21328125 0.021875 0.0703125
0 0.425 0.23046875 0.021875 0.034375
0 0.490625 0.2328125 0.05625 0.0359375
0 0.540625 0.2828125 0.096875 0.015625
0 0.61640625 0.23984375 0.0203125 0.034375
0 0.659375 0.24140625 0.025 0.034375
0 0.746875 0.20234375 0.0484375 0.0375
0 0.74921875 0.16796875 0.0515625 0.1046875
0 0.06953125 0.06796875 0.0140625 0.065625
0 0.253125 0.0828125 0.0140625 0.0734375
0 0.28984375 0.084375 0.0140625 0.071875
0 0.5671875 0.13671875 0.01875 0.146875