3 0.0296875 0.1234375 0.03125 0.125 0.0359375 0.1234375 0.090625 0.125 0.0921875 0.1265625 0.090625 0.153125 0.0890625 0.1546875 0.059375 0.1546875 0.0578125 0.153125 0.0546875 0.1546875 0 0.1546875 0 0.134375 0.0140625 0.125 0.028125 0.125
3 0.4 0.1703125 0.4015625 0.171875 0.4 0.2 0.3140625 0.2 0.3125 0.196875 0.3125 0.1859375 0.33125 0.1703125 0.3984375 0.1703125
3 0.3234375 0.2140625 0.334375 0.20625 0.3953125 0.20625 0.4015625 0.209375 0.4015625 0.2296875 0.3984375 0.2375 0.3953125 0.2359375 0.3140625 0.2359375 0.3125 0.2234375 0.3234375 0.215625
3 0.5890625 0.20625 0.5921875 0.2078125 0.5921875 0.2359375 0.590625 0.2375 0.5828125 0.2359375 0.5375 0.2375 0.5046875 0.234375 0.50625 0.2203125 0.5234375 0.20625 0.5875 0.20625
3 0.075 0.2515625 0.0796875 0.253125 0.0828125 0.2578125 0.0828125 0.3046875 0.0796875 0.309375 0.075 0.3109375 0 0.3109375 0 0.253125 0.003125 0.2515625 0.0734375 0.2515625
3 0.20625 0.253125 0.2125 0.2515625 0.2828125 0.2515625 0.2890625 0.2578125 0.2890625 0.2765625 0.290625 0.278125 0.2890625 0.2828125 0.290625 0.2953125 0.2890625 0.3046875 0.2859375 0.309375 0.2796875 0.3109375 0.253125 0.3109375 0.2515625 0.309375 0.2109375 0.3109375 0.20625 0.309375 0.2015625 0.3015625 0.2015625 0.2609375 0.203125 0.25625 0.20625 0.2546875
3 0.7765625 0.146875 0.778125 0.1484375 0.78125 0.146875 0.83125 0.1484375 0.834375 0.165625 0.834375 0.2 0.8328125 0.2015625 0.75625 0.2 0.7546875 0.1859375 0.75625 0.1484375 0.775 0.1484375
3 0.1515625 0.146875 0.1640625 0.1359375 0.175 0.13125 0.2109375 0.13125 0.2390625 0.134375 0.2390625 0.1609375 0.234375 0.1625 0.153125 0.1625 0.1515625 0.1484375
3 0.1453125 0.20625 0.146875 0.2078125 0.153125 0.20625 0.19375 0.2078125 0.19375 0.2359375 0.11875 0.2359375 0.1171875 0.2375 0.10625 0.234375 0.1078125 0.2203125 0.1265625 0.20625 0.14375 0.20625
3 0.6578125 0.2515625 0.665625 0.2578125 0.665625 0.303125 0.6625 0.309375 0.6578125 0.3109375 0.5890625 0.3109375 0.58125 0.309375 0.578125 0.30625 0.578125 0.2578125 0.5828125 0.253125 0.6421875 0.2515625 0.64375 0.25 0.65625 0.2515625
3 0.471875 0.2515625 0.478125 0.25625 0.48125 0.2796875 0.478125 0.30625 0.4703125 0.3109375 0.4484375 0.3109375 0.446875 0.309375 0.4 0.3109375 0.39375 0.3078125 0.390625 0.3 0.390625 0.2765625 0.39375 0.26875 0.3921875 0.2578125 0.396875 0.253125 0.4171875 0.25 0.4203125 0.2515625 0.4703125 0.2515625
3 0.690625 0.20625 0.6921875 0.2078125 0.6953125 0.20625 0.7171875 0.20625 0.71875 0.2078125 0.740625 0.20625 0.7453125 0.209375 0.7453125 0.234375 0.74375 0.2359375 0.7015625 0.2359375 0.7 0.2375 0.6859375 0.2359375 0.6796875 0.2375 0.65625 0.234375 0.65625 0.225 0.6625 0.2171875 0.671875 0.209375 0.6890625 0.20625
3 0.35078125 0.0921875 0.08125 0.0546875
3 0.28984375 0.14765625 0.09140625 0.03125
3 0.79453125 0.10625 0.08046875 0.05546875
0 0.01328125 0.23515625 0.01953125 0.03203125
0 0.046875 0.203125 0.0109375 0.096875
0 0.08203125 0.234375 0.04609375 0.03359375
0 0.1421875 0.28125 0.11796875 0.0109375
0 0.21171875 0.23515625 0.034375 0.0328125
0 0.23125 0.20625 0.0125 0.08828125
0 0.26796875 0.20703125 0.01171875 0.08671875
0 0.29609375 0.23359375 0.0328125 0.034375
0 0.340625 0.28046875 0.1015625 0.0125
0 0.35546875 0.14765625 0.01015625 0.0453125
0 0.4109375 0.2171875 0.01796875 0.06953125
0 0.4109375 0.23515625 0.01953125 0.0328125
0 0.4765625 0.23359375 0.05390625 0.03359375
0 0.52890625 0.28125 0.09609375 0.0109375
0 0.60234375 0.234375 0.01796875 0.03359375
0 0.6453125 0.23359375 0.02265625 0.0328125
0 0.73125 0.18984375 0.04609375 0.034375
0 0.73125 0.15546875 0.04609375 0.10234375
0 0.04765625 0.09140625 0.01015625 0.06484375
0 0.23125 0.09609375 0.01015625 0.07265625
0 0.26875 0.09609375 0.0109375 0.07109375
0 0.5484375 0.13359375 0.0109375 0.14609375