3 0.1546875 0.34375 0.1625 0.346875 0.165625 0.3453125 0.228125 0.3453125 0.2296875 0.34375 0.30625 0.34375 0.3078125 0.3453125 0.3078125 0.4109375 0.309375 0.4125 0.309375 0.4265625 0.30625 0.4296875 0.2984375 0.43125 0.259375 0.4296875 0.2328125 0.4328125 0.14375 0.43125 0.1421875 0.4328125 0.0546875 0.434375 0.053125 0.4359375 0.01875 0.4328125 0.01875 0.4171875 0.0171875 0.415625 0.0171875 0.35 0.01875 0.3484375 0.1390625 0.346875 0.153125 0.34375
3 0.175 0.7734375 0.1765625 0.775 0.3140625 0.7734375 0.315625 0.7765625 0.315625 0.8578125 0.3078125 0.8609375 0.2375 0.8609375 0.2359375 0.8625 0.175 0.8609375 0.146875 0.8640625 0.1234375 0.8625 0.121875 0.8640625 0.0578125 0.8640625 0.05625 0.865625 0.0375 0.865625 0.025 0.8609375 0.025 0.778125 0.1421875 0.7765625 0.1734375 0.7734375
3 0.1609375 0.6296875 0.1625 0.63125 0.171875 0.6296875 0.1734375 0.63125 0.309375 0.6296875 0.3125 0.6328125 0.3140625 0.7140625 0.3109375 0.7171875 0.0265625 0.721875 0.0234375 0.71875 0.0234375 0.6859375 0.021875 0.684375 0.021875 0.6359375 0.0234375 0.634375 0.159375 0.63125
3 0.1640625 0.2 0.165625 0.2015625 0.303125 0.2 0.30625 0.2328125 0.30625 0.284375 0.303125 0.2875 0.2328125 0.2875 0.23125 0.2890625 0.1421875 0.2890625 0.140625 0.290625 0.053125 0.290625 0.0515625 0.2921875 0.0203125 0.2921875 0.0171875 0.290625 0.015625 0.2890625 0.0140625 0.2046875 0.1625 0.2015625
3 0.1734375 0.4875 0.175 0.4890625 0.1765625 0.4875 0.1859375 0.4890625 0.309375 0.4875 0.3109375 0.571875 0.3078125 0.5734375 0.234375 0.5734375 0.2328125 0.575 0.05625 0.5765625 0.0546875 0.578125 0.0234375 0.578125 0.0203125 0.5765625 0.0203125 0.5078125 0.01875 0.50625 0.0203125 0.4921875 0.034375 0.490625 0.0515625 0.4921875 0.078125 0.4890625 0.0796875 0.490625 0.103125 0.490625 0.1046875 0.4890625 0.140625 0.490625 0.171875 0.4875
3 0.1796875 0.915625 0.19375 0.91875 0.315625 0.9171875 0.31875 0.95 0.31875 0.9984375 0.028125 0.9984375 0.0265625 0.921875 0.14375 0.9203125 0.1453125 0.91875 0.178125 0.9171875
0 0.1640625 0.4328125 0.165625 0.44375 0.1640625 0.4765625 0.16875 0.4796875 0.165625 0.4875 0.1625 0.4859375 0.1609375 0.48125 0.1640625 0.4765625 0.1625 0.434375
0 0.1578125 0.146875 0.1609375 0.1484375 0.1609375 0.190625 0.1625 0.1921875 0.159375 0.2 0.15625 0.1953125 0.159375 0.1890625 0.1578125 0.1484375
0 0.159375 0.290625 0.1609375 0.290625 0.1640625 0.3359375 0.1671875 0.3375 0.1625 0.34375 0.1578125 0.3390625 0.1609375 0.3328125 0.159375 0.2921875
0 0.165625 0.60234375 0.0109375 0.05625
0 0.1671875 0.7203125 0.16875 0.7203125 0.1703125 0.7296875 0.1703125 0.7640625 0.171875 0.765625 0.171875 0.7734375 0.1671875 0.7734375 0.1671875 0.7703125 0.1640625 0.76875 0.16875 0.7625 0.1671875 0.721875
0 0.1703125 0.8640625 0.171875 0.8640625 0.1734375 0.871875 0.1734375 0.9015625 0.1703125 0.9 0.171875 0.8984375 0.1703125 0.865625
3 0.15703125 0.08828125 0.296875 0.1234375