3 0.84375 0.3328125 0.8546875 0.334375 0.85625 0.3328125 0.9765625 0.33125 0.978125 0.3328125 0.9796875 0.415625 0.953125 0.4171875 0.9484375 0.4203125 0.8609375 0.41875 0.8359375 0.421875 0.834375 0.4203125 0.8328125 0.421875 0.7859375 0.4203125 0.76875 0.4234375 0.6890625 0.421875 0.6875 0.3375 0.6890625 0.3359375 0.765625 0.3359375 0.7671875 0.334375 0.8296875 0.334375 0.8328125 0.3359375 0.8375 0.3328125 0.8421875 0.3328125
3 0.8453125 0.7625 0.859375 0.7640625 0.8609375 0.7625 0.9828125 0.7609375 0.9859375 0.7640625 0.9859375 0.8453125 0.9765625 0.8484375 0.953125 0.8484375 0.9515625 0.85 0.8890625 0.85 0.8875 0.8484375 0.8625 0.8515625 0.828125 0.85 0.8265625 0.8515625 0.775 0.8515625 0.7734375 0.853125 0.703125 0.853125 0.6953125 0.85 0.6953125 0.7671875 0.696875 0.765625 0.83125 0.7640625 0.834375 0.7609375 0.84375 0.7625
3 0.8328125 0.61875 0.834375 0.6203125 0.84375 0.61875 0.8578125 0.6203125 0.859375 0.61875 0.98125 0.6171875 0.9828125 0.61875 0.984375 0.7015625 0.98125 0.7046875 0.953125 0.7046875 0.9515625 0.70625 0.696875 0.709375 0.69375 0.70625 0.69375 0.6796875 0.6921875 0.678125 0.6921875 0.625 0.6953125 0.621875 0.83125 0.6203125
3 0.825 0.1890625 0.8265625 0.190625 0.8546875 0.190625 0.85625 0.1890625 0.975 0.1875 0.9765625 0.271875 0.971875 0.275 0.9484375 0.275 0.946875 0.2765625 0.6890625 0.2796875 0.6859375 0.2765625 0.6859375 0.2328125 0.684375 0.23125 0.684375 0.19375 0.6859375 0.1921875 0.8234375 0.190625
3 0.89375 0.475 0.8953125 0.4765625 0.91875 0.4765625 0.9203125 0.475 0.921875 0.4765625 0.9453125 0.4765625 0.9625 0.4734375 0.978125 0.475 0.98125 0.4953125 0.98125 0.559375 0.95 0.5625 0.8609375 0.5625 0.859375 0.5640625 0.771875 0.5640625 0.7703125 0.565625 0.69375 0.565625 0.690625 0.5640625 0.6890625 0.4828125 0.6921875 0.4796875 0.7671875 0.4796875 0.76875 0.478125 0.8125 0.478125 0.8140625 0.4765625 0.85625 0.478125 0.8578125 0.4765625 0.8921875 0.475
3 0.834375 0.9046875 0.8390625 0.9078125 0.9875 0.9046875 0.9890625 0.9890625 0.9859375 0.990625 0.9546875 0.990625 0.953125 0.9921875 0.865625 0.9921875 0.8640625 0.99375 0.8421875 0.9921875 0.840625 0.99375 0.775 0.99375 0.7734375 0.9953125 0.7015625 0.9953125 0.6984375 0.99375 0.6984375 0.9484375 0.696875 0.946875 0.696875 0.9109375 0.6984375 0.909375 0.7703125 0.909375 0.771875 0.9078125 0.8328125 0.90625
0 0.834375 0.421875 0.8359375 0.4234375 0.834375 0.465625 0.8375 0.4703125 0.834375 0.4765625 0.8296875 0.4703125 0.834375 0.465625 0.8328125 0.459375 0.834375 0.4234375
0 0.8265625 0.1359375 0.8296875 0.1359375 0.83125 0.1390625 0.8296875 0.178125 0.8328125 0.18125 0.83125 0.1890625 0.8265625 0.184375 0.828125 0.1796875 0.8265625 0.1375
0 0.83125 0.2796875 0.8328125 0.2796875 0.8328125 0.3171875 0.8359375 0.3234375 0.8328125 0.3328125 0.828125 0.3265625 0.83125 0.321875 0.8296875 0.31875 0.83125 0.28125
0 0.834375 0.565625 0.8375 0.565625 0.8375 0.5859375 0.8390625 0.5875 0.8375 0.6078125 0.840625 0.6109375 0.8375 0.61875 0.834375 0.615625 0.8359375 0.609375 0.8359375 0.5890625 0.834375 0.5875 0.8359375 0.56875 0.834375 0.5671875
0 0.8390625 0.709375 0.840625 0.709375 0.840625 0.740625 0.8390625 0.7421875 0.840625 0.746875 0.8390625 0.7484375 0.84375 0.7546875 0.840625 0.7625 0.8375 0.7609375 0.8359375 0.75625 0.8390625 0.7109375
0 0.840625 0.8515625 0.84375 0.8546875 0.84375 0.8796875 0.8421875 0.88125 0.84375 0.8890625 0.840625 0.890625 0.840625 0.859375 0.8421875 0.8578125 0.840625 0.853125
3 0.82890625 0.0765625 0.296875 0.1234375