3 0.278125 0.8625 0.2796875 0.934375 0.259375 0.9375 0.1984375 0.9375 0.196875 0.9359375 0.1953125 0.9375 0.15625 0.9375 0.1546875 0.9359375 0.15 0.9375 0.1421875 0.9359375 0.115625 0.9359375 0.1140625 0.9375 0.10625 0.9359375 0.0953125 0.9375 0.03125 0.9359375 0.0296875 0.9375 0.0265625 0.9359375 0.0265625 0.8640625 0.028125 0.8625 0.2765625 0.8625
3 0.171875 0.0296875 0.4234375 0.0296875 0.4234375 0.0453125 0.425 0.046875 0.4234375 0.0484375 0.425 0.090625 0.4234375 0.103125 0.4203125 0.1046875 0.334375 0.1046875 0.3328125 0.103125 0.3296875 0.1046875 0.325 0.103125 0.3140625 0.1046875 0.3125 0.103125 0.309375 0.1046875 0.296875 0.103125 0.290625 0.1046875 0.2359375 0.1046875 0.234375 0.103125 0.2328125 0.1046875 0.2203125 0.103125 0.21875 0.1046875 0.2078125 0.103125 0.1828125 0.1046875 0.171875 0.103125 0.171875 0.03125
3 0.371875 0.8734375 0.3734375 0.875 0.3921875 0.875 0.39375 0.8734375 0.4375 0.8734375 0.4390625 0.875 0.4453125 0.8734375 0.446875 0.875 0.453125 0.8734375 0.4578125 0.875 0.4625 0.8734375 0.4890625 0.8734375 0.490625 0.875 0.525 0.8734375 0.5375 0.875 0.5390625 0.8734375 0.5546875 0.8734375 0.559375 0.8765625 0.559375 0.9234375 0.55625 0.9265625 0.33125 0.9265625 0.328125 0.925 0.328125 0.875 0.33125 0.8734375 0.3703125 0.8734375
2 0.2921875 0.159375 0.296875 0.15625 0.3015625 0.15625 0.43125 0.2875 0.43125 0.290625 0.3015625 0.4203125 0.29375 0.41875 0.165625 0.2890625 0.1703125 0.28125 0.2921875 0.1609375
2 0.4 0.4984375 0.54375 0.640625 0.54375 0.6453125 0.4015625 0.7875 0.3984375 0.7875 0.3453125 0.7359375 0.334375 0.721875 0.25625 0.6453125 0.25625 0.640625 0.3984375 0.5
0 0.115625 0.65625 0.115625 0.74375 0.11875 0.76875 0.11875 0.8046875 0.1234375 0.8375 0.128125 0.8484375 0.134375 0.8546875 0.134375 0.859375 0.1328125 0.8609375 0.128125 0.859375 0.128125 0.8515625 0.125 0.8484375 0.1234375 0.8390625 0.1203125 0.834375 0.1203125 0.8234375 0.1171875 0.8171875 0.115625 0.7421875 0.1140625 0.740625 0.1140625 0.6578125
0 0.33125 0.7265625 0.334375 0.7265625 0.3328125 0.73125 0.321875 0.7421875 0.3140625 0.7546875 0.303125 0.765625 0.3015625 0.7703125 0.284375 0.7875 0.284375 0.784375 0.33125 0.728125
0 0.225 0.35625 0.228125 0.35625 0.1703125 0.4140625 0.16875 0.41875 0.165625 0.4203125 0.1515625 0.440625 0.1375 0.4671875 0.1375 0.471875 0.13125 0.4828125 0.1265625 0.50625 0.1234375 0.5109375 0.121875 0.5390625 0.11875 0.546875 0.115625 0.6296875 0.1125 0.615625 0.1140625 0.6140625 0.1171875 0.5328125 0.1203125 0.525 0.1203125 0.5140625 0.1234375 0.509375 0.125 0.4921875 0.128125 0.4890625 0.128125 0.4828125 0.1328125 0.4703125 0.140625 0.453125 0.1640625 0.4171875 0.178125 0.403125 0.1796875 0.3984375 0.2234375 0.3578125
0 0.3890625 0.4453125 0.3953125 0.45625 0.4 0.471875 0.4 0.4828125 0.403125 0.4875 0.403125 0.4921875 0.4 0.4953125 0.396875 0.4921875 0.3984375 0.4859375 0.396875 0.4671875 0.39375 0.4640625 0.3890625 0.446875
0 0.4421875 0.8390625 0.44375 0.8390625 0.44375 0.8625 0.446875 0.865625 0.4453125 0.871875 0.440625 0.8703125 0.440625 0.865625 0.44375 0.8625 0.4421875 0.840625
0 0.1515625 0.9390625 0.153125 0.9390625 0.1546875 0.978125 0.15625 0.9796875 0.153125 0.9859375 0.15 0.9828125 0.1515625 0.940625
0 0.296875 0.10625 0.2984375 0.10625 0.3 0.1140625 0.2984375 0.125 0.3015625 0.1453125 0.3 0.153125 0.296875 0.153125 0.2953125 0.1484375 0.296875 0.1453125 0.296875 0.1078125
0 0.428125 0.7640625 0.4296875 0.7640625 0.434375 0.7796875 0.440625 0.8109375 0.440625 0.8140625 0.4375 0.8109375 0.4359375 0.7921875 0.4328125 0.7875 0.428125 0.765625
4 0.38359375 0.434375 0.01875 0.01875
4 0.11484375 0.6421875 0.025 0.0171875
4 0.275 0.8 0.1125 0.01875
4 0.44296875 0.82578125 0.028125 0.01875