0 0.709375 0.0109375 0.7125 0.0109375 0.7171875 0.0171875 0.7125 0.021875 0.7140625 0.0234375 0.715625 0.0671875 0.721875 0.134375 0.7203125 0.15625 0.7234375 0.1578125 0.7265625 0.2109375 0.7140625 0.2140625 0.684375 0.215625 0.6921875 0.2109375 0.7140625 0.2109375 0.7234375 0.20625 0.7109375 0.025 0.709375 0.0203125 0.7046875 0.0171875 0.709375 0.0125
0 0.2453125 0.121875 0.2484375 0.1234375 0.2515625 0.1296875 0.246875 0.1328125 0.24375 0.13125 0.1984375 0.1328125 0.190625 0.134375 0.1875 0.1375 0.190625 0.1984375 0.1875 0.1984375 0.1875 0.1765625 0.184375 0.153125 0.184375 0.1328125 0.1859375 0.13125 0.240625 0.128125 0.2453125 0.1234375
0 0.65625 0.015625 0.659375 0.01875 0.6578125 0.0234375 0.659375 0.06875 0.65625 0.06875 0.6546875 0.0265625 0.65 0.021875 0.646875 0.021875 0.6484375 0.01875 0.6546875 0.015625
0 0.7703125 0.0078125 0.775 0.0109375 0.7703125 0.0203125 0.775 0.065625 0.7765625 0.109375 0.7796875 0.1171875 0.7890625 0.11875 0.7890625 0.1203125 0.778125 0.121875 0.775 0.121875 0.7734375 0.109375 0.76875 0.021875 0.7671875 0.0171875 0.7625 0.0140625 0.76875 0.0078125
3 0.5375 0.0640625 0.546875 0.0734375 0.546875 0.0953125 0.5515625 0.140625 0.5515625 0.1515625 0.5484375 0.153125 0.2671875 0.171875 0.265625 0.1734375 0.2578125 0.1703125 0.253125 0.084375 0.2515625 0.0828125 0.2578125 0.08125 0.2609375 0.0828125 0.2671875 0.0796875 0.2796875 0.08125 0.284375 0.078125 0.2859375 0.0796875 0.296875 0.078125 0.30625 0.0796875 0.3515625 0.075 0.3953125 0.0734375 0.396875 0.071875 0.4125 0.071875 0.41875 0.06875 0.4390625 0.0703125 0.440625 0.06875 0.50625 0.065625 0.53125 0.0609375 0.5359375 0.0640625
3 0.26484375 0.265625 0.2953125 0.1625
4 0.6640625 0.15078125 0.2234375 0.05625
4 0.825 0.15859375 0.2046875 0.0375
4 0.65625 0.26953125 0.165625 0.0515625
1 0.83125 0.09375 0.84375 0.109375 0.84375 0.121875 0.8375 0.134375 0.8234375 0.1421875 0.8140625 0.1421875 0.8 0.134375 0.79375 0.125 0.79375 0.1078125 0.796875 0.10625 0.8 0.0984375 0.8078125 0.09375 0.8171875 0.0921875 0.8296875 0.09375
1 0.634375 0.196875 0.646875 0.190625 0.6578125 0.190625 0.66875 0.1953125 0.678125 0.209375 0.678125 0.21875 0.675 0.228125 0.6671875 0.2375 0.659375 0.240625 0.6453125 0.240625 0.63125 0.23125 0.628125 0.2234375 0.628125 0.209375 0.63125 0.2 0.634375 0.1984375
1 0.6765625 0.0796875 0.684375 0.09375 0.6828125 0.10625 0.678125 0.1140625 0.665625 0.1234375 0.6546875 0.1234375 0.6515625 0.1203125 0.646875 0.1203125 0.6375 0.1125 0.634375 0.1046875 0.634375 0.0890625 0.6421875 0.078125 0.65 0.0734375 0.6671875 0.0734375 0.671875 0.075 0.675 0.0796875