0 0.7453125 0.0265625 0.75 0.0328125 0.7453125 0.0359375 0.7453125 0.1671875 0.74375 0.16875 0.7453125 0.1734375 0.7453125 0.2265625 0.74375 0.228125 0.703125 0.228125 0.70625 0.225 0.7390625 0.225 0.7421875 0.221875 0.7421875 0.0359375 0.7375 0.03125 0.74375 0.0265625
0 0.271875 0.1046875 0.2765625 0.109375 0.2765625 0.1125 0.271875 0.115625 0.2671875 0.1125 0.215625 0.1125 0.2125 0.115625 0.2125 0.1765625 0.209375 0.1765625 0.209375 0.1109375 0.2109375 0.109375 0.2671875 0.109375 0.271875 0.10625
0 0.6890625 0.0265625 0.6921875 0.0328125 0.6890625 0.0359375 0.6890625 0.0796875 0.6859375 0.08125 0.6859375 0.0359375 0.6796875 0.03125 0.6875 0.0265625
0 0.803125 0.0265625 0.8078125 0.03125 0.803125 0.0359375 0.803125 0.134375 0.80625 0.1375 0.8125 0.1375 0.8140625 0.140625 0.8 0.140625 0.8 0.0359375 0.7953125 0.03125 0.8015625 0.0265625
3 0.2875 0.0640625 0.2890625 0.065625 0.2953125 0.0640625 0.3015625 0.065625 0.3109375 0.0640625 0.315625 0.065625 0.3265625 0.0640625 0.33125 0.065625 0.4421875 0.065625 0.44375 0.0640625 0.5484375 0.065625 0.5625 0.0640625 0.575 0.075 0.575 0.1546875 0.571875 0.15625 0.2859375 0.15625 0.28125 0.1546875 0.28125 0.065625 0.2859375 0.065625
3 0.28203125 0.25 0.2859375 0.1421875
4 0.68828125 0.16328125 0.2203125 0.04140625
4 0.84765625 0.18203125 0.203125 0.02265625
4 0.671875 0.28125 0.16328125 0.03984375
1 0.8546875 0.115625 0.865625 0.125 0.86875 0.1328125 0.86875 0.1453125 0.865625 0.153125 0.8578125 0.1609375 0.8484375 0.1640625 0.8375 0.1640625 0.8296875 0.1609375 0.8234375 0.1546875 0.81875 0.1453125 0.81875 0.1328125 0.828125 0.11875 0.84375 0.1140625 0.853125 0.115625
1 0.6546875 0.20625 0.6640625 0.2015625 0.6828125 0.203125 0.6921875 0.2109375 0.696875 0.221875 0.696875 0.23125 0.6921875 0.240625 0.684375 0.2484375 0.6765625 0.2515625 0.665625 0.2515625 0.6578125 0.2484375 0.6484375 0.2390625 0.646875 0.21875 0.6515625 0.209375 0.6546875 0.2078125
1 0.7 0.0875 0.7078125 0.0953125 0.7109375 0.1109375 0.709375 0.11875 0.7046875 0.1265625 0.6921875 0.134375 0.6796875 0.134375 0.6671875 0.1265625 0.6609375 0.1140625 0.6609375 0.1046875 0.6640625 0.0953125 0.678125 0.084375 0.6921875 0.084375 0.6984375 0.0875