0 0.7546875 0.03125 0.7578125 0.0375 0.7546875 0.040625 0.7546875 0.05625 0.753125 0.0578125 0.753125 0.1453125 0.75 0.1734375 0.7515625 0.178125 0.7515625 0.23125 0.75 0.2328125 0.709375 0.2328125 0.709375 0.23125 0.7109375 0.2296875 0.7453125 0.2296875 0.7484375 0.2265625 0.7515625 0.0421875 0.746875 0.0359375 0.753125 0.03125
0 0.2796875 0.1015625 0.284375 0.10625 0.284375 0.109375 0.2796875 0.1125 0.275 0.109375 0.234375 0.109375 0.2328125 0.1078125 0.2234375 0.1078125 0.2203125 0.1109375 0.21875 0.171875 0.215625 0.171875 0.2171875 0.10625 0.21875 0.1046875 0.275 0.10625 0.2796875 0.103125
0 0.6890625 0.034375 0.69375 0.03125 0.6984375 0.03125 0.7015625 0.034375 0.6984375 0.0390625 0.696875 0.084375 0.69375 0.0859375 0.6953125 0.040625 0.6890625 0.0359375
0 0.8125 0.0328125 0.8171875 0.0390625 0.8125 0.0421875 0.8109375 0.0578125 0.8109375 0.140625 0.8140625 0.14375 0.8203125 0.14375 0.8203125 0.146875 0.80625 0.1453125 0.8078125 0.14375 0.809375 0.0421875 0.8046875 0.0375 0.8109375 0.0328125
3 0.2953125 0.0609375 0.296875 0.0625 0.321875 0.0609375 0.328125 0.0640625 0.334375 0.0625 0.340625 0.0640625 0.415625 0.0640625 0.4171875 0.065625 0.4734375 0.0640625 0.50625 0.0671875 0.5703125 0.065625 0.5828125 0.0765625 0.58125 0.15625 0.5796875 0.1578125 0.503125 0.1578125 0.5015625 0.15625 0.2921875 0.153125 0.2875 0.1515625 0.2875 0.140625 0.2890625 0.1390625 0.2890625 0.0625 0.29375 0.0625
3 0.28671875 0.24609375 0.2890625 0.146875
4 0.69375 0.16640625 0.2203125 0.0453125
4 0.853125 0.18828125 0.203125 0.0265625
4 0.67578125 0.284375 0.1640625 0.0421875
1 0.8515625 0.1203125 0.8609375 0.121875 0.8734375 0.1328125 0.8765625 0.146875 0.871875 0.1609375 0.8609375 0.1703125 0.859375 0.16875 0.84375 0.1703125 0.8359375 0.1671875 0.8265625 0.15625 0.825 0.1453125 0.83125 0.1296875 0.8421875 0.121875 0.85 0.121875
1 0.6828125 0.2046875 0.6984375 0.215625 0.703125 0.2265625 0.703125 0.234375 0.696875 0.2453125 0.6890625 0.253125 0.68125 0.25625 0.6625 0.2515625 0.653125 0.2421875 0.6515625 0.2359375 0.653125 0.221875 0.6578125 0.2125 0.665625 0.20625 0.68125 0.2046875
1 0.7 0.0890625 0.7078125 0.0921875 0.715625 0.1 0.71875 0.115625 0.7171875 0.1234375 0.7125 0.13125 0.709375 0.13125 0.6984375 0.1390625 0.6875 0.1390625 0.6796875 0.134375 0.671875 0.1265625 0.66875 0.1171875 0.6703125 0.1015625 0.678125 0.0921875 0.684375 0.0890625 0.6984375 0.0890625