3 0.753125 0.040625 0.7546875 0.0421875 0.771875 0.0421875 0.8078125 0.046875 0.9984375 0.0625 0.9984375 0.1234375 0.965625 0.121875 0.9640625 0.1203125 0.9484375 0.121875 0.9390625 0.11875 0.9296875 0.1203125 0.925 0.1171875 0.9125 0.11875 0.8984375 0.1171875 0.89375 0.1140625 0.884375 0.115625 0.875 0.1125 0.859375 0.1140625 0.8390625 0.109375 0.8359375 0.1109375 0.828125 0.1109375 0.821875 0.1078125 0.8046875 0.109375 0.8 0.10625 0.76875 0.103125 0.7546875 0.1046875 0.75 0.1015625 0.740625 0.1015625 0.74375 0.0453125 0.7515625 0.040625
3 0.7234375 0.3046875 0.7578125 0.309375 0.8484375 0.315625 0.859375 0.31875 0.8671875 0.315625 0.871875 0.31875 0.8859375 0.3203125 0.903125 0.3203125 0.9984375 0.3296875 0.9984375 0.4171875 0.9921875 0.41875 0.9 0.409375 0.88125 0.409375 0.8671875 0.4078125 0.8625 0.4046875 0.8609375 0.40625 0.8546875 0.4046875 0.8453125 0.40625 0.84375 0.4046875 0.7078125 0.39375 0.7046875 0.3921875 0.7046875 0.384375 0.7078125 0.365625 0.7078125 0.3484375 0.709375 0.346875 0.7078125 0.33125 0.7109375 0.328125 0.7109375 0.3109375 0.7125 0.30625 0.721875 0.3046875
3 0.675 0.74375 0.6890625 0.7453125 0.7046875 0.74375 0.7078125 0.746875 0.740625 0.7484375 0.7421875 0.75 0.746875 0.7484375 0.759375 0.7515625 0.7765625 0.7515625 0.7953125 0.7546875 0.828125 0.753125 0.8328125 0.7578125 0.9375 0.765625 0.9703125 0.7703125 0.9625 0.85625 0.896875 0.85 0.88125 0.85 0.8796875 0.8515625 0.8734375 0.8484375 0.8625 0.85 0.8609375 0.846875 0.8453125 0.8484375 0.84375 0.846875 0.8265625 0.846875 0.8078125 0.8421875 0.790625 0.84375 0.7625 0.840625 0.753125 0.8375 0.7359375 0.8375 0.734375 0.8359375 0.7234375 0.8375 0.71875 0.834375 0.7015625 0.834375 0.7 0.8328125 0.69375 0.834375 0.6796875 0.83125 0.6671875 0.83125 0.671875 0.759375 0.675 0.7453125
3 0.7296875 0.6 0.765625 0.6046875 0.7828125 0.6046875 0.8203125 0.609375 0.83125 0.6078125 0.85625 0.6125 0.9796875 0.621875 0.9828125 0.628125 0.975 0.7109375 0.9578125 0.7109375 0.9390625 0.7078125 0.921875 0.7078125 0.9203125 0.70625 0.68125 0.6859375 0.678125 0.678125 0.678125 0.6703125 0.6796875 0.66875 0.6796875 0.653125 0.6828125 0.646875 0.684375 0.6328125 0.6828125 0.6234375 0.6859375 0.615625 0.6859375 0.6 0.6890625 0.596875 0.728125 0.6
3 0.725 0.159375 0.7484375 0.159375 0.7671875 0.1625 0.8546875 0.16875 0.8609375 0.171875 0.8625 0.1703125 0.890625 0.171875 0.8953125 0.175 0.903125 0.1734375 0.9109375 0.1765625 0.9265625 0.175 0.98125 0.18125 0.9984375 0.18125 0.9984375 0.271875 0.9953125 0.271875 0.9765625 0.26875 0.959375 0.26875 0.9578125 0.2671875 0.71875 0.246875 0.7171875 0.2421875 0.725 0.1609375
3 0.7171875 0.4515625 0.8265625 0.4625 0.840625 0.4609375 0.84375 0.4640625 0.8515625 0.4625 0.8625 0.465625 0.99375 0.4765625 0.9953125 0.4859375 0.9921875 0.5046875 0.9890625 0.5578125 0.9875 0.5640625 0.984375 0.565625 0.73125 0.5421875 0.7140625 0.5421875 0.703125 0.5390625 0.7 0.540625 0.6921875 0.5359375 0.6984375 0.45625 0.7015625 0.4515625 0.715625 0.4515625
3 0.6609375 0.890625 0.68125 0.890625 0.7890625 0.9015625 0.8046875 0.9 0.8078125 0.903125 0.95625 0.915625 0.95 0.9984375 0.8734375 0.9984375 0.846875 0.9953125 0.8375 0.9921875 0.8203125 0.99375 0.80625 0.9921875 0.8015625 0.9890625 0.784375 0.990625 0.765625 0.9875 0.7484375 0.9875 0.7296875 0.9828125 0.6953125 0.9828125 0.6765625 0.9796875 0.659375 0.9796875 0.653125 0.975 0.653125 0.971875 0.65625 0.9546875 0.6609375 0.8921875
0 0.8546875 0.4078125 0.85 0.4453125 0.8515625 0.4578125 0.8484375 0.4625 0.84375 0.4578125 0.84375 0.453125 0.846875 0.4515625 0.85 0.409375 0.853125 0.4078125
0 0.8765625 0.115625 0.8796875 0.1171875 0.875 0.1421875 0.8765625 0.165625 0.875 0.16875 0.871875 0.16875 0.86875 0.1640625 0.8734375 0.1578125 0.8765625 0.1171875
0 0.8390625 0.553125 0.840625 0.56875 0.8390625 0.5828125 0.8359375 0.5875 0.8359375 0.5984375 0.8390625 0.6046875 0.834375 0.6078125 0.83125 0.6046875 0.8359375 0.5859375 0.8375 0.5546875
0 0.825 0.7 0.828125 0.7 0.828125 0.7125 0.8234375 0.73125 0.825 0.7359375 0.8234375 0.7421875 0.8265625 0.7484375 0.821875 0.7546875 0.8171875 0.7484375 0.821875 0.74375 0.825 0.7015625
0 0.8640625 0.2609375 0.8671875 0.2640625 0.8640625 0.2671875 0.865625 0.26875 0.865625 0.2828125 0.8625 0.2921875 0.8640625 0.3015625 0.859375 0.303125 0.8625 0.3046875 0.8640625 0.3109375 0.8625 0.315625 0.859375 0.315625 0.85625 0.3109375 0.8609375 0.3 0.8640625 0.2625
0 0.8125 0.8453125 0.815625 0.8484375 0.8109375 0.8734375 0.8125 0.896875 0.8078125 0.9015625 0.8046875 0.8953125 0.8046875 0.8921875 0.809375 0.8890625 0.8125 0.846875