3 0.2859375 0.0265625 0.2890625 0.0546875 0.2875 0.0859375 0.2734375 0.0875 0.23125 0.0859375 0.225 0.0890625 0.209375 0.0890625 0.2078125 0.0875 0.1421875 0.0890625 0.140625 0.0875 0.1296875 0.090625 0.0515625 0.0890625 0.025 0.0921875 0.0125 0.090625 0.0109375 0.03125 0.0140625 0.0296875 0.2265625 0.0265625 0.228125 0.025 0.2828125 0.025 0.284375 0.0265625
3 0.1484375 0.290625 0.153125 0.29375 0.15625 0.2921875 0.228125 0.2921875 0.2296875 0.290625 0.253125 0.290625 0.2546875 0.2921875 0.2578125 0.290625 0.296875 0.290625 0.3015625 0.2921875 0.303125 0.2984375 0.3015625 0.3 0.303125 0.315625 0.3015625 0.321875 0.3046875 0.325 0.303125 0.3265625 0.303125 0.378125 0.3 0.3796875 0.2328125 0.3796875 0.23125 0.38125 0.1546875 0.38125 0.153125 0.3796875 0.146875 0.38125 0.14375 0.3796875 0.140625 0.3828125 0.109375 0.3828125 0.1078125 0.38125 0.10625 0.3828125 0.0546875 0.3828125 0.053125 0.384375 0.00625 0.3828125 0.0046875 0.296875 0.0484375 0.2953125 0.05 0.29375 0.1390625 0.29375 0.146875 0.290625
3 0.15625 0.728125 0.1578125 0.73125 0.1765625 0.73125 0.178125 0.7328125 0.23125 0.7328125 0.2359375 0.7296875 0.2375 0.73125 0.2765625 0.73125 0.278125 0.7296875 0.3078125 0.73125 0.309375 0.734375 0.309375 0.76875 0.3109375 0.7703125 0.3109375 0.81875 0.2953125 0.8203125 0.29375 0.81875 0.2828125 0.8203125 0.278125 0.81875 0.25625 0.81875 0.2546875 0.8203125 0.2421875 0.81875 0.240625 0.8203125 0.2375 0.81875 0.2140625 0.821875 0.1609375 0.8203125 0.1453125 0.8234375 0.1234375 0.8234375 0.121875 0.821875 0.1140625 0.8234375 0.10625 0.821875 0.1015625 0.8234375 0.09375 0.821875 0.0140625 0.8234375 0.0125 0.7359375 0.1421875 0.734375 0.1546875 0.7296875
3 0.0109375 0.678125 0.0109375 0.596875 0.009375 0.5953125 0.0109375 0.5890625 0.0171875 0.5875 0.0203125 0.5890625 0.140625 0.5875 0.15 0.584375 0.15625 0.5859375 0.1625 0.584375 0.165625 0.5859375 0.30625 0.584375 0.3078125 0.634375 0.309375 0.6359375 0.309375 0.665625 0.30625 0.6734375 0.0125 0.678125
3 0.29375 0.14375 0.3 0.1453125 0.3 0.23125 0.2984375 0.2328125 0.053125 0.2359375 0.0515625 0.2375 0.0046875 0.2375 0.003125 0.2359375 0.003125 0.15 0.0046875 0.1484375 0.0484375 0.1484375 0.05 0.146875 0.1109375 0.146875 0.1125 0.1484375 0.121875 0.146875 0.128125 0.1484375 0.1390625 0.1453125 0.1640625 0.146875 0.165625 0.1453125 0.2265625 0.1453125 0.228125 0.14375 0.2921875 0.14375
3 0.303125 0.4375 0.3046875 0.440625 0.3046875 0.5 0.30625 0.5015625 0.3046875 0.525 0.2984375 0.5265625 0.2953125 0.525 0.29375 0.5265625 0.234375 0.5265625 0.2328125 0.528125 0.05625 0.5296875 0.0546875 0.53125 0.0125 0.53125 0.009375 0.5296875 0.009375 0.5078125 0.0078125 0.50625 0.0078125 0.44375 0.009375 0.4421875 0.140625 0.440625 0.1625 0.4375 0.165625 0.4390625 0.3015625 0.4375
3 0.015625 0.8828125 0.14375 0.88125 0.16875 0.878125 0.171875 0.8796875 0.3109375 0.878125 0.3125 0.8796875 0.3125 0.9484375 0.3140625 0.95 0.3140625 0.9625 0.309375 0.9671875 0.2390625 0.965625 0.2234375 0.96875 0.1703125 0.96875 0.16875 0.9671875 0.146875 0.9703125 0.1328125 0.96875 0.0671875 0.9703125 0.059375 0.96875 0.05625 0.971875 0.040625 0.971875 0.0390625 0.9703125 0.0328125 0.971875 0.0234375 0.9703125 0.021875 0.971875 0.0171875 0.96875 0.015625 0.953125 0.015625 0.884375
0 0.153125 0.3828125 0.15625 0.3828125 0.15625 0.4125 0.1578125 0.428125 0.1609375 0.43125 0.1578125 0.4375 0.1546875 0.4375 0.153125 0.434375 0.1546875 0.428125 0.153125 0.384375
0 0.1484375 0.1296875 0.15 0.128125 0.1484375 0.090625 0.1515625 0.0890625 0.1515625 0.134375 0.1546875 0.140625 0.153125 0.14375 0.1484375 0.14375 0.146875 0.1390625 0.15 0.13125
0 0.15625 0.5296875 0.159375 0.5296875 0.159375 0.5734375 0.1625 0.5765625 0.159375 0.584375 0.1546875 0.58125 0.1578125 0.575 0.15625 0.53125
0 0.15625 0.7234375 0.1609375 0.71875 0.159375 0.715625 0.1609375 0.6984375 0.1578125 0.6828125 0.1578125 0.678125 0.1609375 0.6765625 0.1625 0.7203125 0.165625 0.7265625 0.1609375 0.73125 0.1578125 0.725
0 0.153125 0.2359375 0.1546875 0.2375 0.1546875 0.28125 0.1578125 0.2828125 0.1546875 0.290625 0.1515625 0.290625 0.15 0.2859375 0.1515625 0.2796875 0.1546875 0.278125 0.1515625 0.2765625 0.153125 0.26875 0.1515625 0.2375
0 0.1625 0.821875 0.1640625 0.821875 0.1640625 0.859375 0.165625 0.8671875 0.16875 0.8703125 0.165625 0.878125 0.1625 0.878125 0.1609375 0.875 0.1609375 0.86875 0.1640625 0.865625 0.1609375 0.834375 0.1625 0.8234375