0 0.821875 0.53359375 0.21875 0.5265625
0 0.6359375 0.321875 0.1078125 0.1203125
0 0.58515625 0.4671875 0.034375 0.084375
0 0.69140625 0.71875 0.1703125 0.140625
4 0.68515625 0.725 0.0296875 0.025
4 0.53984375 0.73046875 0.0234375 0.0234375
0 0.54140625 0.7234375 0.0203125 0.0890625
0 0.528125 0.8546875 0.01875 0.0640625
0 0.8078125 0.87265625 0.0171875 0.0515625
0 0.796875 0.98828125 0.021875 0.0234375
0 0.73046875 0.1578125 0.0203125 0.053125
2 0.7265625 0.184375 0.73125 0.1875 0.7328125 0.1921875 0.7375 0.1953125 0.78125 0.2484375 0.78125 0.253125 0.7171875 0.3078125 0.7109375 0.3046875 0.7015625 0.290625 0.6921875 0.2828125 0.6828125 0.26875 0.6609375 0.2453125 0.659375 0.240625 0.69375 0.2125 0.7 0.2046875 0.703125 0.2046875 0.709375 0.196875 0.7125 0.196875 0.71875 0.1890625 0.725 0.1859375
2 0.58125 0.5078125 0.59375 0.521875 0.5953125 0.5265625 0.6109375 0.5421875 0.6125 0.546875 0.6203125 0.553125 0.6203125 0.55625 0.625 0.559375 0.6265625 0.5640625 0.653125 0.5921875 0.6640625 0.609375 0.6234375 0.64375 0.61875 0.6453125 0.6109375 0.6546875 0.565625 0.6921875 0.5609375 0.690625 0.5546875 0.684375 0.478125 0.5921875 0.553125 0.5296875 0.55625 0.525 0.5796875 0.5078125
3 0.50625 0.3671875 0.5796875 0.375 0.5953125 0.3734375 0.6140625 0.378125 0.7140625 0.3859375 0.7109375 0.4375 0.7078125 0.440625 0.4859375 0.4203125 0.46875 0.4203125 0.4625 0.4171875 0.4671875 0.365625 0.4703125 0.3640625 0.471875 0.365625 0.5046875 0.3671875
3 0.734375 0.8921875 0.9359375 0.9109375 0.9390625 0.9140625 0.9375 0.915625 0.9375 0.93125 0.934375 0.934375 0.9296875 0.990625 0.665625 0.9671875 0.671875 0.8890625 0.68125 0.8875 0.6828125 0.8890625 0.7328125 0.8921875
3 0.6859375 0.7828125 0.7390625 0.7859375 0.7609375 0.790625 0.775 0.7890625 0.846875 0.796875 0.9359375 0.803125 0.94375 0.80625 0.9421875 0.8078125 0.9390625 0.8578125 0.9328125 0.85625 0.915625 0.8578125 0.896875 0.8546875 0.8265625 0.85 0.825 0.846875 0.8125 0.8484375 0.8078125 0.8453125 0.790625 0.846875 0.771875 0.84375 0.6859375 0.8375 0.68125 0.834375 0.6859375 0.784375
3 0.6390625 0.0453125 0.64375 0.04375 0.6640625 0.0453125 0.665625 0.046875 0.7328125 0.0515625 0.7359375 0.0546875 0.753125 0.053125 0.771875 0.05625 0.825 0.059375 0.8375 0.0625 0.834375 0.090625 0.8359375 0.103125 0.834375 0.1046875 0.834375 0.1203125 0.83125 0.121875 0.8328125 0.1375 0.8296875 0.140625 0.784375 0.1359375 0.7703125 0.1375 0.7671875 0.134375 0.740625 0.134375 0.73125 0.13125 0.7171875 0.1328125 0.7125 0.1296875 0.709375 0.13125 0.6953125 0.128125 0.68125 0.1296875 0.6734375 0.1265625 0.659375 0.125 0.64375 0.1265625 0.640625 0.1234375 0.6328125 0.1234375 0.63125 0.1203125 0.6328125 0.0953125 0.6359375 0.0921875 0.634375 0.08125 0.6359375 0.065625 0.6390625 0.0578125 0.6375 0.0515625 0.6390625 0.046875
3 0.4890625 0.7640625 0.6203125 0.7765625 0.621875 0.778125 0.6203125 0.79375 0.621875 0.8109375 0.61875 0.81875 0.61875 0.828125 0.6140625 0.83125 0.4515625 0.8171875 0.4421875 0.8140625 0.446875 0.7625 0.453125 0.7609375 0.4546875 0.7625 0.4875 0.7640625
3 0.4296875 0.8796875 0.4484375 0.8796875 0.5203125 0.8875 0.609375 0.89375 0.6203125 0.896875 0.615625 0.9484375 0.6078125 0.95 0.48125 0.9375 0.428125 0.934375 0.425 0.928125 0.4296875 0.88125
4 0.85859375 0.4921875 0.146875 0.0359375
4 0.59375 0.3390625 0.1890625 0.0390625