0 0.1765625 0.48828125 0.2015625 0.5203125
0 0.390625 0.3046875 0.1046875 0.1171875
0 0.4203125 0.45625 0.03125 0.084375
0 0.2796875 0.690625 0.165625 0.134375
4 0.28515625 0.696875 0.028125 0.025
4 0.42890625 0.72265625 0.021875 0.021875
0 0.42734375 0.715625 0.0171875 0.0890625
0 0.4234375 0.846875 0.0171875 0.0640625
0 0.14375 0.8265625 0.015625 0.0515625
0 0.1359375 0.95625 0.0203125 0.0515625
0 0.31953125 0.12890625 0.01875 0.053125
2 0.3203125 0.15625 0.334375 0.1703125 0.35 0.190625 0.3640625 0.203125 0.365625 0.2078125 0.3765625 0.21875 0.3765625 0.221875 0.3125 0.2796875 0.2578125 0.2203125 0.2546875 0.2125 0.29375 0.178125 0.30625 0.1640625 0.31875 0.15625
2 0.4171875 0.4953125 0.425 0.4984375 0.425 0.5015625 0.5078125 0.5921875 0.4875 0.6140625 0.48125 0.6171875 0.4546875 0.64375 0.45 0.6453125 0.4421875 0.6546875 0.409375 0.68125 0.321875 0.584375 0.3265625 0.5765625 0.3296875 0.5765625 0.334375 0.5703125 0.3421875 0.565625 0.35625 0.55 0.3625 0.546875 0.3890625 0.5203125 0.3953125 0.5171875 0.4171875 0.496875
3 0.303125 0.35625 0.3984375 0.3609375 0.4 0.3625 0.421875 0.3609375 0.4375 0.3640625 0.5484375 0.36875 0.55 0.3703125 0.5484375 0.421875 0.546875 0.4234375 0.5171875 0.4234375 0.515625 0.421875 0.4875 0.421875 0.4859375 0.4203125 0.4578125 0.4203125 0.45625 0.41875 0.428125 0.41875 0.4265625 0.4171875 0.3015625 0.4109375 0.3 0.409375 0.3 0.390625 0.303125 0.3578125
3 0.2671875 0.8578125 0.275 0.8609375 0.2703125 0.9390625 0.0046875 0.925 0.00625 0.890625 0.0078125 0.8890625 0.00625 0.8609375 0.0078125 0.8484375 0.0109375 0.8453125 0.265625 0.8578125
3 0.1984375 0.7484375 0.2109375 0.7515625 0.2125 0.75 0.2390625 0.75 0.240625 0.7515625 0.275 0.753125 0.2734375 0.8046875 0.26875 0.8078125 0.2671875 0.80625 0.1546875 0.8015625 0.146875 0.7984375 0.11875 0.8 0.1171875 0.7984375 0.0296875 0.7953125 0.025 0.7921875 0.015625 0.7921875 0.0171875 0.7421875 0.0203125 0.7390625 0.196875 0.7484375
3 0.228125 0.0171875 0.2296875 0.01875 0.315625 0.021875 0.3203125 0.025 0.3484375 0.0234375 0.35 0.025 0.421875 0.028125 0.425 0.0296875 0.4265625 0.034375 0.4234375 0.0375 0.425 0.05 0.425 0.059375 0.421875 0.0703125 0.4234375 0.071875 0.421875 0.075 0.4234375 0.0953125 0.4203125 0.096875 0.421875 0.103125 0.4203125 0.1078125 0.409375 0.109375 0.3984375 0.10625 0.378125 0.10625 0.3765625 0.1078125 0.3734375 0.1046875 0.371875 0.10625 0.3578125 0.1046875 0.346875 0.10625 0.3421875 0.103125 0.3234375 0.1046875 0.315625 0.1015625 0.3 0.103125 0.2859375 0.1 0.278125 0.1015625 0.2765625 0.1 0.221875 0.096875 0.2203125 0.09375 0.2234375 0.0859375 0.221875 0.059375 0.225 0.05625 0.2234375 0.040625 0.2265625 0.01875
3 0.359375 0.75625 0.3609375 0.7578125 0.3890625 0.7578125 0.390625 0.759375 0.41875 0.759375 0.4203125 0.7609375 0.5140625 0.765625 0.515625 0.7671875 0.5140625 0.8140625 0.5125 0.81875 0.509375 0.8203125 0.340625 0.8109375 0.3375 0.809375 0.3359375 0.796875 0.3359375 0.78125 0.3390625 0.778125 0.3390625 0.7578125 0.340625 0.75625 0.3578125 0.75625
3 0.41953125 0.90625 0.1953125 0.065625
4 0.14609375 0.4421875 0.146875 0.0296875
4 0.42890625 0.32734375 0.1890625 0.0328125