0 0.1765625 0.50546875 0.175 0.5125
0 0.38046875 0.3109375 0.0984375 0.11171875
0 0.41796875 0.46015625 0.0265625 0.0828125
0 0.28984375 0.7015625 0.159375 0.1265625
4 0.29609375 0.7078125 0.02734375 0.0234375
4 0.440625 0.72578125 0.02109375 0.02109375
0 0.4390625 0.71875 0.01328125 0.08828125
0 0.44140625 0.85078125 0.0140625 0.06328125
0 0.1609375 0.84453125 0.01328125 0.05078125
0 0.16015625 0.975 0.0171875 0.05
0 0.3 0.1390625 0.01640625 0.0515625
2 0.296875 0.1671875 0.3015625 0.165625 0.3078125 0.1703125 0.3625 0.2265625 0.3609375 0.23125 0.30625 0.2859375 0.3 0.2890625 0.240625 0.2296875 0.240625 0.225 0.296875 0.16875
2 0.4171875 0.5 0.425 0.503125 0.5125 0.5921875 0.49375 0.6140625 0.41875 0.6859375 0.3265625 0.59375 0.328125 0.5890625 0.4171875 0.5015625
3 0.415625 0.365625 0.4171875 0.3671875 0.4234375 0.365625 0.4296875 0.3671875 0.5421875 0.3671875 0.54375 0.36875 0.54375 0.4203125 0.540625 0.421875 0.296875 0.421875 0.2953125 0.4203125 0.2953125 0.3671875 0.4078125 0.3671875 0.4140625 0.365625
3 0.2921875 0.8703125 0.29375 0.871875 0.29375 0.95 0.028125 0.95 0.0265625 0.9453125 0.028125 0.94375 0.0265625 0.8734375 0.0296875 0.8703125 0.290625 0.8703125
3 0.2890625 0.7640625 0.2890625 0.8171875 0.2859375 0.81875 0.1703125 0.81875 0.16875 0.8171875 0.1578125 0.81875 0.1484375 0.8171875 0.14375 0.81875 0.04375 0.81875 0.03125 0.8171875 0.03125 0.765625 0.0328125 0.7640625 0.2125 0.7640625 0.2140625 0.765625 0.215625 0.7640625 0.21875 0.765625 0.2875 0.7640625
3 0.396875 0.0328125 0.4015625 0.0375 0.4 0.0421875 0.4015625 0.0546875 0.4 0.10625 0.4015625 0.109375 0.4 0.1125 0.3890625 0.1140625 0.378125 0.1125 0.3578125 0.1125 0.35625 0.1140625 0.353125 0.1125 0.3515625 0.1140625 0.3375 0.1125 0.3296875 0.1140625 0.321875 0.1125 0.315625 0.1140625 0.2015625 0.1125 0.2 0.109375 0.2015625 0.0453125 0.2 0.0421875 0.203125 0.0328125 0.2921875 0.0328125 0.29375 0.034375 0.3953125 0.0328125
3 0.353125 0.8171875 0.3515625 0.7890625 0.3546875 0.7640625 0.528125 0.7640625 0.5296875 0.765625 0.5296875 0.8171875 0.5265625 0.81875 0.35625 0.81875 0.3546875 0.8171875
3 0.440625 0.91015625 0.1921875 0.05625
4 0.14375 0.4609375 0.1453125 0.02265625
4 0.4203125 0.33125 0.1875 0.02265625