1 0.2015625 0.271875 0.2125 0.2703125 0.21875 0.275 0.21875 0.2859375 0.2140625 0.290625 0.2046875 0.290625 0.2 0.2859375 0.2015625 0.2734375
1 0.4421875 0.3875 0.446875 0.39375 0.446875 0.4 0.440625 0.40625 0.428125 0.4046875 0.425 0.4 0.4296875 0.3875 0.434375 0.3859375 0.440625 0.3875
1 0.328125 0.5 0.325 0.490625 0.33125 0.4828125 0.3421875 0.4828125 0.346875 0.4875 0.346875 0.496875 0.3421875 0.5015625 0.3296875 0.5
1 0.7921875 0.4375 0.79375 0.45 0.7890625 0.4546875 0.775 0.453125 0.7734375 0.440625 0.778125 0.4359375 0.790625 0.4375
1 0.4296875 0.4296875 0.440625 0.4265625 0.4484375 0.434375 0.446875 0.44375 0.440625 0.4484375 0.434375 0.4484375 0.4265625 0.440625 0.4296875 0.43125
1 0.7859375 0.3203125 0.7921875 0.325 0.7921875 0.334375 0.7859375 0.340625 0.775 0.3390625 0.771875 0.3328125 0.7734375 0.3234375 0.78125 0.31875 0.784375 0.3203125
1 0.2109375 0.4 0.0234375 0.021875
1 0.2140625 0.2171875 0.21875 0.2234375 0.21875 0.228125 0.2125 0.2375 0.203125 0.2375 0.1984375 0.2328125 0.1984375 0.2203125 0.2015625 0.2171875 0.2125 0.2171875
1 0.7921875 0.5609375 0.79375 0.5765625 0.7875 0.5796875 0.7765625 0.578125 0.775 0.565625 0.78125 0.559375 0.790625 0.5609375
1 0.7859375 0.371875 0.79375 0.3796875 0.7890625 0.3921875 0.778125 0.3921875 0.7734375 0.3890625 0.771875 0.384375 0.7765625 0.3734375 0.784375 0.371875
1 0.7859375 0.5 0.0234375 0.0234375
1 0.775 0.2609375 0.7796875 0.259375 0.7875 0.2609375 0.7921875 0.2671875 0.7890625 0.278125 0.784375 0.28125 0.778125 0.28125 0.7703125 0.2734375 0.7703125 0.2671875 0.775 0.2625
1 0.215625 0.33125 0.21875 0.334375 0.2203125 0.3421875 0.2171875 0.3484375 0.2125 0.3515625 0.20625 0.3515625 0.2015625 0.3484375 0.1984375 0.3375 0.203125 0.33125 0.2140625 0.33125
1 0.784375 0.20625 0.7890625 0.2140625 0.7875 0.2234375 0.784375 0.2265625 0.7734375 0.2265625 0.76875 0.221875 0.7703125 0.2109375 0.775 0.20625 0.7828125 0.20625
1 0.440625 0.478125 0.4484375 0.4859375 0.4484375 0.4921875 0.4453125 0.4984375 0.440625 0.5 0.4296875 0.4984375 0.4265625 0.4921875 0.4296875 0.48125 0.434375 0.478125 0.4390625 0.478125
1 0.3359375 0.38125 0.346875 0.3796875 0.353125 0.384375 0.353125 0.3953125 0.3484375 0.4 0.3375 0.4 0.334375 0.3984375 0.3328125 0.3921875 0.3359375 0.3828125
1 0.34375 0.428125 0.3546875 0.4328125 0.3546875 0.4453125 0.3484375 0.45 0.340625 0.45 0.3359375 0.446875 0.334375 0.44375 0.3359375 0.43125 0.3421875 0.4296875
3 0.28125 0.1578125 0.2828125 0.159375 0.2859375 0.1578125 0.3015625 0.159375 0.2984375 0.190625 0.303125 0.209375 0.3 0.2109375 0.2953125 0.209375 0.2921875 0.2109375 0.23125 0.209375 0.228125 0.2125 0.2 0.209375 0.196875 0.190625 0.2 0.1625 0.20625 0.159375 0.2265625 0.159375 0.228125 0.1578125 0.24375 0.159375 0.246875 0.1578125 0.2796875 0.1578125
3 0.5109375 0.528125 0.5125 0.5296875 0.51875 0.528125 0.5203125 0.5296875 0.5609375 0.5296875 0.55625 0.546875 0.5609375 0.5796875 0.503125 0.58125 0.5015625 0.5828125 0.5 0.58125 0.4921875 0.5828125 0.459375 0.58125 0.459375 0.5765625 0.45625 0.571875 0.4546875 0.553125 0.45625 0.5421875 0.459375 0.5390625 0.459375 0.53125 0.4859375 0.53125 0.4875 0.5296875 0.4984375 0.53125 0.509375 0.528125
3 0.4984375 0.234375 0.5015625 0.259375 0.4984375 0.265625 0.3875 0.2671875 0.3859375 0.265625 0.3875 0.2390625 0.4078125 0.2359375 0.496875 0.2359375
3 0.3609375 0.6203125 0.375 0.621875 0.3765625 0.625 0.375 0.65 0.371875 0.6515625 0.3171875 0.6515625 0.315625 0.653125 0.2609375 0.6515625 0.2609375 0.628125 0.2640625 0.625 0.359375 0.6203125
3 0.83125 0.090625 0.834375 0.10625 0.8328125 0.1203125 0.8296875 0.121875 0.7875 0.121875 0.7859375 0.1203125 0.7203125 0.121875 0.7171875 0.1203125 0.7171875 0.1 0.721875 0.09375 0.7265625 0.0921875 0.8296875 0.090625
3 0.5421875 0.0375 0.5453125 0.0578125 0.54375 0.0671875 0.51875 0.0671875 0.5171875 0.06875 0.5 0.0671875 0.496875 0.0703125 0.4671875 0.0703125 0.4578125 0.0671875 0.43125 0.06875 0.428125 0.0546875 0.43125 0.040625 0.434375 0.0390625 0.540625 0.0375
3 0.5109375 0.3234375 0.5125 0.3359375 0.509375 0.340625 0.509375 0.3578125 0.5125 0.3625 0.5140625 0.3734375 0.5125 0.3765625 0.5 0.378125 0.4140625 0.378125 0.4078125 0.359375 0.409375 0.334375 0.4125 0.325 0.509375 0.3234375
3 0.54375 0.13125 0.5453125 0.1328125 0.54375 0.1390625 0.5453125 0.1609375 0.5 0.1609375 0.4984375 0.1625 0.4328125 0.1625 0.4328125 0.1484375 0.4296875 0.14375 0.4359375 0.1328125 0.5421875 0.13125
3 0.54375 0.084375 0.5453125 0.0953125 0.54375 0.1140625 0.5 0.1140625 0.4984375 0.115625 0.43125 0.115625 0.4296875 0.09375 0.4328125 0.0875 0.4359375 0.0859375 0.5421875 0.084375
3 0.70625 0.15 0.7078125 0.1515625 0.721875 0.15 0.7515625 0.15 0.753125 0.1515625 0.7515625 0.1703125 0.7484375 0.175 0.753125 0.190625 0.753125 0.2015625 0.7296875 0.2015625 0.7265625 0.2046875 0.7015625 0.2046875 0.7 0.203125 0.675 0.2046875 0.6515625 0.2015625 0.646875 0.18125 0.6515625 0.153125 0.7046875 0.15
3 0.371875 0.5734375 0.375 0.578125 0.3734375 0.5796875 0.375 0.603125 0.325 0.603125 0.315625 0.60625 0.3015625 0.6046875 0.265625 0.60625 0.2609375 0.6046875 0.259375 0.584375 0.2625 0.578125 0.26875 0.575 0.3703125 0.5734375
3 0.89375 0.1734375 0.1125 0.06875
0 0.753125 0.2375 0.025 0.0765625
0 0.79375 0.17421875 0.0859375 0.0125
0 0.70703125 0.1265625 0.021875 0.0453125
0 0.35390625 0.103125 0.1515625 0.1078125
0 0.61171875 0.09765625 0.13125 0.10625
0 0.6125 0.121875 0.128125 0.0609375
0 0.6125 0.14453125 0.128125 0.0140625
0 0.471875 0.18046875 0.346875 0.0140625
0 0.34453125 0.22421875 0.0796875 0.059375
0 0.446875 0.2953125 0.0078125 0.059375
0 0.346875 0.2828125 0.1171875 0.146875
0 0.37890625 0.42890625 0.0640625 0.1296875
0 0.46171875 0.3890625 0.0265625 0.0203125
0 0.58984375 0.2796875 0.165625 0.1515625
0 0.74296875 0.35390625 0.059375 0.3015625
0 0.44453125 0.609375 0.1390625 0.05625
0 0.22890625 0.24765625 0.01875 0.0703125
0 0.23984375 0.3078125 0.0390625 0.190625
0 0.73515625 0.38828125 0.075 0.36875
0 0.86484375 0.1203125 0.05625 0.0421875
4 0.78515625 0.24296875 0.06875 0.021875
4 0.7859375 0.29609375 0.0875 0.01875
4 0.79375 0.3546875 0.0609375 0.01875
4 0.78359375 0.40703125 0.04375 0.01875
4 0.7859375 0.46953125 0.096875 0.021875
4 0.78984375 0.5265625 0.1078125 0.03125
4 0.7890625 0.5921875 0.046875 0.01875
4 0.42890625 0.459375 0.0828125 0.0203125
4 0.4359375 0.41484375 0.0421875 0.01875
4 0.340625 0.41796875 0.0953125 0.01875
4 0.34140625 0.4609375 0.0671875 0.0203125
4 0.19375 0.428125 0.0828125 0.01875
4 0.2015625 0.36796875 0.04375 0.01875
4 0.2 0.30703125 0.0421875 0.01875
4 0.1984375 0.25546875 0.059375 0.0203125
4 0.34140625 0.51796875 0.10625 0.028125
4 0.42890625 0.51171875 0.0578125 0.0203125