0 0.13671875 0.165625 0.05078125 0.0140625
0 0.35390625 0.1265625 0.0953125 0.0296875
0 0.35 0.225 0.10625 0.05234375
0 0.32109375 0.33203125 0.60234375 0.0171875
0 0.596875 0.25234375 0.06640625 0.034375
0 0.8140625 0.11640625 0.0484375 0.0125
0 0.5875 0.115625 0.04765625 0.01015625
4 0.365625 0.2421875 0.0234375 0.0234375
4 0.365625 0.11484375 0.02421875 0.0234375
4 0.24375 0.33515625 0.02421875 0.02734375
1 0.703125 0.3078125 0.16875 0.1625
3 0.640625 0.090625 0.6421875 0.0921875 0.6640625 0.0921875 0.665625 0.090625 0.690625 0.090625 0.6921875 0.0921875 0.7859375 0.090625 0.790625 0.0921875 0.790625 0.1390625 0.7671875 0.1421875 0.7625 0.140625 0.740625 0.140625 0.7390625 0.1421875 0.73125 0.140625 0.7109375 0.140625 0.709375 0.1421875 0.6125 0.140625 0.6109375 0.1390625 0.6109375 0.0921875 0.6390625 0.090625
3 0.5609375 0.2171875 0.5625 0.21875 0.5625 0.265625 0.5609375 0.2671875 0.4046875 0.2671875 0.4015625 0.2625 0.403125 0.2515625 0.4015625 0.221875 0.4046875 0.2171875 0.559375 0.2171875
3 0.4390625 0.090625 0.440625 0.0921875 0.44375 0.090625 0.4625 0.090625 0.4640625 0.0921875 0.46875 0.090625 0.5609375 0.090625 0.5640625 0.0921875 0.5640625 0.1390625 0.5453125 0.1421875 0.4046875 0.140625 0.4015625 0.1375 0.4015625 0.0921875 0.409375 0.090625 0.4375 0.0921875
2 0.2453125 0.08125 0.3296875 0.1640625 0.3265625 0.16875 0.2453125 0.2484375 0.1640625 0.16875 0.1625 0.1625 0.24375 0.0828125