0 0.88046875 0.18515625 0.0515625 0.0171875
0 0.665625 0.134375 0.096875 0.034375
0 0.6640625 0.23359375 0.109375 0.0578125
0 0.6875 0.34140625 0.603125 0.0484375
0 0.41640625 0.24765625 0.06875 0.0375
0 0.20625 0.10078125 0.0484375 0.015625
0 0.4328125 0.11171875 0.0484375 0.0125
4 0.64765625 0.24921875 0.025 0.025
4 0.6546875 0.12265625 0.025 0.025
4 0.76484375 0.3484375 0.025 0.028125
1 0.30703125 0.29765625 0.1765625 0.171875
3 0.2296875 0.078125 0.2546875 0.0765625 0.2578125 0.0796875 0.28125 0.078125 0.2890625 0.08125 0.3109375 0.0796875 0.31875 0.0828125 0.346875 0.08125 0.35625 0.084375 0.4015625 0.084375 0.409375 0.0875 0.4078125 0.1234375 0.4046875 0.1359375 0.403125 0.134375 0.375 0.134375 0.34375 0.13125 0.315625 0.1328125 0.30625 0.1296875 0.2296875 0.1265625 0.2265625 0.1234375 0.2296875 0.0796875
3 0.4625 0.2140625 0.4640625 0.215625 0.6078125 0.221875 0.6109375 0.2265625 0.609375 0.23125 0.6109375 0.24375 0.6078125 0.25 0.609375 0.2671875 0.60625 0.271875 0.45 0.2640625 0.4484375 0.2625 0.45 0.2171875 0.453125 0.2140625 0.4609375 0.2140625
3 0.465625 0.0875 0.4671875 0.0890625 0.525 0.090625 0.5265625 0.0921875 0.5765625 0.09375 0.578125 0.0953125 0.609375 0.0953125 0.61875 0.0984375 0.615625 0.14375 0.6125 0.1453125 0.584375 0.1453125 0.5828125 0.14375 0.5546875 0.1453125 0.5453125 0.1421875 0.525 0.1421875 0.5234375 0.140625 0.4953125 0.1421875 0.4546875 0.1375 0.453125 0.1359375 0.4546875 0.0953125 0.45625 0.0890625 0.4640625 0.0875
2 0.775 0.0953125 0.809375 0.13125 0.8109375 0.1359375 0.8234375 0.15 0.8515625 0.178125 0.853125 0.18125 0.8515625 0.1859375 0.765625 0.2625 0.75625 0.253125 0.753125 0.246875 0.7234375 0.2171875 0.7234375 0.2140625 0.7078125 0.2 0.7015625 0.190625 0.696875 0.1875 0.696875 0.184375 0.6859375 0.1734375 0.69375 0.165625 0.696875 0.165625 0.703125 0.1578125 0.709375 0.1546875 0.7234375 0.1390625 0.7421875 0.125 0.75625 0.109375 0.7734375 0.096875