0 0.13125 0.171875 0.0515625 0.015625
0 0.34765625 0.12890625 0.0953125 0.03125
0 0.3453125 0.22734375 0.1078125 0.0546875
0 0.31796875 0.33515625 0.603125 0.028125
0 0.5921875 0.25078125 0.0671875 0.0359375
0 0.80703125 0.1109375 0.0484375 0.0140625
0 0.58046875 0.1140625 0.0484375 0.0109375
4 0.3609375 0.24453125 0.0234375 0.0234375
4 0.35859375 0.1171875 0.025 0.0234375
4 0.240625 0.33984375 0.025 0.028125
1 0.7 0.30390625 0.171875 0.165625
3 0.684375 0.0875 0.6859375 0.0890625 0.7015625 0.0890625 0.703125 0.0875 0.7578125 0.0890625 0.765625 0.0859375 0.784375 0.0875 0.784375 0.1359375 0.76875 0.1359375 0.7609375 0.1390625 0.7578125 0.1375 0.60625 0.1390625 0.6046875 0.1375 0.6046875 0.090625 0.6125 0.0890625 0.6578125 0.090625 0.6828125 0.0875
3 0.396875 0.225 0.4 0.2203125 0.4078125 0.21875 0.55625 0.2171875 0.559375 0.23125 0.559375 0.265625 0.5578125 0.2671875 0.4015625 0.2703125 0.3984375 0.265625 0.4 0.253125 0.3984375 0.2265625
3 0.4328125 0.0921875 0.434375 0.09375 0.4375 0.0921875 0.4609375 0.09375 0.4625 0.0921875 0.4953125 0.0921875 0.496875 0.090625 0.5546875 0.090625 0.5578125 0.0921875 0.5578125 0.1390625 0.55625 0.140625 0.540625 0.1421875 0.5046875 0.1421875 0.5015625 0.140625 0.4984375 0.14375 0.49375 0.1421875 0.4 0.14375 0.3953125 0.1390625 0.3953125 0.0953125 0.4015625 0.0953125 0.40625 0.0921875 0.43125 0.09375
2 0.2390625 0.0859375 0.3234375 0.1671875 0.3140625 0.18125 0.2671875 0.2265625 0.265625 0.23125 0.2453125 0.2515625 0.240625 0.253125 0.209375 0.221875 0.1984375 0.2140625 0.1578125 0.171875 0.1578125 0.16875 0.1828125 0.1453125 0.2 0.125 0.2375 0.0875