2 0.234375 0.10625 0.2375 0.1046875 0.240625 0.10625 0.290625 0.165625 0.303125 0.1765625 0.3109375 0.1890625 0.328125 0.2078125 0.3265625 0.2125 0.30625 0.23125 0.3 0.234375 0.296875 0.240625 0.275 0.25625 0.246875 0.284375 0.24375 0.284375 0.2359375 0.2921875 0.2328125 0.2921875 0.2265625 0.3 0.221875 0.3 0.1328125 0.196875 0.146875 0.18125 0.1609375 0.171875 0.171875 0.159375 0.1859375 0.15 0.1953125 0.1390625 0.2078125 0.13125 0.2171875 0.1203125 0.234375 0.1078125
3 0.45625 0.3484375 0.459375 0.346875 0.4875 0.3484375 0.5296875 0.353125 0.546875 0.3515625 0.5515625 0.3546875 0.5734375 0.3546875 0.61875 0.359375 0.6265625 0.3578125 0.640625 0.3609375 0.6625 0.3609375 0.6734375 0.3640625 0.6703125 0.4171875 0.6671875 0.4265625 0.6609375 0.4265625 0.659375 0.425 0.6375 0.425 0.6359375 0.4234375 0.4546875 0.4109375 0.453125 0.409375 0.453125 0.3875 0.4546875 0.3859375 0.45625 0.35
3 0.446875 0.121875 0.4484375 0.1234375 0.73125 0.1421875 0.7328125 0.14375 0.7296875 0.1734375 0.73125 0.1765625 0.7265625 0.2078125 0.428125 0.1875 0.425 0.184375 0.428125 0.1234375 0.4453125 0.121875
4 0.3796875 0.15078125 0.034375 0.0234375
4 0.3640625 0.37109375 0.028125 0.025
4 0.20859375 0.496875 0.0265625 0.028125
0 0.10078125 0.19296875 0.0625 0.021875
0 0.36484375 0.16171875 0.1234375 0.05
0 0.76015625 0.17578125 0.0609375 0.0203125
0 0.36328125 0.32109375 0.196875 0.13125
0 0.7328125 0.409375 0.1265625 0.0484375