2 0.20625 0.125 0.2109375 0.1234375 0.3078125 0.2203125 0.30625 0.225 0.2796875 0.25 0.278125 0.2546875 0.2703125 0.2625 0.265625 0.2640625 0.25625 0.2734375 0.246875 0.2859375 0.240625 0.2890625 0.23125 0.3015625 0.2265625 0.303125 0.2125 0.31875 0.2078125 0.31875 0.1125 0.2234375 0.1125 0.21875 0.20625 0.1265625
3 0.4765625 0.3484375 0.478125 0.35 0.5296875 0.35 0.53125 0.3484375 0.5375 0.35 0.609375 0.35 0.6109375 0.3484375 0.6609375 0.35 0.6625 0.3515625 0.6625 0.4109375 0.6609375 0.4140625 0.4484375 0.4140625 0.4453125 0.4109375 0.4453125 0.3515625 0.475 0.3484375
3 0.7046875 0.1265625 0.70625 0.128125 0.70625 0.159375 0.7078125 0.1609375 0.7046875 0.1921875 0.4046875 0.1921875 0.4015625 0.1890625 0.4015625 0.128125 0.4046875 0.1265625 0.703125 0.1265625
4 0.35546875 0.16015625 0.03359375 0.021875
4 0.35546875 0.38125 0.0265625 0.02265625
4 0.209375 0.5171875 0.02421875 0.0265625
0 0.08046875 0.221875 0.06171875 0.01796875
0 0.34140625 0.171875 0.1203125 0.04140625
0 0.73671875 0.15859375 0.06015625 0.01640625
0 0.35078125 0.33125 0.18984375 0.11796875
0 0.72578125 0.39375 0.12421875 0.03984375