2 0.8109375 0.140625 0.821875 0.1546875 0.834375 0.165625 0.8328125 0.1671875 0.8484375 0.18125 0.8625 0.2 0.878125 0.2140625 0.88125 0.2203125 0.9 0.2390625 0.9 0.24375 0.8 0.334375 0.7953125 0.334375 0.7828125 0.31875 0.7765625 0.315625 0.7765625 0.3125 0.76875 0.303125 0.7625 0.3 0.7609375 0.2953125 0.746875 0.28125 0.746875 0.278125 0.7328125 0.2671875 0.73125 0.2609375 0.70625 0.2359375 0.7046875 0.23125 0.7296875 0.20625 0.7328125 0.20625 0.80625 0.1390625 0.809375 0.140625
3 0.5328125 0.35 0.5609375 0.3546875 0.5578125 0.4140625 0.5546875 0.4171875 0.3421875 0.40625 0.340625 0.403125 0.3421875 0.3625 0.3453125 0.3421875 0.36875 0.3421875 0.3703125 0.34375 0.3953125 0.3421875 0.4015625 0.3453125 0.4296875 0.3453125 0.4609375 0.3484375 0.475 0.346875 0.490625 0.35 0.51875 0.35 0.5203125 0.3515625 0.53125 0.35
3 0.4953125 0.125 0.496875 0.1265625 0.6125 0.13125 0.615625 0.134375 0.615625 0.159375 0.6140625 0.1609375 0.6140625 0.1890625 0.6109375 0.196875 0.5828125 0.196875 0.58125 0.1953125 0.553125 0.1953125 0.5515625 0.19375 0.5234375 0.19375 0.521875 0.1921875 0.49375 0.1921875 0.4921875 0.190625 0.4640625 0.190625 0.4625 0.1890625 0.434375 0.1890625 0.4328125 0.1875 0.3734375 0.1859375 0.371875 0.184375 0.309375 0.18125 0.3109375 0.121875 0.3140625 0.115625 0.346875 0.11875 0.375 0.11875 0.3765625 0.1203125 0.4046875 0.1203125 0.40625 0.121875 0.434375 0.121875 0.4359375 0.1234375 0.4640625 0.1234375 0.465625 0.125 0.49375 0.125
4 0.6625 0.16796875 0.034375 0.0234375
4 0.65078125 0.3890625 0.028125 0.0234375
4 0.7890625 0.53203125 0.025 0.028125
0 0.93359375 0.24453125 0.0625 0.021875
0 0.67578125 0.18046875 0.121875 0.046875
0 0.28125 0.146875 0.0609375 0.0203125
0 0.6578125 0.3390625 0.1953125 0.128125
0 0.28046875 0.38203125 0.1265625 0.046875