3 0.22109375 0.409375 0.2265625 0.115625
3 0.54296875 0.38515625 0.21875 0.1140625
4 0.08359375 0.57734375 0.1546875 0.0546875
4 0.23359375 0.5671875 0.1328125 0.0546875
4 0.37578125 0.5546875 0.09375 0.05
4 0.5203125 0.5484375 0.1578125 0.053125
4 0.71796875 0.4875 0.10625 0.053125
4 0.74296875 0.5921875 0.134375 0.05
4 0.340625 0.24375 0.203125 0.05625
3 0.73046875 0.16953125 0.228125 0.1125
0 0.0609375 0.41875 0.121875 0.025
0 0.3890625 0.39765625 0.121875 0.0265625
0 0.6 0.25390625 0.0640625 0.1640625