3 0.228125 0.38984375 0.21953125 0.10078125
3 0.55078125 0.38828125 0.21171875 0.1
4 0.07890625 0.5484375 0.15234375 0.04453125
4 0.2296875 0.5484375 0.13046875 0.04609375
4 0.371875 0.54609375 0.090625 0.04453125
4 0.5171875 0.55 0.1546875 0.0421875
4 0.71796875 0.50234375 0.103125 0.04609375
4 0.7359375 0.60859375 0.13125 0.04140625
4 0.35859375 0.23359375 0.2 0.0421875
3 0.753125 0.18671875 0.221875 0.09765625
0 0.06796875 0.38828125 0.121875 0.0171875
0 0.396875 0.38984375 0.12109375 0.01796875
0 0.6171875 0.26171875 0.053125 0.16015625