3 0.2265625 0.39453125 0.221875 0.1046875
3 0.5484375 0.3875 0.2140625 0.103125
4 0.0796875 0.55546875 0.153125 0.046875
4 0.23046875 0.553125 0.13125 0.0484375
4 0.37265625 0.5484375 0.090625 0.046875
4 0.51796875 0.55 0.1546875 0.0453125
4 0.71796875 0.4984375 0.1046875 0.0484375
4 0.7375 0.6046875 0.13125 0.04375
4 0.35390625 0.2359375 0.2 0.0453125
3 0.74765625 0.18203125 0.2234375 0.1015625
0 0.06640625 0.39609375 0.121875 0.01875
0 0.3953125 0.39140625 0.121875 0.0203125
0 0.61328125 0.259375 0.05625 0.1609375