0 0.44765625 0.4453125 0.5765625 0.3203125
0 0.6625 0.3546875 0.0671875 0.02265625
0 0.4578125 0.33359375 0.5984375 0.13828125
0 0.46953125 0.26796875 0.621875 0.0890625
0 0.47890625 0.26484375 0.64609375 0.08984375
0 0.1125 0.72578125 0.04765625 0.05234375
0 0.50390625 0.86953125 0.09375 0.040625
0 0.634375 0.915625 0.1421875 0.05078125
0 0.27265625 0.871875 0.228125 0.1109375
0 0.83984375 0.821875 0.0453125 0.05703125
0 0.09375 0.5375 0.0421875 0.05078125
0 0.06328125 0.1453125 0.06015625 0.046875
3 0.7671875 0.35390625 0.13125 0.0984375
3 0.09140625 0.2125 0.1359375 0.08828125
3 0.09140625 0.41328125 0.1390625 0.0921875
3 0.09140625 0.609375 0.1390625 0.09375
3 0.090625 0.79609375 0.134375 0.0921875
3 0.475 0.9375 0.17578125 0.09375
3 0.8140625 0.89765625 0.21796875 0.0921875