0 0.5515625 0.44453125 0.5828125 0.3296875
0 0.33515625 0.3578125 0.0671875 0.0234375
0 0.5390625 0.3328125 0.6 0.1484375
0 0.5265625 0.2671875 0.6234375 0.1
0 0.5171875 0.26484375 0.646875 0.1015625
0 0.89140625 0.71875 0.0484375 0.053125
0 0.50234375 0.86953125 0.09375 0.0421875
0 0.37265625 0.91796875 0.14375 0.053125
0 0.73359375 0.86796875 0.2296875 0.115625
0 0.165625 0.828125 0.046875 0.0578125
0 0.90703125 0.53046875 0.04375 0.0515625
0 0.93046875 0.1375 0.0609375 0.0484375
3 0.23046875 0.35859375 0.1328125 0.1
3 0.903125 0.20546875 0.1375 0.090625
3 0.90703125 0.40625 0.140625 0.0953125
3 0.91015625 0.60234375 0.140625 0.096875
3 0.91484375 0.7890625 0.1359375 0.09375
3 0.5328125 0.93671875 0.178125 0.096875
3 0.19296875 0.903125 0.2203125 0.0953125