0 0.44453125 0.4484375 0.5921875 0.35
0 0.6546875 0.34609375 0.06875 0.0265625
0 0.44921875 0.3359375 0.6046875 0.16875
0 0.4578125 0.26953125 0.625 0.121875
0 0.46640625 0.26640625 0.65 0.1234375
0 0.125 0.74609375 0.05 0.0546875
0 0.5234375 0.86875 0.0953125 0.0453125
0 0.65625 0.9078125 0.1453125 0.0578125
0 0.2921875 0.88359375 0.234375 0.1234375
0 0.85625 0.80390625 0.0484375 0.059375
0 0.09609375 0.55859375 0.0453125 0.053125
0 0.0453125 0.16875 0.0625 0.05
3 0.759375 0.33984375 0.1359375 0.1046875
3 0.0765625 0.234375 0.140625 0.0953125
3 0.0875 0.43515625 0.14375 0.1
3 0.09765625 0.63046875 0.14375 0.1015625
3 0.10703125 0.8171875 0.1390625 0.0984375
3 0.49765625 0.93828125 0.1796875 0.103125
3 0.834375 0.88046875 0.221875 0.103125