3 0.7265625 0.7265625 0.7296875 0.7296875 0.73125 0.740625 0.7296875 0.7890625 0.7265625 0.80625 0.7171875 0.8125 0.596875 0.8078125 0.5921875 0.8046875 0.5875 0.80625 0.5578125 0.8046875 0.546875 0.796875 0.5453125 0.7890625 0.5484375 0.728125 0.55625 0.7171875 0.5640625 0.7140625 0.6578125 0.71875 0.659375 0.7203125 0.6875 0.7203125 0.6890625 0.721875 0.7171875 0.721875 0.725 0.7265625
3 0.8265625 0.015625 0.828125 0.0171875 0.88125 0.01875 0.8828125 0.021875 0.890625 0.0234375 0.8953125 0.028125 0.8953125 0.0453125 0.896875 0.046875 0.8953125 0.0484375 0.8953125 0.0765625 0.8921875 0.084375 0.890625 0.1171875 0.8859375 0.1234375 0.878125 0.125 0.70625 0.1171875 0.7015625 0.1125 0.696875 0.1125 0.69375 0.109375 0.6921875 0.1015625 0.69375 0.1 0.696875 0.0203125 0.7046875 0.0125 0.7359375 0.0109375 0.7375 0.0125 0.825 0.015625
3 0.3046875 0.540625 0.3171875 0.54375 0.334375 0.5421875 0.365625 0.546875 0.39375 0.5453125 0.3953125 0.546875 0.4828125 0.55 0.5015625 0.553125 0.5078125 0.5609375 0.5046875 0.63125 0.4953125 0.6390625 0.45 0.6375 0.4484375 0.6359375 0.421875 0.6375 0.4125 0.634375 0.403125 0.6359375 0.390625 0.6328125 0.3828125 0.634375 0.3609375 0.63125 0.359375 0.6328125 0.3484375 0.63125 0.3328125 0.6328125 0.3203125 0.6296875 0.303125 0.63125 0.2875 0.6265625 0.2828125 0.615625 0.2859375 0.55625 0.290625 0.54375 0.303125 0.540625
0 0.16171875 0.43046875 0.1421875 0.103125
0 0.178125 0.21875 0.14375 0.103125
0 0.1828125 0.040625 0.14375 0.08125
4 0.753125 0.67890625 0.103125 0.040625
4 0.7171875 0.9015625 0.09375 0.05625
4 0.26484375 0.3453125 0.1078125 0.040625
4 0.271875 0.1359375 0.059375 0.0375
0 0.4703125 0.69765625 0.16875 0.128125
0 0.29765625 0.4859375 0.146875 0.1171875
0 0.315625 0.38515625 0.1734375 0.3203125
0 0.471875 0.04609375 0.446875 0.040625