3 0.43125 0.7140625 0.4359375 0.71875 0.4375 0.725 0.4375 0.7859375 0.4359375 0.79375 0.425 0.8015625 0.3953125 0.8015625 0.39375 0.8 0.3890625 0.8015625 0.26875 0.8015625 0.2640625 0.8 0.25625 0.79375 0.2546875 0.7875 0.2546875 0.728125 0.25625 0.71875 0.265625 0.7109375 0.4234375 0.7109375 0.4296875 0.7140625
3 0.1421875 0 0.315625 0 0.3265625 0.0109375 0.3265625 0.0953125 0.321875 0.103125 0.3171875 0.103125 0.3125 0.10625 0.140625 0.10625 0.1328125 0.103125 0.128125 0.096875 0.1265625 0.0265625 0.128125 0.025 0.128125 0.0078125 0.1328125 0.003125 0.1421875 0.0015625
3 0.609375 0.5515625 0.6109375 0.553125 0.6953125 0.5515625 0.7046875 0.5546875 0.709375 0.5671875 0.709375 0.6265625 0.7046875 0.6375 0.69375 0.640625 0.678125 0.6390625 0.66875 0.640625 0.6484375 0.640625 0.646875 0.6390625 0.640625 0.640625 0.63125 0.6390625 0.55 0.640625 0.5421875 0.6390625 0.540625 0.640625 0.5390625 0.6390625 0.4953125 0.6390625 0.490625 0.6359375 0.4875 0.63125 0.4875 0.5609375 0.49375 0.553125 0.5 0.5515625 0.6078125 0.5515625
0 0.84140625 0.4484375 0.1375 0.0953125
0 0.8359375 0.2359375 0.13828125 0.0953125
0 0.84140625 0.0484375 0.13828125 0.09375
4 0.2375 0.665625 0.10078125 0.0359375
4 0.26171875 0.88984375 0.090625 0.0515625
4 0.74296875 0.3578125 0.10546875 0.034375
4 0.746875 0.1484375 0.0578125 0.034375
0 0.51953125 0.69921875 0.1625 0.11953125
0 0.703125 0.496875 0.140625 0.11015625
0 0.68984375 0.3953125 0.1578125 0.3125
0 0.5515625 0.0484375 0.44609375 0.0171875