3 0.7203125 0.71875 0.7265625 0.7203125 0.7359375 0.728125 0.734375 0.7296875 0.7359375 0.7734375 0.7328125 0.803125 0.71875 0.8109375 0.7171875 0.809375 0.5640625 0.8046875 0.553125 0.796875 0.5515625 0.7890625 0.553125 0.728125 0.55625 0.721875 0.5640625 0.715625 0.5859375 0.7140625 0.5875 0.715625 0.71875 0.71875
3 0.7328125 0.0078125 0.734375 0.009375 0.8671875 0.0125 0.875 0.0140625 0.8765625 0.0171875 0.8828125 0.0171875 0.8875 0.021875 0.8875 0.0390625 0.8890625 0.040625 0.8859375 0.1046875 0.8796875 0.1171875 0.871875 0.1203125 0.7 0.1140625 0.6921875 0.1109375 0.6859375 0.1015625 0.6875 0.1 0.6890625 0.01875 0.6953125 0.0109375 0.7015625 0.0078125 0.73125 0.0078125
3 0.3171875 0.5453125 0.321875 0.5484375 0.3234375 0.546875 0.353125 0.546875 0.3671875 0.55 0.4109375 0.5484375 0.4125 0.55 0.496875 0.5515625 0.5046875 0.5546875 0.509375 0.5625 0.5078125 0.63125 0.4984375 0.640625 0.496875 0.6390625 0.453125 0.6390625 0.4515625 0.6375 0.4453125 0.6390625 0.4109375 0.6375 0.409375 0.6390625 0.4046875 0.6359375 0.3859375 0.6375 0.384375 0.6359375 0.353125 0.6359375 0.3515625 0.634375 0.3265625 0.6359375 0.3171875 0.6328125 0.315625 0.634375 0.3 0.634375 0.290625 0.63125 0.2859375 0.6203125 0.2859375 0.5859375 0.2890625 0.553125 0.2953125 0.546875 0.315625 0.5453125
0 0.1609375 0.43671875 0.140625 0.1
0 0.1734375 0.22421875 0.1421875 0.1
0 0.17421875 0.04296875 0.1421875 0.0859375
4 0.75625 0.675 0.1015625 0.0390625
4 0.72421875 0.89765625 0.0921875 0.0546875
4 0.2625 0.34921875 0.10625 0.0375
4 0.265625 0.13984375 0.059375 0.0359375
0 0.4734375 0.6984375 0.1671875 0.125
0 0.296875 0.48984375 0.14375 0.115625
0 0.3140625 0.3890625 0.16875 0.3171875
0 0.4640625 0.046875 0.446875 0.0328125