3 0.1421875 0.5515625 0.14375 0.553125 0.1859375 0.553125 0.1875 0.5546875 0.23125 0.5546875 0.25 0.5578125 0.253125 0.5609375 0.2515625 0.63125 0.246875 0.6421875 0.2421875 0.64375 0.140625 0.640625 0.1234375 0.6375 0.11875 0.63125 0.121875 0.559375 0.1296875 0.5515625 0.140625 0.5515625
3 0.1453125 0.375 0.146875 0.3765625 0.1859375 0.375 0.190625 0.378125 0.234375 0.3765625 0.25625 0.38125 0.2609375 0.390625 0.2609375 0.40625 0.2578125 0.4109375 0.259375 0.4125 0.2578125 0.4515625 0.25625 0.4609375 0.2515625 0.465625 0.24375 0.4671875 0.14375 0.4640625 0.134375 0.4625 0.1265625 0.4578125 0.125 0.45 0.128125 0.421875 0.1265625 0.4109375 0.128125 0.3828125 0.1296875 0.378125 0.1359375 0.375 0.14375 0.375
1 0.659375 0.41875 0.6671875 0.4296875 0.66875 0.440625 0.665625 0.4484375 0.6578125 0.45625 0.653125 0.4578125 0.6375 0.4578125 0.6328125 0.4546875 0.6265625 0.446875 0.6234375 0.4328125 0.6265625 0.428125 0.6265625 0.4234375 0.6375 0.415625 0.6484375 0.4140625 0.65625 0.415625 0.6578125 0.41875
1 0.6421875 0.68125 0.646875 0.6890625 0.6484375 0.7015625 0.64375 0.7125 0.634375 0.71875 0.6140625 0.7171875 0.603125 0.703125 0.603125 0.6921875 0.60625 0.6859375 0.6203125 0.675 0.63125 0.675 0.640625 0.68125
1 0.634375 0.5234375 0.65 0.5328125 0.6546875 0.5453125 0.6484375 0.5609375 0.64375 0.565625 0.6359375 0.56875 0.61875 0.565625 0.6109375 0.5578125 0.6078125 0.55 0.6125 0.534375 0.6171875 0.528125 0.6328125 0.5234375
4 0.63984375 0.48125 0.0890625 0.0421875
4 0.6328125 0.60078125 0.1796875 0.0421875
4 0.63046875 0.753125 0.1796875 0.0625
2 0.409375 0.5734375 0.4390625 0.603125 0.4390625 0.609375 0.4109375 0.6359375 0.403125 0.6359375 0.375 0.6046875 0.3875 0.5890625 0.390625 0.5890625 0.4078125 0.5734375
0 0.440625 0.42734375 0.3640625 0.034375
0 0.31328125 0.60078125 0.1203125 0.025
0 0.50546875 0.553125 0.203125 0.05
0 0.5 0.67109375 0.20625 0.06875