3 0.2515625 0.565625 0.2546875 0.56875 0.2546875 0.6453125 0.2515625 0.65 0.246875 0.6515625 0.1328125 0.6515625 0.128125 0.65 0.1234375 0.64375 0.1234375 0.571875 0.13125 0.5640625 0.2484375 0.5640625 0.25 0.565625
3 0.18125 0.3859375 0.1828125 0.3875 0.2390625 0.3859375 0.2515625 0.3890625 0.2546875 0.3921875 0.25625 0.3984375 0.2546875 0.46875 0.25 0.4734375 0.2421875 0.475 0.1328125 0.475 0.125 0.4703125 0.1234375 0.465625 0.1234375 0.4359375 0.125 0.434375 0.1234375 0.3953125 0.125 0.390625 0.13125 0.3875 0.146875 0.3859375 0.15 0.3875 0.1796875 0.3859375
1 0.64375 0.4078125 0.65625 0.4125 0.6609375 0.4171875 0.665625 0.428125 0.6625 0.4421875 0.6546875 0.45 0.64375 0.453125 0.63125 0.45 0.6234375 0.4421875 0.6203125 0.434375 0.6234375 0.41875 0.634375 0.409375 0.6421875 0.4078125
1 0.6375 0.6703125 0.6515625 0.6796875 0.6546875 0.6890625 0.653125 0.7015625 0.65 0.70625 0.6453125 0.7109375 0.6375 0.7140625 0.6203125 0.7125 0.609375 0.6984375 0.609375 0.6875 0.6171875 0.675 0.625 0.6703125 0.6359375 0.6703125
1 0.6375 0.51875 0.65 0.5265625 0.653125 0.53125 0.6546875 0.54375 0.65 0.5546875 0.6453125 0.559375 0.634375 0.5640625 0.6203125 0.5609375 0.6125 0.553125 0.609375 0.5453125 0.609375 0.5375 0.6171875 0.5234375 0.628125 0.51875 0.6359375 0.51875
4 0.6390625 0.4765625 0.08828125 0.03984375
4 0.6359375 0.59609375 0.178125 0.0359375
4 0.6390625 0.7484375 0.178125 0.05703125
2 0.4109375 0.575 0.4421875 0.6046875 0.4421875 0.6109375 0.4125 0.6390625 0.4078125 0.6390625 0.3796875 0.6109375 0.378125 0.60625 0.3828125 0.6 0.409375 0.5765625
0 0.43828125 0.4296875 0.3640625 0.02109375
0 0.3171875 0.60703125 0.1203125 0.0203125
0 0.50703125 0.553125 0.20234375 0.0421875
0 0.50625 0.67109375 0.20390625 0.06171875