3 0.76875 0.56875 0.7703125 0.5703125 0.859375 0.5703125 0.8703125 0.5734375 0.875 0.5796875 0.8734375 0.6515625 0.871875 0.6546875 0.8625 0.659375 0.8546875 0.6578125 0.7671875 0.6578125 0.7453125 0.6546875 0.7421875 0.65 0.74375 0.5734375 0.75 0.56875 0.7671875 0.56875
3 0.7828125 0.3921875 0.784375 0.39375 0.8 0.3921875 0.8515625 0.39375 0.853125 0.3921875 0.8765625 0.3984375 0.878125 0.403125 0.875 0.4328125 0.8765625 0.4734375 0.875 0.478125 0.865625 0.4828125 0.76875 0.48125 0.75 0.478125 0.7453125 0.4734375 0.74375 0.4125 0.746875 0.396875 0.75 0.39375 0.7625 0.390625 0.78125 0.3921875
1 0.3671875 0.4078125 0.3765625 0.4171875 0.3796875 0.4328125 0.3765625 0.440625 0.36875 0.4484375 0.35625 0.4515625 0.3453125 0.4484375 0.3375 0.440625 0.334375 0.4265625 0.3390625 0.415625 0.3484375 0.4078125 0.35625 0.40625 0.365625 0.4078125
1 0.371875 0.66875 0.3828125 0.6796875 0.3859375 0.6859375 0.3859375 0.696875 0.375 0.7109375 0.36875 0.7125 0.3578125 0.7125 0.35 0.709375 0.3421875 0.7 0.340625 0.6875 0.34375 0.678125 0.3515625 0.671875 0.359375 0.66875 0.3703125 0.66875
1 0.3703125 0.5171875 0.38125 0.521875 0.3859375 0.528125 0.3890625 0.5359375 0.3890625 0.54375 0.3859375 0.5515625 0.378125 0.559375 0.3671875 0.5625 0.35625 0.559375 0.3484375 0.553125 0.3453125 0.5484375 0.34375 0.5375 0.3484375 0.525 0.3609375 0.5171875 0.36875 0.5171875
4 0.36171875 0.47421875 0.0890625 0.040625
4 0.3625 0.59375 0.178125 0.0390625
4 0.35625 0.74609375 0.1796875 0.059375
2 0.5890625 0.578125 0.6078125 0.5953125 0.61875 0.609375 0.6171875 0.6140625 0.5890625 0.640625 0.58125 0.6390625 0.5546875 0.6125 0.5546875 0.60625 0.5828125 0.5796875 0.5875 0.578125
0 0.56328125 0.43046875 0.3640625 0.028125
0 0.68125 0.61015625 0.1203125 0.021875
0 0.4921875 0.553125 0.203125 0.0453125
0 0.490625 0.67109375 0.2046875 0.065625