3 0.76875 0.475 0.7734375 0.4765625 0.775 0.4796875 0.7765625 0.5125 0.778125 0.5140625 0.7765625 0.5328125 0.7703125 0.534375 0.7265625 0.5359375 0.703125 0.5390625 0.6921875 0.5375 0.6875 0.49375 0.6890625 0.4828125 0.7015625 0.4796875 0.71875 0.4796875 0.725 0.4765625 0.73125 0.478125 0.7671875 0.4765625
3 0.3078125 0.45 0.3125 0.4515625 0.3171875 0.4625 0.31875 0.503125 0.315625 0.5078125 0.2765625 0.5125 0.2578125 0.5109375 0.2546875 0.5140625 0.2359375 0.5140625 0.2328125 0.5125 0.2296875 0.50625 0.228125 0.4671875 0.2265625 0.465625 0.228125 0.459375 0.2328125 0.4546875 0.30625 0.45
3 0.85 0.3046875 0.853125 0.309375 0.853125 0.3296875 0.8515625 0.33125 0.8546875 0.3359375 0.853125 0.3390625 0.8546875 0.35625 0.8515625 0.3609375 0.8109375 0.3625 0.8046875 0.365625 0.796875 0.3640625 0.7875 0.3671875 0.7859375 0.365625 0.7703125 0.365625 0.7671875 0.3609375 0.7640625 0.334375 0.7640625 0.3109375 0.7734375 0.30625 0.78125 0.3078125 0.790625 0.3046875 0.796875 0.30625 0.80625 0.30625 0.8171875 0.303125 0.8234375 0.3046875 0.846875 0.303125 0.8484375 0.3046875
3 0.44375 0.6421875 0.446875 0.6453125 0.45 0.6765625 0.4484375 0.678125 0.45 0.6828125 0.4484375 0.696875 0.440625 0.7 0.41875 0.7 0.3734375 0.7046875 0.365625 0.7046875 0.3625 0.7 0.3625 0.6859375 0.359375 0.6765625 0.3609375 0.6734375 0.359375 0.65 0.371875 0.6453125 0.415625 0.64375 0.4390625 0.640625 0.4421875 0.6421875
3 0.5828125 0.4875 0.584375 0.4890625 0.590625 0.4875 0.6078125 0.4890625 0.6125 0.4859375 0.6515625 0.484375 0.65625 0.4859375 0.6578125 0.4953125 0.659375 0.5390625 0.65625 0.5421875 0.59375 0.5453125 0.5921875 0.546875 0.578125 0.546875 0.5734375 0.5421875 0.5734375 0.5234375 0.5703125 0.5203125 0.571875 0.5171875 0.5703125 0.49375 0.571875 0.490625 0.58125 0.4875
1 0.1640625 0.475 0.178125 0.4765625 0.184375 0.4828125 0.1859375 0.4890625 0.1796875 0.5015625 0.1734375 0.5046875 0.1625 0.503125 0.15625 0.4953125 0.1546875 0.4859375 0.1640625 0.4765625
1 0.909375 0.3171875 0.9125 0.334375 0.9109375 0.3375 0.8984375 0.34375 0.8875 0.3390625 0.88125 0.3265625 0.8890625 0.315625 0.9 0.3125 0.9078125 0.3171875
1 0.8234375 0.4875 0.8296875 0.4890625 0.8359375 0.496875 0.8359375 0.5046875 0.8296875 0.5140625 0.825 0.515625 0.8140625 0.5140625 0.8078125 0.509375 0.80625 0.5046875 0.809375 0.4921875 0.81875 0.4859375 0.821875 0.4875
1 0.53125 0.50625 0.5390625 0.5109375 0.54375 0.521875 0.540625 0.53125 0.5328125 0.5359375 0.525 0.534375 0.521875 0.5359375 0.515625 0.5296875 0.5140625 0.521875 0.5140625 0.515625 0.525 0.50625 0.5296875 0.50625
2 0.1046875 0.5328125 0.1125 0.5359375 0.128125 0.5484375 0.128125 0.5546875 0.1171875 0.56875 0.109375 0.5734375 0.10625 0.571875 0.0875 0.5546875 0.1046875 0.534375
2 0.4640625 0.50625 0.478125 0.5171875 0.4828125 0.525 0.4828125 0.528125 0.4796875 0.5296875 0.4765625 0.5359375 0.465625 0.5453125 0.453125 0.5390625 0.44375 0.5265625 0.44375 0.5234375 0.45625 0.5125 0.45625 0.509375 0.4625 0.50625
2 0.0328125 0.5375 0.053125 0.553125 0.053125 0.5609375 0.04375 0.5734375 0.0375 0.578125 0.0328125 0.578125 0.0125 0.559375 0.015625 0.553125 0.021875 0.55 0.03125 0.5390625
2 0.35625 0.5125 0.365625 0.51875 0.3671875 0.5171875 0.36875 0.521875 0.3796875 0.5296875 0.3765625 0.5375 0.359375 0.5546875 0.3484375 0.546875 0.3453125 0.5421875 0.340625 0.540625 0.3390625 0.5375 0.340625 0.528125 0.3546875 0.5140625
0 0.86953125 0.32890625 0.0296875 0.0140625
0 0.81640625 0.42421875 0.0203125 0.1234375
0 0.7921875 0.5015625 0.0296875 0.0140625
0 0.67421875 0.51015625 0.028125 0.0125
0 0.5578125 0.51875 0.0265625 0.0109375
0 0.50078125 0.52265625 0.028125 0.0125
0 0.41171875 0.52890625 0.0640625 0.01875
0 0.4609375 0.61015625 0.0390625 0.128125
0 0.196875 0.62890625 0.328125 0.14375
0 0.33984375 0.49140625 0.0421875 0.04375
0 0.2359375 0.58046875 0.2609375 0.053125
0 0.2078125 0.4859375 0.04375 0.0140625
0 0.128125 0.50625 0.0578125 0.046875
0 0.0734375 0.55546875 0.03125 0.015625
4 0.8234375 0.5328125 0.0796875 0.03125
4 0.53203125 0.553125 0.0546875 0.03125
4 0.1921875 0.5828125 0.1265625 0.034375
4 0.1734375 0.52265625 0.065625 0.028125