0 0.1375 0.09375 0.221875 0.0203125
0 0.2421875 0.184375 0.10625 0.07265625
0 0.28203125 0.27734375 0.1140625 0.265625
0 0.4234375 0.203125 0.05859375 0.12109375
0 0.45390625 0.33671875 0.1015625 0.065625
0 0.58515625 0.33515625 0.015625 0.0625
0 0.69765625 0.33203125 0.128125 0.065625
0 0.8734375 0.253125 0.18203125 0.0171875
1 0.4265625 0.375 0.4421875 0.390625 0.4453125 0.4078125 0.4390625 0.425 0.421875 0.4359375 0.3984375 0.4359375 0.3828125 0.428125 0.3734375 0.4109375 0.3734375 0.396875 0.38125 0.3828125 0.396875 0.3734375 0.425 0.375
1 0.2015625 0.365625 0.2140625 0.3703125 0.221875 0.378125 0.228125 0.3890625 0.2296875 0.396875 0.2296875 0.4078125 0.225 0.4203125 0.2203125 0.4265625 0.2046875 0.4359375 0.1828125 0.4359375 0.171875 0.43125 0.1640625 0.4234375 0.1578125 0.40625 0.159375 0.3875 0.1671875 0.375 0.1796875 0.3671875 0.2 0.365625
1 0.771875 0.371875 0.7859375 0.3828125 0.790625 0.3921875 0.7921875 0.4015625 0.790625 0.41875 0.778125 0.434375 0.76875 0.4390625 0.759375 0.440625 0.7421875 0.4390625 0.7265625 0.4265625 0.7203125 0.4109375 0.7203125 0.396875 0.7265625 0.3828125 0.734375 0.375 0.74375 0.3703125 0.753125 0.36875 0.7703125 0.371875
1 0.58125 0.3671875 0.603125 0.3734375 0.6140625 0.384375 0.61875 0.3953125 0.61875 0.4140625 0.6140625 0.425 0.603125 0.4359375 0.596875 0.4390625 0.5828125 0.440625 0.5703125 0.4390625 0.5546875 0.428125 0.546875 0.4109375 0.546875 0.396875 0.55 0.3890625 0.5546875 0.38125 0.5640625 0.3734375 0.5796875 0.36875
1 0.2015625 0.221875 0.2171875 0.2296875 0.2234375 0.2359375 0.228125 0.246875 0.228125 0.2625 0.225 0.2703125 0.2171875 0.2796875 0.2046875 0.2859375 0.1828125 0.2859375 0.175 0.2828125 0.1734375 0.2796875 0.1671875 0.2765625 0.159375 0.2640625 0.159375 0.2453125 0.1640625 0.2359375 0.1734375 0.2265625 0.184375 0.225 0.1890625 0.221875 0.2 0.221875
4 0.40234375 0.5046875 0.2390625 0.11015625
4 0.19609375 0.45703125 0.0953125 0.04609375
4 0.2 0.328125 0.20546875 0.06953125
4 0.58515625 0.46640625 0.0765625 0.0296875
4 0.75859375 0.47890625 0.22421875 0.0546875
3 0.4859375 0.2078125 0.4875 0.209375 0.4921875 0.2078125 0.5140625 0.2078125 0.515625 0.209375 0.5203125 0.2078125 0.5390625 0.2078125 0.540625 0.209375 0.553125 0.2078125 0.55625 0.209375 0.5609375 0.2078125 0.596875 0.2078125 0.5984375 0.209375 0.7515625 0.2078125 0.753125 0.209375 0.7703125 0.209375 0.7796875 0.2453125 0.7796875 0.265625 0.775 0.2859375 0.771875 0.290625 0.771875 0.2984375 0.7640625 0.3015625 0.7390625 0.3015625 0.7375 0.3 0.7359375 0.3015625 0.73125 0.3 0.7171875 0.3015625 0.715625 0.3 0.7 0.3015625 0.628125 0.3015625 0.6265625 0.3 0.45 0.3015625 0.4453125 0.3 0.4453125 0.2921875 0.4484375 0.2875 0.4484375 0.2796875 0.4546875 0.25625 0.4453125 0.209375 0.484375 0.2078125
3 0.5453125 0.046875 0.5609375 0.05 0.6375 0.05 0.6390625 0.0484375 0.6640625 0.05 0.66875 0.0609375 0.66875 0.06875 0.6734375 0.084375 0.6734375 0.10625 0.6703125 0.1140625 0.66875 0.1296875 0.6625 0.1421875 0.24375 0.1421875 0.2421875 0.1328125 0.2484375 0.1109375 0.25 0.0921875 0.2484375 0.078125 0.2453125 0.0734375 0.2453125 0.0640625 0.2421875 0.059375 0.2421875 0.05 0.2453125 0.0484375 0.2546875 0.05 0.54375 0.0484375