0 0.8765625 0.10703125 0.221875 0.028125
0 0.76875 0.19375 0.109375 0.0765625
0 0.72578125 0.28515625 0.1234375 0.26875
0 0.58671875 0.20625 0.0625 0.1234375
0 0.5515625 0.33828125 0.103125 0.06875
0 0.4203125 0.33203125 0.0171875 0.0625
0 0.30859375 0.325 0.1296875 0.0703125
0 0.13515625 0.240625 0.1828125 0.0234375
1 0.609375 0.3796875 0.6203125 0.3859375 0.628125 0.396875 0.6296875 0.4140625 0.6203125 0.43125 0.603125 0.440625 0.5796875 0.4390625 0.565625 0.43125 0.5578125 0.4171875 0.5578125 0.403125 0.5640625 0.3890625 0.5765625 0.378125 0.5921875 0.3765625 0.6078125 0.3796875
1 0.81875 0.378125 0.825 0.3796875 0.8265625 0.3828125 0.8296875 0.3828125 0.8390625 0.390625 0.84375 0.4 0.8453125 0.4171875 0.8375 0.4359375 0.8296875 0.44375 0.8171875 0.4484375 0.796875 0.446875 0.7875 0.4421875 0.7765625 0.43125 0.7765625 0.4265625 0.771875 0.4171875 0.775 0.4 0.78125 0.3890625 0.7890625 0.38125 0.8015625 0.3765625 0.8171875 0.378125
1 0.2515625 0.3609375 0.26875 0.3671875 0.2765625 0.375 0.2828125 0.390625 0.2828125 0.403125 0.275 0.4203125 0.259375 0.43125 0.25 0.4328125 0.2328125 0.43125 0.2296875 0.4265625 0.2234375 0.425 0.2109375 0.409375 0.2125 0.3828125 0.2171875 0.3734375 0.2328125 0.3625 0.25 0.3609375
1 0.4296875 0.3671875 0.4484375 0.3796875 0.45625 0.396875 0.45625 0.409375 0.453125 0.4125 0.4515625 0.4203125 0.44375 0.4296875 0.43125 0.4375 0.4234375 0.4390625 0.4046875 0.4359375 0.3984375 0.4328125 0.3875 0.421875 0.3828125 0.409375 0.384375 0.4078125 0.384375 0.3921875 0.3875 0.384375 0.4 0.3703125 0.421875 0.365625 0.428125 0.3671875
1 0.8234375 0.2359375 0.8359375 0.2390625 0.8484375 0.2578125 0.8484375 0.2765625 0.8453125 0.2828125 0.83125 0.2953125 0.8234375 0.2984375 0.8015625 0.296875 0.79375 0.29375 0.7921875 0.290625 0.7890625 0.290625 0.7796875 0.2734375 0.7796875 0.2578125 0.784375 0.246875 0.790625 0.240625 0.8078125 0.2328125 0.81875 0.2328125 0.821875 0.2359375
4 0.59765625 0.5078125 0.2421875 0.11875
4 0.80546875 0.46796875 0.096875 0.05
4 0.80546875 0.3390625 0.2078125 0.0765625
4 0.41640625 0.46328125 0.078125 0.0328125
4 0.2421875 0.46953125 0.2265625 0.0625
3 0.2765625 0.2 0.284375 0.203125 0.2875 0.2015625 0.3265625 0.203125 0.328125 0.2046875 0.3421875 0.203125 0.3703125 0.2046875 0.371875 0.203125 0.390625 0.20625 0.4109375 0.20625 0.4125 0.2046875 0.4484375 0.20625 0.45 0.2078125 0.45625 0.20625 0.4625 0.209375 0.4703125 0.2078125 0.4890625 0.2078125 0.490625 0.209375 0.50625 0.2078125 0.51875 0.2109375 0.55 0.209375 0.5640625 0.2125 0.5640625 0.21875 0.5609375 0.225 0.5609375 0.23125 0.5578125 0.234375 0.553125 0.25625 0.5578125 0.278125 0.55625 0.2796875 0.5578125 0.290625 0.5609375 0.2953125 0.5609375 0.303125 0.55625 0.3046875 0.5046875 0.303125 0.5015625 0.3 0.459375 0.3015625 0.4359375 0.2984375 0.4140625 0.3 0.4046875 0.296875 0.3703125 0.2984375 0.36875 0.296875 0.325 0.296875 0.3046875 0.29375 0.2890625 0.2953125 0.2796875 0.2921875 0.2734375 0.29375 0.2375 0.2921875 0.234375 0.2890625 0.234375 0.28125 0.23125 0.2765625 0.23125 0.265625 0.228125 0.25625 0.228125 0.2375 0.2296875 0.2296875 0.234375 0.221875 0.2375 0.203125 0.2390625 0.2015625 0.275 0.2
3 0.375 0.04375 0.378125 0.046875 0.41875 0.046875 0.4203125 0.0484375 0.4546875 0.0484375 0.45625 0.046875 0.4671875 0.0484375 0.4703125 0.046875 0.471875 0.0484375 0.503125 0.0484375 0.5046875 0.05 0.509375 0.0484375 0.515625 0.0515625 0.5421875 0.0515625 0.54375 0.05 0.55 0.0515625 0.553125 0.05 0.565625 0.053125 0.5796875 0.0515625 0.6 0.0546875 0.6421875 0.053125 0.646875 0.05625 0.6875 0.0546875 0.734375 0.059375 0.76875 0.0578125 0.771875 0.059375 0.771875 0.0703125 0.76875 0.0734375 0.76875 0.0828125 0.765625 0.0875 0.765625 0.1 0.7625 0.103125 0.7640625 0.1203125 0.7671875 0.1265625 0.7671875 0.1375 0.7703125 0.14375 0.76875 0.1515625 0.35 0.1375 0.34375 0.125 0.34375 0.1171875 0.3390625 0.1 0.3453125 0.05625 0.35 0.046875 0.3546875 0.04375 0.3640625 0.0453125 0.3734375 0.04375