3 0.14375 0.71796875 0.15 0.0765625
3 0.3203125 0.7171875 0.14921875 0.0765625
3 0.49296875 0.66015625 0.14921875 0.0765625
3 0.76640625 0.66015625 0.14921875 0.0765625
0 0.23125 0.71796875 0.0265625 0.01328125
0 0.40703125 0.6875 0.02578125 0.06640625
0 0.58828125 0.66015625 0.04375 0.01875
0 0.67890625 0.6609375 0.0265625 0.0125
0 0.86875 0.66015625 0.05390625 0.0140625
1 0.9171875 0.66015625 0.04375 0.04453125
4 0.91796875 0.70703125 0.04921875 0.03515625
2 0.6375 0.6609375 0.05625 0.05703125