0 0.4453125 0.659375 0.0234375 0.01640625
0 0.3640625 0.6609375 0.02734375 0.01640625
0 0.19140625 0.6609375 0.02421875 0.0140625
0 0.1453125 0.7875 0.01953125 0.19609375
0 0.61640625 0.66171875 0.0234375 0.01640625
4 0.784375 0.61640625 0.08359375 0.0328125
4 0.7421875 0.71796875 0.11953125 0.034375
2 0.6546875 0.6328125 0.68125 0.6578125 0.68125 0.6625 0.6765625 0.66875 0.6640625 0.678125 0.6578125 0.6859375 0.6515625 0.684375 0.6328125 0.665625 0.6296875 0.659375 0.6546875 0.634375
2 0.4078125 0.634375 0.4328125 0.659375 0.4265625 0.66875 0.4078125 0.6859375 0.4015625 0.684375 0.38125 0.6625 0.3828125 0.6546875 0.3921875 0.6484375 0.39375 0.64375 0.40625 0.634375
1 0.15 0.659375 0.0578125 0.05546875
4 0.06171875 0.6578125 0.075 0.034375
4 0.13359375 0.58359375 0.19921875 0.03359375
3 0.9109375 0.68125 0.9125 0.6828125 0.959375 0.68125 0.9671875 0.6859375 0.9671875 0.75 0.9625 0.7546875 0.828125 0.7546875 0.8234375 0.7515625 0.8203125 0.74375 0.8203125 0.6921875 0.8265625 0.6828125 0.83125 0.68125 0.8921875 0.68125 0.89375 0.6828125 0.909375 0.68125
3 0.2640625 0.6234375 0.265625 0.625 0.28125 0.6234375 0.284375 0.625 0.296875 0.6234375 0.3453125 0.625 0.35 0.63125 0.35 0.6921875 0.3453125 0.696875 0.209375 0.696875 0.203125 0.6890625 0.203125 0.6640625 0.2046875 0.6625 0.203125 0.63125 0.2046875 0.628125 0.2140625 0.6234375 0.2625 0.6234375
3 0.5640625 0.6234375 0.565625 0.625 0.5921875 0.6234375 0.6 0.625 0.603125 0.628125 0.6046875 0.64375 0.603125 0.6453125 0.6046875 0.6546875 0.603125 0.6921875 0.5984375 0.696875 0.4640625 0.696875 0.45625 0.6890625 0.45625 0.6640625 0.4578125 0.6625 0.45625 0.6328125 0.4609375 0.625 0.4671875 0.6234375 0.4765625 0.625 0.478125 0.6234375 0.484375 0.625 0.4875 0.6234375 0.5296875 0.6234375 0.53125 0.625 0.5625 0.6234375
4 0.15 0.7140625 0.08515625 0.03203125
4 0.5625 0.775 0.175 0.03359375
0 0.7359375 0.70625 0.16953125 0.034375