0 0.54375 0.6625 0.025 0.01875
0 0.62421875 0.6703125 0.028125 0.01875
0 0.796875 0.68203125 0.025 0.015625
0 0.83359375 0.81171875 0.0328125 0.196875
0 0.37265625 0.653125 0.025 0.01875
4 0.2078125 0.59609375 0.0859375 0.0390625
4 0.24296875 0.70078125 0.121875 0.0421875
2 0.3359375 0.621875 0.3359375 0.625 0.35625 0.6453125 0.359375 0.6515625 0.3328125 0.675 0.328125 0.675 0.328125 0.671875 0.3109375 0.65625 0.3078125 0.6515625 0.3078125 0.6453125 0.334375 0.6234375
2 0.5703125 0.65 0.584375 0.640625 0.60625 0.665625 0.6046875 0.6734375 0.596875 0.68125 0.590625 0.684375 0.584375 0.6921875 0.578125 0.6921875 0.5546875 0.665625 0.5703125 0.6515625
1 0.83828125 0.68359375 0.0609375 0.059375
4 0.9265625 0.68828125 0.0765625 0.0390625
4 0.859375 0.60859375 0.2015625 0.046875
3 0.046875 0.65 0.0703125 0.6546875 0.0890625 0.653125 0.09375 0.65625 0.0953125 0.6546875 0.1140625 0.6546875 0.159375 0.659375 0.165625 0.665625 0.165625 0.690625 0.1625 0.721875 0.1609375 0.7265625 0.1546875 0.73125 0.0203125 0.721875 0.015625 0.7171875 0.0203125 0.653125 0.0234375 0.65 0.0265625 0.6515625 0.028125 0.65 0.0453125 0.65
3 0.653125 0.634375 0.6765625 0.6390625 0.6921875 0.6375 0.6984375 0.640625 0.7078125 0.6390625 0.7203125 0.6421875 0.7421875 0.640625 0.78125 0.6453125 0.7859375 0.6515625 0.7859375 0.6671875 0.7828125 0.68125 0.784375 0.6859375 0.7828125 0.709375 0.775 0.7171875 0.6390625 0.7078125 0.640625 0.70625 0.6359375 0.703125 0.6390625 0.6421875 0.6453125 0.6359375 0.6515625 0.634375
3 0.4046875 0.6171875 0.4078125 0.6203125 0.4296875 0.61875 0.453125 0.6234375 0.4734375 0.621875 0.475 0.6234375 0.4953125 0.6234375 0.5046875 0.6265625 0.51875 0.625 0.5296875 0.628125 0.5328125 0.634375 0.5328125 0.65625 0.5296875 0.659375 0.53125 0.68125 0.5296875 0.6921875 0.525 0.6984375 0.5203125 0.7 0.3875 0.690625 0.3828125 0.684375 0.384375 0.675 0.3828125 0.65625 0.3859375 0.6453125 0.3875 0.621875 0.390625 0.61875 0.403125 0.6171875
4 0.834375 0.73828125 0.0875 0.0375
4 0.41875 0.7703125 0.1765625 0.0453125
0 0.25 0.6890625 0.171875 0.046875