0 0.56328125 0.65625 0.025 0.0171875
0 0.64453125 0.65390625 0.028125 0.0171875
0 0.81640625 0.64453125 0.025 0.015625
0 0.86953125 0.76875 0.0296875 0.196875
0 0.3921875 0.66796875 0.025 0.0171875
4 0.221875 0.63125 0.0859375 0.0375
4 0.26953125 0.73046875 0.121875 0.040625
2 0.3515625 0.640625 0.378125 0.6671875 0.36875 0.6796875 0.35625 0.6921875 0.35 0.69375 0.34375 0.6859375 0.33125 0.678125 0.3265625 0.671875 0.325 0.6671875 0.35 0.6421875
2 0.6109375 0.6375 0.6140625 0.6421875 0.6234375 0.6484375 0.625 0.65625 0.621875 0.6625 0.603125 0.68125 0.6 0.68125 0.5734375 0.65625 0.596875 0.6296875 0.6015625 0.6296875 0.609375 0.6375
1 0.8578125 0.640625 0.0609375 0.0578125
4 0.94609375 0.634375 0.0765625 0.0375
4 0.8703125 0.5640625 0.2 0.04375
3 0.1828125 0.7 0.1890625 0.709375 0.1890625 0.73125 0.190625 0.7328125 0.190625 0.7640625 0.184375 0.771875 0.075 0.7765625 0.0734375 0.778125 0.05 0.778125 0.0453125 0.775 0.04375 0.7375 0.0421875 0.7359375 0.0421875 0.709375 0.0453125 0.70625 0.0734375 0.703125 0.0953125 0.7046875 0.103125 0.7015625 0.1140625 0.703125 0.1625 0.6984375 0.18125 0.7
3 0.790625 0.6078125 0.8 0.6125 0.803125 0.6265625 0.8015625 0.646875 0.8046875 0.65625 0.8046875 0.6734375 0.7984375 0.68125 0.6703125 0.6875 0.66875 0.6890625 0.6640625 0.6890625 0.6578125 0.684375 0.6546875 0.6234375 0.659375 0.6171875 0.6671875 0.6140625 0.6828125 0.615625 0.69375 0.615625 0.696875 0.6125 0.709375 0.6140625 0.7234375 0.6125 0.725 0.6140625 0.75625 0.609375 0.7890625 0.6078125
3 0.54375 0.6234375 0.55 0.6328125 0.5484375 0.659375 0.5515625 0.6625 0.5515625 0.6875 0.546875 0.69375 0.5203125 0.696875 0.43125 0.7 0.4296875 0.7015625 0.4109375 0.7015625 0.4046875 0.696875 0.4046875 0.675 0.4015625 0.6640625 0.403125 0.659375 0.4015625 0.634375 0.4046875 0.6296875 0.4125 0.628125 0.4265625 0.6296875 0.4296875 0.6265625 0.4328125 0.628125 0.4734375 0.6265625 0.4890625 0.6234375 0.5203125 0.6234375 0.521875 0.621875 0.5421875 0.6234375
4 0.8609375 0.6953125 0.0859375 0.0359375
4 0.45234375 0.778125 0.1765625 0.0421875
0 0.275 0.71796875 0.171875 0.04375