2 0.7234375 0.4453125 0.7421875 0.4625 0.740625 0.4703125 0.725 0.4859375 0.715625 0.4828125 0.7015625 0.4671875 0.7109375 0.453125 0.7171875 0.446875 0.721875 0.4453125
2 0.3765625 0.4578125 0.396875 0.475 0.396875 0.4796875 0.3765625 0.4984375 0.3640625 0.4875 0.3609375 0.4875 0.35625 0.48125 0.35625 0.4765625 0.3609375 0.4703125 0.375 0.4578125
2 0.11875 0.48515625 0.0484375 0.0484375
1 0.9015625 0.32578125 0.034375 0.034375
1 0.7890625 0.4625 0.0328125 0.034375
1 0.91171875 0.60546875 0.0328125 0.034375
3 0.26875 0.5125 0.2671875 0.5109375 0.1890625 0.5125 0.184375 0.50625 0.184375 0.4609375 0.1859375 0.4578125 0.1921875 0.4546875 0.275 0.453125 0.2765625 0.4515625 0.2984375 0.453125 0.303125 0.4640625 0.3015625 0.5046875 0.2984375 0.509375 0.2703125 0.5109375
3 0.665625 0.4390625 0.66875 0.4421875 0.6703125 0.453125 0.6703125 0.49375 0.6671875 0.496875 0.5921875 0.4984375 0.590625 0.5 0.5734375 0.5 0.56875 0.496875 0.5671875 0.4921875 0.56875 0.4640625 0.565625 0.45 0.5703125 0.4421875 0.6640625 0.4390625
3 0.840625 0.5796875 0.8484375 0.58125 0.8515625 0.584375 0.853125 0.6328125 0.85 0.6375 0.8171875 0.640625 0.7734375 0.640625 0.771875 0.6421875 0.7578125 0.6421875 0.7515625 0.6375 0.7484375 0.63125 0.7484375 0.5890625 0.75 0.5875 0.7484375 0.5859375 0.75 0.584375 0.7703125 0.58125 0.8390625 0.5796875
3 0.83125 0.3015625 0.8359375 0.315625 0.834375 0.3203125 0.8359375 0.35 0.83125 0.3578125 0.8203125 0.359375 0.815625 0.3578125 0.8109375 0.3609375 0.76875 0.359375 0.759375 0.3625 0.7359375 0.3609375 0.7328125 0.35625 0.7328125 0.3359375 0.73125 0.334375 0.7328125 0.3203125 0.7296875 0.3171875 0.7328125 0.3046875 0.765625 0.3015625 0.809375 0.3015625 0.8109375 0.3 0.828125 0.3 0.8296875 0.3015625
3 0.4359375 0.4484375 0.4546875 0.4453125 0.4875 0.446875 0.5 0.44375 0.5296875 0.44375 0.5359375 0.446875 0.5375 0.4546875 0.5375 0.4984375 0.5328125 0.5015625 0.440625 0.5046875 0.434375 0.496875 0.4328125 0.4546875 0.4359375 0.45
0 0.875 0.60625 0.0453125 0.0140625
0 0.73359375 0.55078125 0.034375 0.1296875
0 0.8625 0.328125 0.0515625 0.0140625
0 0.78671875 0.40390625 0.0140625 0.0875
0 0.76015625 0.46328125 0.028125 0.0140625
0 0.68671875 0.46640625 0.03125 0.0140625
0 0.55390625 0.471875 0.0296875 0.0140625
0 0.41640625 0.4765625 0.0359375 0.0140625
0 0.3296875 0.4796875 0.0546875 0.015625
0 0.16328125 0.48515625 0.0453125 0.0140625
0 0.07421875 0.4875 0.04375 0.0125
0 0.2484375 0.52578125 0.2671875 0.05625
4 0.78984375 0.4953125 0.078125 0.028125
4 0.9125 0.64375 0.0765625 0.040625
4 0.6765625 0.66640625 0.1046875 0.0296875
4 0.37421875 0.43203125 0.121875 0.03125
4 0.33125 0.4640625 0.0140625 0.0140625
4 0.3625 0.5203125 0.025 0.015625