2 0.2765625 0.4515625 0.2953125 0.46875 0.296875 0.4734375 0.29375 0.478125 0.2765625 0.49375 0.2578125 0.478125 0.25625 0.4703125 0.275 0.453125
2 0.6234375 0.4515625 0.6421875 0.4703125 0.6421875 0.475 0.6375 0.48125 0.6234375 0.49375 0.615625 0.4890625 0.6015625 0.475 0.6015625 0.4703125 0.621875 0.453125
2 0.88046875 0.471875 0.046875 0.046875
1 0.09296875 0.33984375 0.03359375 0.0328125
1 0.21015625 0.47265625 0.03203125 0.0328125
1 0.0921875 0.61953125 0.03203125 0.0328125
3 0.80625 0.44375 0.8109375 0.4453125 0.8140625 0.45 0.8140625 0.496875 0.8109375 0.5015625 0.7328125 0.5015625 0.73125 0.503125 0.7015625 0.5015625 0.696875 0.496875 0.6953125 0.45625 0.6984375 0.4453125 0.703125 0.44375 0.8046875 0.44375
3 0.328125 0.4984375 0.328125 0.446875 0.33125 0.44375 0.4265625 0.44375 0.43125 0.4515625 0.4296875 0.465625 0.43125 0.49375 0.4265625 0.5015625 0.33125 0.5015625 0.3296875 0.4984375
3 0.2421875 0.590625 0.2515625 0.5921875 0.2546875 0.596875 0.2546875 0.6421875 0.246875 0.65 0.1578125 0.65 0.1515625 0.6453125 0.1515625 0.59375 0.1609375 0.590625 0.240625 0.590625
3 0.259375 0.3125 0.2625 0.3203125 0.2609375 0.3640625 0.2578125 0.36875 0.246875 0.3703125 0.1625 0.36875 0.1578125 0.3609375 0.1578125 0.3390625 0.159375 0.3375 0.1578125 0.321875 0.159375 0.3140625 0.1640625 0.3109375 0.25625 0.3109375 0.2578125 0.3125
3 0.5078125 0.44375 0.509375 0.4453125 0.515625 0.44375 0.5609375 0.4453125 0.5640625 0.4515625 0.5640625 0.49375 0.559375 0.5015625 0.465625 0.5015625 0.4609375 0.4984375 0.4609375 0.4484375 0.4625 0.4453125 0.50625 0.44375
0 0.12890625 0.61953125 0.04453125 0.0125
0 0.26796875 0.55859375 0.0296875 0.128125
0 0.13203125 0.340625 0.0515625 0.0125
0 0.21015625 0.4140625 0.01171875 0.0875
0 0.2390625 0.47265625 0.028125 0.0125
0 0.3125 0.47265625 0.03046875 0.0125
0 0.4453125 0.4734375 0.02890625 0.01328125
0 0.5828125 0.4734375 0.03515625 0.01328125
0 0.66953125 0.4734375 0.05390625 0.01328125
0 0.8359375 0.4734375 0.04453125 0.0125
0 0.925 0.47265625 0.04375 0.0109375
0 0.75234375 0.5171875 0.265625 0.046875
4 0.21015625 0.50546875 0.0765625 0.025
4 0.09296875 0.6578125 0.075 0.03828125
4 0.3296875 0.67265625 0.103125 0.0265625
4 0.6234375 0.42734375 0.12109375 0.02734375
4 0.6671875 0.4578125 0.0140625 0.01328125
4 0.63828125 0.515625 0.02421875 0.0140625