2 0.725 0.4609375 0.74375 0.4796875 0.7421875 0.4875 0.725 0.5015625 0.721875 0.5015625 0.703125 0.48125 0.7046875 0.4765625 0.7234375 0.4609375
2 0.38125 0.45 0.3984375 0.4671875 0.3984375 0.471875 0.3796875 0.4890625 0.3734375 0.4875 0.3578125 0.4703125 0.359375 0.4640625 0.3765625 0.4484375 0.3796875 0.45
2 0.12109375 0.45859375 0.0484375 0.0484375
1 0.9125 0.35390625 0.034375 0.034375
1 0.790625 0.4828125 0.0328125 0.034375
1 0.903125 0.63359375 0.0328125 0.034375
3 0.2328125 0.434375 0.234375 0.4359375 0.278125 0.4359375 0.303125 0.4390625 0.30625 0.4515625 0.3046875 0.4828125 0.303125 0.490625 0.2984375 0.4953125 0.1890625 0.4921875 0.1859375 0.4875 0.1875 0.4390625 0.1953125 0.434375 0.23125 0.434375
3 0.590625 0.446875 0.5921875 0.4484375 0.66875 0.45 0.6734375 0.4546875 0.6734375 0.459375 0.671875 0.4609375 0.671875 0.503125 0.6671875 0.5078125 0.571875 0.5046875 0.56875 0.5015625 0.5703125 0.5 0.56875 0.496875 0.5703125 0.48125 0.56875 0.4578125 0.575 0.446875 0.5890625 0.446875
3 0.834375 0.603125 0.84375 0.60625 0.8421875 0.6578125 0.8359375 0.6625 0.746875 0.659375 0.7390625 0.6515625 0.740625 0.60625 0.74375 0.6015625 0.7671875 0.6 0.76875 0.6015625 0.8328125 0.603125
3 0.771875 0.3203125 0.7734375 0.321875 0.8421875 0.3234375 0.846875 0.328125 0.8453125 0.3296875 0.846875 0.371875 0.840625 0.38125 0.828125 0.3828125 0.825 0.38125 0.815625 0.3828125 0.8109375 0.3796875 0.75625 0.3796875 0.74375 0.3765625 0.7421875 0.3296875 0.75 0.3203125 0.7703125 0.3203125
3 0.440625 0.44375 0.45625 0.4421875 0.4875 0.4453125 0.49375 0.44375 0.534375 0.4453125 0.540625 0.4515625 0.5390625 0.5 0.534375 0.503125 0.45625 0.5015625 0.4375 0.4984375 0.4359375 0.4546875 0.440625 0.4453125
0 0.86640625 0.63203125 0.0453125 0.0140625
0 0.7296875 0.56640625 0.034375 0.1296875
0 0.8734375 0.35390625 0.0515625 0.0140625
0 0.79296875 0.42421875 0.0140625 0.0875
0 0.76171875 0.48203125 0.028125 0.0140625
0 0.68828125 0.47890625 0.03125 0.0140625
0 0.55546875 0.475 0.0296875 0.0140625
0 0.41796875 0.4703125 0.0359375 0.0140625
0 0.33125 0.4671875 0.0546875 0.015625
0 0.16484375 0.46171875 0.0453125 0.0140625
0 0.0765625 0.4578125 0.04375 0.0125
0 0.246875 0.50859375 0.2671875 0.05625
4 0.78984375 0.515625 0.078125 0.028125
4 0.9015625 0.671875 0.0765625 0.040625
4 0.6640625 0.678125 0.1046875 0.0296875
4 0.37890625 0.4234375 0.121875 0.03125
4 0.334375 0.45234375 0.0140625 0.0140625
4 0.3609375 0.5109375 0.025 0.015625