2 0.7734375 0.26875 0.78125 0.278125 0.796875 0.2890625 0.8046875 0.2984375 0.7953125 0.3109375 0.771875 0.3328125 0.7453125 0.3109375 0.7390625 0.303125 0.740625 0.296875 0.7453125 0.29375 0.7546875 0.2796875 0.765625 0.26875 0.76875 0.2671875 0.771875 0.26875
3 0.54921875 0.31328125 0.140625 0.1
0 0.67734375 0.30625 0.121875 0.028125
0 0.75859375 0.1453125 0.03125 0.24375
0 0.55078125 0.215625 0.45625 0.384375
0 0.53828125 0.14921875 0.0328125 0.2453125
4 0.5328125 0.0640625 0.0265625 0.0203125
4 0.7359375 0.37265625 0.03125 0.021875
4 0.8515625 0.2953125 0.096875 0.0453125
4 0.7640625 0.22421875 0.0265625 0.0203125
4 0.9515625 0.0234375 0.025 0.0203125
0 0.9515625 0.0453125 0.025 0.090625