2 0.7859375 0.2859375 0.8171875 0.31875 0.796875 0.340625 0.7828125 0.3515625 0.7546875 0.325 0.7515625 0.3171875 0.76875 0.296875 0.784375 0.2859375
3 0.5625 0.3171875 0.134375 0.090625
0 0.690625 0.31875 0.1203125 0.01953125
0 0.7828125 0.1640625 0.0140625 0.24296875
0 0.5703125 0.21953125 0.43203125 0.35546875
0 0.5625 0.15234375 0.015625 0.24453125
4 0.56328125 0.0671875 0.025 0.01796875
4 0.74453125 0.3890625 0.03046875 0.0203125
4 0.86484375 0.3203125 0.09375 0.03828125
4 0.7828125 0.24296875 0.025 0.01875
4 0.98359375 0.05625 0.02421875 0.01875
0 0.98203125 0.0765625 0.01796875 0.0921875