2 0.95 0.2546875 0.95625 0.2578125 0.9859375 0.284375 0.98125 0.2921875 0.9703125 0.3015625 0.96875 0.30625 0.9546875 0.3203125 0.9453125 0.3125 0.9421875 0.3125 0.9203125 0.2921875 0.9203125 0.2859375 0.9484375 0.2546875
4 0.94765625 0.21015625 0.025 0.0234375
4 0.87109375 0.29296875 0.096875 0.0453125
4 0.73515625 0.03828125 0.0296875 0.025
4 0.54375 0.0546875 0.0296875 0.0203125
0 0.9421875 0.13203125 0.034375 0.24375
0 0.73671875 0.05859375 0.021875 0.0921875
0 0.4953125 0.1015625 0.1234375 0.153125
0 0.60078125 0.12734375 0.7109375 0.2328125
3 0.74375 0.1453125 0.1390625 0.090625
3 0.375 0.1625 0.140625 0.1