2 0.025 0.3109375 0.05625 0.3390625 0.05625 0.34375 0.046875 0.35625 0.028125 0.375 0.0234375 0.375 0.00625 0.3578125 0 0.3546875 0.0015625 0.33125 0.01875 0.3125 0.0234375 0.3109375
4 0.02109375 0.2671875 0.025 0.021875
4 0.10703125 0.33984375 0.0953125 0.04375
4 0.21015625 0.0703125 0.028125 0.025
4 0.40234375 0.06328125 0.0296875 0.0203125
0 0.01640625 0.1890625 0.0296875 0.24375
0 0.2109375 0.09140625 0.0203125 0.0921875
0 0.45546875 0.10390625 0.1203125 0.1515625
0 0.3546875 0.1421875 0.7078125 0.2203125
3 0.21484375 0.178125 0.1375 0.0875
3 0.5828125 0.15 0.1390625 0.0984375