2 0.0359375 0.2859375 0.065625 0.315625 0.065625 0.3203125 0.0453125 0.3421875 0.0328125 0.3515625 0.0046875 0.325 0 0.3171875 0.0296875 0.2875 0.034375 0.2859375
4 0.03359375 0.2421875 0.0234375 0.02109375
4 0.115625 0.31953125 0.09375 0.03828125
4 0.2328125 0.05546875 0.02734375 0.0234375
4 0.425 0.05859375 0.02890625 0.01875
0 0.03359375 0.1640625 0.0171875 0.24296875
0 0.2328125 0.0765625 0.01484375 0.09140625
0 0.4765625 0.10234375 0.11328125 0.1453125
0 0.3734375 0.13515625 0.69921875 0.184375
3 0.23203125 0.16328125 0.13359375 0.08125
3 0.60078125 0.1546875 0.134375 0.09140625