1 0.9296875 0.3328125 0.934375 0.3359375 0.9390625 0.346875 0.9359375 0.35 0.9359375 0.3546875 0.925 0.3625 0.91875 0.3625 0.9109375 0.35625 0.9078125 0.35 0.9078125 0.34375 0.909375 0.3390625 0.9171875 0.3328125 0.928125 0.3328125
1 0.146875 0.4390625 0.1546875 0.44375 0.1578125 0.4578125 0.153125 0.4640625 0.1453125 0.46875 0.1359375 0.4671875 0.13125 0.4640625 0.128125 0.4578125 0.128125 0.446875 0.134375 0.440625 0.1453125 0.4390625
1 0.7890625 0.4734375 0.7984375 0.4796875 0.8 0.490625 0.7875 0.503125 0.775 0.4984375 0.7703125 0.4921875 0.7734375 0.478125 0.7796875 0.4734375 0.7875 0.4734375
3 0.275 0.4296875 0.2796875 0.4328125 0.3015625 0.4328125 0.3046875 0.4359375 0.30625 0.440625 0.3046875 0.4796875 0.3015625 0.4875 0.2953125 0.490625 0.2171875 0.4875 0.2046875 0.4859375 0.2 0.48125 0.203125 0.43125 0.20625 0.428125 0.21875 0.4296875 0.24375 0.428125 0.25 0.43125 0.2734375 0.4296875
3 0.6015625 0.45 0.6046875 0.4484375 0.6375 0.4515625 0.6640625 0.45 0.6671875 0.453125 0.671875 0.4515625 0.6953125 0.453125 0.7015625 0.45625 0.703125 0.4703125 0.7015625 0.4828125 0.703125 0.490625 0.7 0.49375 0.6984375 0.509375 0.6640625 0.5109375 0.6625 0.509375 0.6046875 0.5078125 0.5984375 0.503125 0.5984375 0.4875 0.6 0.4859375 0.5984375 0.46875 0.6015625 0.4515625
3 0.7578125 0.3078125 0.759375 0.309375 0.78125 0.309375 0.790625 0.3125 0.81875 0.309375 0.828125 0.3125 0.834375 0.3109375 0.84375 0.315625 0.8453125 0.33125 0.8421875 0.3453125 0.84375 0.3484375 0.8421875 0.3671875 0.8390625 0.3703125 0.8203125 0.3703125 0.81875 0.371875 0.8140625 0.36875 0.8078125 0.3703125 0.7953125 0.36875 0.7875 0.3703125 0.7734375 0.3671875 0.7578125 0.36875 0.7421875 0.3640625 0.740625 0.3609375 0.7421875 0.3125 0.7453125 0.309375 0.75625 0.3078125
3 0.4546875 0.4421875 0.4859375 0.4421875 0.4875 0.44375 0.509375 0.4421875 0.5171875 0.4453125 0.5453125 0.4453125 0.5546875 0.4484375 0.55625 0.453125 0.553125 0.4984375 0.5515625 0.5015625 0.5453125 0.5046875 0.54375 0.503125 0.5171875 0.503125 0.5140625 0.5 0.5046875 0.5015625 0.45625 0.5 0.45 0.4921875 0.45 0.4859375 0.453125 0.4828125 0.4515625 0.4546875 0.4546875 0.44375
2 0.38671875 0.46484375 0.046875 0.046875
4 0.38984375 0.421875 0.065625 0.0296875
4 0.33515625 0.45390625 0.021875 0.0140625
4 0.5671875 0.52890625 0.015625 0.0140625
0 0.87734375 0.34375 0.0625 0.0140625
0 0.78984375 0.42109375 0.015625 0.103125
0 0.73671875 0.484375 0.06875 0.015625
0 0.578125 0.47578125 0.0453125 0.0140625
0 0.5765625 0.5046875 0.390625 0.0890625
0 0.43125 0.46875 0.04375 0.0109375
0 0.33515625 0.46328125 0.059375 0.0140625
0 0.18046875 0.45546875 0.04375 0.0125
4 0.1421875 0.4859375 0.0703125 0.03125
4 0.784375 0.51875 0.0796875 0.0296875