1 0.934375 0.3421875 0.940625 0.3484375 0.9421875 0.35625 0.93125 0.3703125 0.91875 0.36875 0.9125 0.3609375 0.9109375 0.3515625 0.915625 0.34375 0.9203125 0.340625 0.9328125 0.3421875
1 0.15625 0.4375 0.159375 0.4421875 0.1578125 0.45625 0.1453125 0.4640625 0.1328125 0.4578125 0.1296875 0.453125 0.1296875 0.44375 0.1375 0.434375 0.1421875 0.4328125 0.1546875 0.4375
1 0.7953125 0.48125 0.8 0.4859375 0.8 0.496875 0.796875 0.503125 0.7890625 0.5078125 0.7828125 0.5078125 0.775 0.503125 0.771875 0.4984375 0.771875 0.4875 0.778125 0.48125 0.7859375 0.478125 0.790625 0.478125 0.79375 0.48125
3 0.2125 0.4234375 0.2359375 0.4265625 0.2453125 0.425 0.2578125 0.428125 0.2765625 0.4265625 0.28125 0.4296875 0.3046875 0.43125 0.3078125 0.4375 0.30625 0.471875 0.303125 0.484375 0.296875 0.4875 0.20625 0.48125 0.2015625 0.4765625 0.203125 0.4453125 0.2046875 0.44375 0.2046875 0.4265625 0.2109375 0.4234375
3 0.603125 0.453125 0.6140625 0.4515625 0.6609375 0.45625 0.6765625 0.4546875 0.6828125 0.4578125 0.6984375 0.4578125 0.703125 0.4609375 0.7015625 0.4640625 0.7046875 0.475 0.7046875 0.484375 0.7015625 0.4875 0.703125 0.49375 0.7015625 0.5078125 0.7 0.5125 0.69375 0.515625 0.603125 0.509375 0.5984375 0.50625 0.6015625 0.48125 0.6 0.471875 0.603125 0.4546875
3 0.7484375 0.3140625 0.775 0.3140625 0.7875 0.3171875 0.8296875 0.3171875 0.83125 0.31875 0.8375 0.3171875 0.846875 0.321875 0.85 0.328125 0.846875 0.340625 0.8484375 0.35625 0.846875 0.3671875 0.8421875 0.3765625 0.8203125 0.378125 0.8171875 0.375 0.8 0.3765625 0.7953125 0.3734375 0.7921875 0.375 0.753125 0.3734375 0.746875 0.3703125 0.74375 0.365625 0.7453125 0.33125 0.7484375 0.315625
3 0.45625 0.4421875 0.4796875 0.4421875 0.48125 0.44375 0.4953125 0.4421875 0.5046875 0.4453125 0.5109375 0.44375 0.5265625 0.446875 0.546875 0.446875 0.55625 0.45 0.5578125 0.4546875 0.5546875 0.5 0.546875 0.50625 0.5234375 0.5046875 0.515625 0.5015625 0.5015625 0.503125 0.5 0.5015625 0.4578125 0.5 0.4515625 0.4921875 0.4546875 0.475 0.453125 0.4734375 0.453125 0.4546875 0.45625 0.44375
2 0.3875 0.46328125 0.0484375 0.0484375
4 0.39140625 0.4203125 0.0671875 0.03125
4 0.3359375 0.45078125 0.021875 0.0140625
4 0.5671875 0.5296875 0.0171875 0.0140625
0 0.88046875 0.35 0.0625 0.015625
0 0.790625 0.4265625 0.0171875 0.103125
0 0.7375 0.48828125 0.06875 0.0171875
0 0.578125 0.47734375 0.0453125 0.015625
0 0.5765625 0.50625 0.3921875 0.096875
0 0.43203125 0.46796875 0.04375 0.0125
0 0.3359375 0.46015625 0.059375 0.015625
0 0.18203125 0.44921875 0.04375 0.0140625
4 0.14296875 0.4796875 0.071875 0.0328125
4 0.784375 0.5234375 0.0796875 0.0296875