1 0.090625 0.3109375 0.0953125 0.3140625 0.1 0.325 0.096875 0.3328125 0.0875 0.340625 0.078125 0.3390625 0.0703125 0.33125 0.06875 0.3234375 0.0703125 0.3171875 0.075 0.3125 0.0890625 0.3109375
1 0.8609375 0.4578125 0.865625 0.459375 0.871875 0.465625 0.871875 0.478125 0.86875 0.4828125 0.8609375 0.4875 0.8515625 0.4859375 0.84375 0.4796875 0.8421875 0.475 0.84375 0.465625 0.846875 0.4609375 0.859375 0.4578125
1 0.2234375 0.4609375 0.228125 0.4671875 0.228125 0.478125 0.2234375 0.484375 0.2171875 0.4875 0.2109375 0.4875 0.203125 0.48125 0.2 0.475 0.2 0.46875 0.20625 0.459375 0.215625 0.4578125 0.221875 0.4609375
3 0.7328125 0.4421875 0.734375 0.44375 0.7375 0.4421875 0.7953125 0.44375 0.7984375 0.446875 0.7984375 0.496875 0.79375 0.5015625 0.703125 0.5015625 0.7 0.5 0.6953125 0.49375 0.6953125 0.45 0.696875 0.446875 0.7 0.44375 0.73125 0.4421875
3 0.3296875 0.4421875 0.33125 0.44375 0.3390625 0.4421875 0.340625 0.44375 0.396875 0.44375 0.4 0.4453125 0.4 0.4625 0.4015625 0.4640625 0.4 0.4984375 0.3953125 0.5015625 0.3046875 0.5015625 0.3 0.4984375 0.296875 0.48125 0.2984375 0.478125 0.296875 0.459375 0.3 0.4453125 0.328125 0.4421875
3 0.2125 0.2953125 0.2140625 0.296875 0.2265625 0.2953125 0.2640625 0.296875 0.265625 0.3 0.265625 0.3484375 0.2625 0.353125 0.25625 0.3546875 0.2359375 0.3546875 0.234375 0.353125 0.23125 0.3546875 0.215625 0.353125 0.1859375 0.3546875 0.184375 0.353125 0.1671875 0.353125 0.1640625 0.35 0.1625 0.3421875 0.1640625 0.2984375 0.175 0.29375 0.178125 0.2953125 0.1828125 0.29375 0.2109375 0.2953125
3 0.54375 0.44375 0.5484375 0.4484375 0.5484375 0.475 0.546875 0.4765625 0.5484375 0.4953125 0.5421875 0.5015625 0.49375 0.5015625 0.4921875 0.5 0.4515625 0.5015625 0.4453125 0.4953125 0.4453125 0.45 0.446875 0.4453125 0.45 0.44375 0.490625 0.44375 0.4921875 0.4421875 0.5421875 0.44375
2 0.61484375 0.47109375 0.0453125 0.0453125
4 0.6140625 0.428125 0.06484375 0.0265625
4 0.6671875 0.4625 0.02109375 0.0125
4 0.43125 0.525 0.015625 0.0125
0 0.13125 0.32421875 0.06171875 0.0109375
0 0.21484375 0.40625 0.01015625 0.10234375
0 0.2640625 0.471875 0.06796875 0.01171875
0 0.4234375 0.471875 0.04453125 0.0125
0 0.4234375 0.50078125 0.38828125 0.06953125
0 0.5703125 0.47265625 0.04296875 0.009375
0 0.66640625 0.471875 0.05859375 0.0109375
0 0.82109375 0.471875 0.04296875 0.0109375
4 0.8578125 0.5046875 0.06953125 0.02734375
4 0.21484375 0.50390625 0.078125 0.025