2 0.5796875 0.8828125 0.596875 0.865625 0.6015625 0.8703125 0.6046875 0.8703125 0.609375 0.878125 0.6171875 0.884375 0.609375 0.8984375 0.6 0.9078125 0.5921875 0.9046875 0.5890625 0.9 0.5765625 0.8921875 0.5765625 0.8875 0.5796875 0.884375
2 0.0515625 0.6 0.0734375 0.6203125 0.06875 0.625 0.06875 0.628125 0.0515625 0.6421875 0.03125 0.625 0.0328125 0.6171875 0.05 0.6
2 0.78125 0.859375 0.7875 0.85625 0.7953125 0.8609375 0.809375 0.875 0.809375 0.878125 0.7890625 0.8984375 0.784375 0.89375 0.78125 0.89375 0.7671875 0.8796875 0.7671875 0.8765625 0.778125 0.8671875 0.78125 0.8609375
2 0.2296875 0.590625 0.25 0.6109375 0.24375 0.6203125 0.2296875 0.6328125 0.2140625 0.621875 0.2078125 0.6125 0.209375 0.6078125 0.2171875 0.6015625 0.2203125 0.5953125 0.228125 0.590625
2 0.5171875 0.6859375 0.528125 0.696875 0.5078125 0.71875 0.490625 0.70625 0.4859375 0.7015625 0.4859375 0.696875 0.4953125 0.6875 0.4953125 0.684375 0.5046875 0.6765625 0.515625 0.6859375
3 0.1890625 0.7625 0.190625 0.7640625 0.2 0.7625 0.2046875 0.7640625 0.20625 0.7671875 0.209375 0.7921875 0.2078125 0.8171875 0.1953125 0.821875 0.165625 0.8203125 0.1640625 0.821875 0.1359375 0.821875 0.1265625 0.825 0.125 0.8234375 0.109375 0.8234375 0.10625 0.81875 0.1046875 0.7703125 0.109375 0.7671875 0.134375 0.7640625 0.1875 0.7625
3 0.7359375 0.85 0.7421875 0.8546875 0.74375 0.8953125 0.7453125 0.896875 0.74375 0.90625 0.734375 0.909375 0.70625 0.909375 0.675 0.9125 0.6453125 0.9125 0.6421875 0.8984375 0.6421875 0.8703125 0.640625 0.86875 0.640625 0.8609375 0.64375 0.8546875 0.671875 0.8546875 0.6734375 0.853125 0.7015625 0.853125 0.734375 0.85
3 0.178125 0.4609375 0.184375 0.4671875 0.184375 0.4921875 0.1859375 0.49375 0.1859375 0.5140625 0.18125 0.51875 0.0984375 0.521875 0.096875 0.5234375 0.0890625 0.5234375 0.0828125 0.5171875 0.0828125 0.5015625 0.084375 0.5 0.08125 0.4953125 0.0828125 0.4671875 0.096875 0.4640625 0.1765625 0.4609375
3 0.4625 0.66875 0.46875 0.6734375 0.46875 0.69375 0.4703125 0.6953125 0.46875 0.725 0.4609375 0.728125 0.4328125 0.728125 0.43125 0.7296875 0.4125 0.728125 0.4015625 0.73125 0.396875 0.7296875 0.3921875 0.73125 0.375 0.73125 0.3734375 0.7296875 0.371875 0.73125 0.3671875 0.7265625 0.3671875 0.6984375 0.365625 0.696875 0.3671875 0.675 0.4609375 0.66875
3 0.2 0.6796875 0.203125 0.6875 0.2046875 0.7015625 0.2046875 0.7328125 0.2015625 0.7359375 0.19375 0.7359375 0.190625 0.7390625 0.1640625 0.7375 0.1328125 0.740625 0.10625 0.740625 0.103125 0.7375 0.1 0.7046875 0.1 0.6890625 0.103125 0.684375 0.1078125 0.6828125 0.1296875 0.684375 0.134375 0.68125 0.15625 0.68125 0.1578125 0.6828125 0.1609375 0.6796875 0.165625 0.68125 0.1921875 0.678125 0.1984375 0.6796875
0 0.84765625 0.9078125 0.125 0.0328125
0 0.81875 0.84375 0.0734375 0.025
0 0.7578125 0.87890625 0.0234375 0.0140625
0 0.6328125 0.8859375 0.0234375 0.0140625
0 0.56640625 0.77734375 0.071875 0.18125
0 0.47890625 0.696875 0.0171875 0.0140625
0 0.4046875 0.821875 0.0578125 0.1875
0 0.29765625 0.74296875 0.0921875 0.284375
0 0.2109375 0.5359375 0.0484375 0.1109375
0 0.2203125 0.67265625 0.0390625 0.0828125
0 0.2234375 0.71484375 0.0421875 0.1671875
0 0.0640625 0.5453125 0.05 0.1078125
0 0.075 0.6796875 0.0546875 0.078125
0 0.0765625 0.72109375 0.059375 0.1609375
3 0.340625 0.9109375 0.0921875 0.065625
1 0.86875 0.83671875 0.034375 0.034375
1 0.925 0.91484375 0.034375 0.034375
4 0.8734375 0.8796875 0.08125 0.0671875
4 0.92578125 0.94375 0.075 0.040625
4 0.65234375 0.78984375 0.078125 0.0203125
4 0.5953125 0.83515625 0.09375 0.01875
4 0.59453125 0.95625 0.1828125 0.059375
4 0.1921875 0.925 0.0875 0.0203125
4 0.09375 0.94296875 0.0859375 0.04375