2 0.571875 0.871875 0.590625 0.8921875 0.5859375 0.9015625 0.575 0.9125 0.5703125 0.9140625 0.55 0.896875 0.55 0.8921875 0.553125 0.8875 0.5703125 0.8734375
2 0.0484375 0.5703125 0.065625 0.5875 0.065625 0.5921875 0.0515625 0.6078125 0.0453125 0.6109375 0.0390625 0.6078125 0.0234375 0.5921875 0.0234375 0.5890625 0.04375 0.56875 0.046875 0.5703125
2 0.7625 0.875 0.78125 0.89375 0.7828125 0.9 0.7703125 0.9125 0.759375 0.9171875 0.740625 0.8984375 0.740625 0.8953125 0.7609375 0.8765625
2 0.21875 0.5734375 0.2234375 0.571875 0.2421875 0.5921875 0.240625 0.5984375 0.23125 0.6078125 0.2234375 0.6140625 0.21875 0.6125 0.2015625 0.5953125 0.203125 0.5890625 0.21875 0.575
2 0.49375 0.6765625 0.5140625 0.6953125 0.5140625 0.7 0.4953125 0.71875 0.4921875 0.71875 0.4828125 0.7109375 0.471875 0.7 0.471875 0.6953125 0.4796875 0.690625 0.4921875 0.678125
3 0.140625 0.7390625 0.1421875 0.740625 0.171875 0.740625 0.1875 0.74375 0.190625 0.753125 0.1890625 0.7921875 0.1859375 0.7984375 0.178125 0.8 0.1390625 0.7984375 0.1375 0.796875 0.1046875 0.7984375 0.0875 0.7953125 0.0859375 0.7921875 0.0875 0.74375 0.0921875 0.740625 0.103125 0.7390625 0.1390625 0.7390625
3 0.61875 0.865625 0.7109375 0.8671875 0.7171875 0.871875 0.7171875 0.9203125 0.715625 0.9234375 0.7125 0.925 0.61875 0.9234375 0.615625 0.91875 0.615625 0.8703125 0.61875 0.8671875
3 0.14375 0.4375 0.1453125 0.4390625 0.18125 0.4390625 0.1859375 0.4421875 0.1875 0.4453125 0.1875 0.4921875 0.18125 0.496875 0.0890625 0.4953125 0.0859375 0.4921875 0.084375 0.4890625 0.084375 0.4734375 0.0859375 0.471875 0.084375 0.44375 0.0875 0.4390625 0.090625 0.4375 0.1421875 0.4375
3 0.4109375 0.665625 0.4125 0.6671875 0.453125 0.6671875 0.4578125 0.671875 0.45625 0.71875 0.453125 0.7234375 0.4484375 0.725 0.4125 0.725 0.4078125 0.721875 0.3609375 0.7234375 0.353125 0.71875 0.353125 0.678125 0.3578125 0.665625 0.409375 0.665625
3 0.1421875 0.65625 0.146875 0.659375 0.1484375 0.6578125 0.1890625 0.659375 0.1921875 0.6671875 0.190625 0.709375 0.1859375 0.715625 0.1765625 0.7171875 0.140625 0.715625 0.1390625 0.7140625 0.090625 0.7140625 0.0875 0.709375 0.0890625 0.6609375 0.096875 0.65625 0.1140625 0.65625 0.115625 0.6578125 0.140625 0.65625
0 0.81796875 0.93125 0.125 0.028125
0 0.79375 0.865625 0.071875 0.021875
0 0.73046875 0.89609375 0.0234375 0.0140625
0 0.60546875 0.89375 0.0234375 0.0140625
0 0.546875 0.78125 0.065625 0.1796875
0 0.465625 0.69453125 0.0171875 0.0125
0 0.3828125 0.8140625 0.0515625 0.1859375
0 0.28125 0.728125 0.0828125 0.2828125
0 0.209375 0.51640625 0.0453125 0.109375
0 0.209375 0.653125 0.0359375 0.08125
0 0.209375 0.6953125 0.0375 0.165625
0 0.0625 0.51484375 0.0453125 0.10625
0 0.0640625 0.64921875 0.0515625 0.0765625
0 0.0625 0.690625 0.053125 0.159375
3 0.3125 0.89921875 0.090625 0.0625
1 0.84453125 0.86171875 0.0328125 0.0328125
1 0.89453125 0.94375 0.0328125 0.0328125
4 0.84609375 0.9046875 0.078125 0.0640625
4 0.89453125 0.97265625 0.0734375 0.0375
4 0.63125 0.8 0.078125 0.0171875
4 0.57109375 0.84140625 0.09375 0.015625
4 0.5625 0.96171875 0.18125 0.053125
4 0.16328125 0.903125 0.0875 0.0171875
4 0.0640625 0.91328125 0.084375 0.040625