2 0.4140625 0.875 0.421875 0.8703125 0.4421875 0.890625 0.4421875 0.8953125 0.434375 0.903125 0.4296875 0.9046875 0.425 0.9109375 0.4203125 0.9125 0.409375 0.903125 0.4015625 0.8921875 0.4140625 0.8765625
2 0.9546875 0.5765625 0.9734375 0.5953125 0.9734375 0.6 0.953125 0.61875 0.9453125 0.6140625 0.93125 0.5984375 0.9328125 0.59375 0.9484375 0.578125 0.953125 0.5765625
2 0.2296875 0.8703125 0.2359375 0.8734375 0.240625 0.88125 0.2515625 0.890625 0.2515625 0.89375 0.2375 0.9078125 0.23125 0.9125 0.2265625 0.9109375 0.209375 0.89375 0.209375 0.890625 0.221875 0.8765625 0.2296875 0.871875
2 0.7765625 0.5765625 0.79375 0.5921875 0.7953125 0.6 0.775 0.61875 0.7546875 0.5984375 0.75625 0.59375 0.775 0.5765625
2 0.50625 0.678125 0.5234375 0.6953125 0.5234375 0.7 0.503125 0.71875 0.48125 0.6984375 0.48125 0.6953125 0.5015625 0.6765625 0.5046875 0.678125
3 0.8921875 0.7453125 0.903125 0.746875 0.9078125 0.75 0.9078125 0.7984375 0.9046875 0.803125 0.8890625 0.8046875 0.8859375 0.803125 0.83125 0.803125 0.8296875 0.8046875 0.8078125 0.803125 0.8046875 0.796875 0.8046875 0.7578125 0.8078125 0.7484375 0.8109375 0.746875 0.890625 0.7453125
3 0.2765625 0.91875 0.275 0.915625 0.275 0.8671875 0.28125 0.8625 0.3734375 0.8625 0.3765625 0.8671875 0.3765625 0.915625 0.3734375 0.9203125 0.2796875 0.9203125 0.278125 0.91875
3 0.909375 0.44375 0.915625 0.45 0.915625 0.475 0.9140625 0.4765625 0.915625 0.4953125 0.9109375 0.5015625 0.8171875 0.5015625 0.8125 0.496875 0.8125 0.45 0.815625 0.4453125 0.81875 0.44375 0.9078125 0.44375
3 0.5421875 0.7234375 0.5390625 0.71875 0.5390625 0.671875 0.54375 0.6671875 0.6390625 0.6671875 0.6421875 0.671875 0.6421875 0.7203125 0.6390625 0.7234375 0.634375 0.725 0.6171875 0.725 0.615625 0.7234375 0.6125 0.725 0.5984375 0.7234375 0.546875 0.725 0.54375 0.7234375
3 0.840625 0.6625 0.8421875 0.6640625 0.84375 0.6625 0.8484375 0.6640625 0.8515625 0.6625 0.8734375 0.6625 0.875 0.6640625 0.9 0.6625 0.9046875 0.6640625 0.9078125 0.6671875 0.9078125 0.715625 0.9046875 0.7203125 0.83125 0.7203125 0.8296875 0.721875 0.809375 0.7203125 0.80625 0.7171875 0.8046875 0.7140625 0.8046875 0.671875 0.8078125 0.6640625 0.8125 0.6625 0.8390625 0.6625
0 0.17421875 0.92578125 0.12421875 0.0265625
0 0.2 0.86015625 0.071875 0.02109375
0 0.2625 0.8921875 0.0234375 0.01328125
0 0.3875 0.8921875 0.0234375 0.01328125
0 0.4484375 0.78046875 0.0625 0.17890625
0 0.53125 0.6953125 0.0171875 0.0125
0 0.61171875 0.81640625 0.0484375 0.18515625
0 0.71484375 0.73203125 0.078125 0.28125
0 0.790625 0.52109375 0.04296875 0.10859375
0 0.78828125 0.6578125 0.034375 0.08125
0 0.7875 0.7 0.034375 0.16484375
0 0.9375 0.52265625 0.04375 0.10625
0 0.93359375 0.65703125 0.05078125 0.07578125
0 0.934375 0.6984375 0.05078125 0.15859375
3 0.68046875 0.90234375 0.0890625 0.06171875
1 0.14921875 0.85546875 0.0328125 0.0328125
1 0.09765625 0.93671875 0.03203125 0.0328125
4 0.146875 0.8984375 0.07734375 0.06328125
4 0.09765625 0.965625 0.07265625 0.03671875
4 0.36328125 0.79765625 0.07734375 0.01640625
4 0.42265625 0.83984375 0.09296875 0.01328125
4 0.4296875 0.9609375 0.18046875 0.04921875
4 0.8296875 0.90859375 0.08671875 0.015625
4 0.92890625 0.92109375 0.084375 0.0390625