3 0.8359375 0.703125 0.10625 0.0640625
3 0.2828125 0.31796875 0.1078125 0.065625
3 0.11015625 0.60390625 0.10625 0.065625
3 0.23125 0.71015625 0.1078125 0.0640625
3 0.56640625 0.9 0.10625 0.0640625
3 0.44765625 0.90390625 0.10625 0.065625
2 0.10859375 0.503125 0.0453125 0.046875
2 0.10546875 0.728125 0.0453125 0.046875
2 0.74765625 0.7046875 0.046875 0.046875
2 0.64375 0.70546875 0.046875 0.0484375
1 0.740625 0.7578125 0.753125 0.7578125 0.7625 0.7671875 0.7625 0.7765625 0.759375 0.78125 0.7515625 0.7875 0.7453125 0.7875 0.734375 0.7796875 0.7328125 0.7734375 0.734375 0.7625 0.740625 0.759375
0 0.909375 0.4921875 0.059375 0.43125
0 0.7765625 0.7046875 0.0140625 0.0125
0 0.746875 0.740625 0.0125 0.0328125
0 0.6953125 0.70546875 0.0578125 0.0140625
0 0.3890625 0.5890625 0.515625 0.2046875
0 0.63359375 0.815625 0.0359375 0.1796875
0 0.50703125 0.9015625 0.0140625 0.015625
0 0.36484375 0.61015625 0.0609375 0.5984375
0 0.29921875 0.53125 0.0453125 0.36875
0 0.153125 0.72734375 0.0515625 0.0109375
0 0.11015625 0.67109375 0.0203125 0.071875
0 0.11015625 0.55 0.0125 0.05
0 0.06953125 0.50625 0.0375 0.015625
4 0.74921875 0.80703125 0.059375 0.0265625
4 0.71875 0.70234375 0.059375 0.028125
4 0.63046875 0.7359375 0.0765625 0.0375
4 0.4734375 0.48984375 0.221875 0.0296875
4 0.1109375 0.67265625 0.0875 0.0171875