3 0.16796875 0.70859375 0.10546875 0.0625
3 0.7140625 0.3140625 0.10625 0.06328125
3 0.89140625 0.596875 0.10546875 0.06328125
3 0.77265625 0.70546875 0.10703125 0.06171875
3 0.440625 0.90078125 0.10546875 0.0625
3 0.559375 0.903125 0.10546875 0.06328125
2 0.89140625 0.49609375 0.04453125 0.04609375
2 0.8984375 0.72109375 0.04453125 0.04609375
2 0.25625 0.70859375 0.0453125 0.04609375
2 0.36015625 0.7078125 0.04609375 0.046875
1 0.265625 0.7640625 0.26875 0.765625 0.271875 0.7765625 0.2703125 0.7828125 0.259375 0.790625 0.253125 0.790625 0.2453125 0.7859375 0.2421875 0.78125 0.2421875 0.76875 0.2515625 0.7609375 0.2625 0.7609375 0.2640625 0.7640625
0 0.090625 0.49921875 0.05234375 0.4296875
0 0.22734375 0.709375 0.0140625 0.0125
0 0.25703125 0.74453125 0.01171875 0.03203125
0 0.30859375 0.70859375 0.0578125 0.0125
0 0.6125 0.5875 0.51171875 0.19609375
0 0.371875 0.81796875 0.0328125 0.17890625
0 0.5 0.9015625 0.0140625 0.01484375
0 0.63671875 0.6078125 0.05078125 0.59765625
0 0.7015625 0.528125 0.0390625 0.36796875
0 0.85078125 0.72109375 0.05078125 0.01015625
0 0.89296875 0.6640625 0.01953125 0.07109375
0 0.890625 0.54296875 0.01171875 0.04921875
0 0.93046875 0.4984375 0.03671875 0.01484375
4 0.25625 0.81171875 0.05859375 0.02578125
4 0.28515625 0.70625 0.059375 0.02734375
4 0.3734375 0.73828125 0.0765625 0.03671875
4 0.5265625 0.4890625 0.22109375 0.0265625
4 0.8921875 0.665625 0.08671875 0.015625