3 0.84609375 0.68515625 0.109375 0.0703125
3 0.2734375 0.3296875 0.1109375 0.0703125
3 0.11640625 0.62421875 0.109375 0.0703125
3 0.2421875 0.72421875 0.1109375 0.06875
3 0.5875 0.8953125 0.109375 0.0703125
3 0.46875 0.90625 0.109375 0.0703125
2 0.109375 0.5234375 0.046875 0.0484375
2 0.11796875 0.7484375 0.046875 0.0484375
2 0.7578125 0.69140625 0.0484375 0.0484375
2 0.65390625 0.69765625 0.05 0.05
1 0.765625 0.74375 0.775 0.7515625 0.7765625 0.7609375 0.7734375 0.76875 0.765625 0.7734375 0.753125 0.771875 0.7484375 0.7671875 0.7484375 0.7625 0.7453125 0.7609375 0.7484375 0.75 0.753125 0.7484375 0.75625 0.74375 0.7640625 0.74375
0 0.90859375 0.4703125 0.0828125 0.4328125
0 0.78671875 0.68984375 0.015625 0.0140625
0 0.759375 0.72734375 0.0140625 0.0328125
0 0.70546875 0.69453125 0.0578125 0.0171875
0 0.39375 0.5953125 0.5234375 0.23125
0 0.65 0.80859375 0.0453125 0.18125
0 0.528125 0.90078125 0.015625 0.015625
0 0.37109375 0.6171875 0.0921875 0.6
0 0.30078125 0.5421875 0.0640625 0.3703125
0 0.165625 0.7453125 0.0515625 0.0140625
0 0.11953125 0.69140625 0.025 0.071875
0 0.11328125 0.5703125 0.015625 0.05
0 0.0703125 0.528125 0.0375 0.0171875
4 0.76484375 0.79375 0.0609375 0.0296875
4 0.72890625 0.690625 0.0609375 0.03125
4 0.64296875 0.72890625 0.0796875 0.0421875
4 0.47265625 0.490625 0.221875 0.0421875
4 0.1203125 0.69296875 0.0875 0.021875