4 0.22578125 0.27109375 0.03125 0.01875
4 0.13984375 0.34921875 0.1546875 0.03359375
0 0.1546875 0.49765625 0.0171875 0.05234375
0 0.153125 0.2453125 0.0140625 0.04140625
0 0.2265625 0.42109375 0.103125 0.26015625
0 0.1546875 0.36796875 0.01328125 0.078125
0 0.1546875 0.11953125 0.01484375 0.05078125
2 0.1546875 0.2640625 0.18125 0.2890625 0.1859375 0.2953125 0.184375 0.3015625 0.1546875 0.3296875 0.125 0.3015625 0.1234375 0.2953125 0.128125 0.2890625 0.153125 0.265625
1 0.1546875 0.525 0.1671875 0.5296875 0.1734375 0.5390625 0.1734375 0.5515625 0.16875 0.5578125 0.1578125 0.5625 0.1453125 0.5609375 0.140625 0.5578125 0.1359375 0.546875 0.1359375 0.540625 0.140625 0.53125 0.153125 0.525
1 0.1578125 0.05625 0.165625 0.059375 0.1734375 0.0703125 0.1734375 0.08125 0.16875 0.0890625 0.1578125 0.0953125 0.1453125 0.0921875 0.1390625 0.0859375 0.1359375 0.078125 0.1359375 0.0703125 0.1390625 0.0640625 0.146875 0.0578125 0.15625 0.05625
3 0.1078125 0.40625 0.109375 0.4078125 0.115625 0.40625 0.1390625 0.40625 0.140625 0.4078125 0.146875 0.40625 0.1546875 0.4078125 0.1578125 0.40625 0.165625 0.4078125 0.21875 0.40625 0.2265625 0.4078125 0.2328125 0.4140625 0.2328125 0.465625 0.228125 0.4703125 0.2203125 0.4734375 0.2015625 0.4734375 0.2 0.471875 0.0890625 0.4734375 0.08125 0.4703125 0.0765625 0.4625 0.0765625 0.415625 0.084375 0.4078125 0.10625 0.40625
3 0.228125 0.1484375 0.2328125 0.1546875 0.2328125 0.2171875 0.225 0.225 0.0859375 0.225 0.08125 0.2234375 0.0765625 0.215625 0.0765625 0.15625 0.078125 0.1515625 0.0859375 0.146875 0.225 0.146875 0.2265625 0.1484375