4 0.246875 0.2484375 0.0328125 0.021875
4 0.1546875 0.31875 0.15625 0.046875
0 0.15625 0.4671875 0.021875 0.053125
0 0.1765625 0.21640625 0.0171875 0.0421875
0 0.234375 0.39765625 0.125 0.26875
0 0.1671875 0.33828125 0.0203125 0.0796875
0 0.1890625 0.090625 0.01875 0.0515625
2 0.1734375 0.2375 0.178125 0.2359375 0.20625 0.2703125 0.1953125 0.2828125 0.190625 0.284375 0.171875 0.3015625 0.1515625 0.2765625 0.14375 0.2703125 0.1453125 0.26875 0.14375 0.2640625 0.1484375 0.2578125 0.1515625 0.2578125 0.165625 0.24375 0.1734375 0.2390625
1 0.1546875 0.4953125 0.1671875 0.5015625 0.171875 0.5109375 0.171875 0.521875 0.1609375 0.5328125 0.1421875 0.53125 0.1359375 0.5234375 0.134375 0.515625 0.1359375 0.50625 0.140625 0.5 0.153125 0.4953125
1 0.1984375 0.028125 0.2 0.03125 0.209375 0.0359375 0.2125 0.04375 0.2125 0.0546875 0.2046875 0.0640625 0.1984375 0.0671875 0.1828125 0.0640625 0.1765625 0.05625 0.175 0.0484375 0.175 0.0421875 0.18125 0.0328125 0.196875 0.028125
3 0.1109375 0.3734375 0.1125 0.375 0.1140625 0.3734375 0.146875 0.375 0.1515625 0.378125 0.1625 0.3765625 0.184375 0.38125 0.2015625 0.3796875 0.2046875 0.3828125 0.2359375 0.384375 0.2421875 0.3921875 0.2390625 0.434375 0.2375 0.44375 0.225 0.45 0.20625 0.4484375 0.196875 0.4453125 0.1625 0.4453125 0.1609375 0.4421875 0.1515625 0.44375 0.14375 0.440625 0.128125 0.4421875 0.1265625 0.440625 0.09375 0.4390625 0.0859375 0.434375 0.0828125 0.43125 0.0859375 0.3796875 0.0921875 0.3734375 0.109375 0.3734375
3 0.1765625 0.1171875 0.1953125 0.1203125 0.2484375 0.1234375 0.2609375 0.1265625 0.2640625 0.13125 0.2609375 0.184375 0.2578125 0.1984375 0.25 0.203125 0.1203125 0.1921875 0.1078125 0.1890625 0.1046875 0.1859375 0.103125 0.1796875 0.1078125 0.1421875 0.1078125 0.125 0.1140625 0.1140625 0.1234375 0.1125 0.125 0.1140625 0.175 0.1171875