4 0.76640625 0.26171875 0.03125 0.0203125
4 0.8546875 0.33671875 0.15625 0.0390625
0 0.8453125 0.4859375 0.01875 0.053125
0 0.8375 0.23359375 0.015625 0.0421875
0 0.7703125 0.41171875 0.1125 0.2640625
0 0.840625 0.35625 0.015625 0.078125
0 0.83203125 0.1078125 0.0171875 0.0515625
2 0.8359375 0.253125 0.86875 0.2828125 0.8671875 0.2890625 0.859375 0.2953125 0.8515625 0.30625 0.8375 0.3171875 0.83125 0.3140625 0.80625 0.2890625 0.80625 0.284375 0.8109375 0.278125 0.834375 0.2546875
1 0.8484375 0.5140625 0.8578125 0.5203125 0.859375 0.51875 0.8640625 0.528125 0.8625 0.5375 0.8640625 0.5390625 0.8609375 0.5453125 0.85 0.5515625 0.8375 0.55 0.8265625 0.5390625 0.8265625 0.528125 0.8296875 0.521875 0.8390625 0.515625 0.846875 0.5140625
1 0.840625 0.0484375 0.8484375 0.059375 0.8484375 0.0671875 0.8453125 0.075 0.8390625 0.08125 0.8296875 0.084375 0.815625 0.078125 0.8109375 0.0703125 0.8109375 0.059375 0.8140625 0.053125 0.825 0.0453125 0.8328125 0.0453125 0.8390625 0.0484375
3 0.8796875 0.39375 0.88125 0.3953125 0.9109375 0.39375 0.9171875 0.3984375 0.9203125 0.4046875 0.9203125 0.446875 0.921875 0.4484375 0.9171875 0.45625 0.903125 0.4609375 0.859375 0.459375 0.8515625 0.4625 0.85 0.4609375 0.840625 0.4625 0.815625 0.4609375 0.796875 0.4640625 0.778125 0.4640625 0.765625 0.4578125 0.7640625 0.4078125 0.7625 0.40625 0.7703125 0.3984375 0.778125 0.396875 0.8015625 0.3984375 0.83125 0.3953125 0.8546875 0.396875 0.8578125 0.39375 0.878125 0.39375
3 0.9 0.1328125 0.9046875 0.134375 0.9109375 0.1421875 0.9125 0.2015625 0.9078125 0.209375 0.8984375 0.2125 0.8546875 0.2125 0.853125 0.2140625 0.8109375 0.2140625 0.809375 0.215625 0.7625 0.215625 0.7578125 0.2125 0.7546875 0.1828125 0.7546875 0.1453125 0.7578125 0.140625 0.7625 0.1375 0.80625 0.1375 0.8078125 0.1359375 0.8515625 0.1359375 0.853125 0.134375 0.8953125 0.134375 0.8984375 0.1328125