3 0.43125 0.7046875 0.4328125 0.70625 0.4375 0.7046875 0.459375 0.70625 0.4609375 0.7046875 0.5078125 0.703125 0.5140625 0.7109375 0.515625 0.7515625 0.5171875 0.753125 0.515625 0.7625 0.509375 0.7671875 0.4921875 0.7703125 0.3671875 0.775 0.3625 0.771875 0.3578125 0.7578125 0.359375 0.7421875 0.35625 0.725 0.359375 0.7140625 0.371875 0.709375 0.4 0.709375 0.4296875 0.70625
3 0.7046875 0.6109375 0.709375 0.615625 0.7125 0.6296875 0.7109375 0.6578125 0.7046875 0.6625 0.5796875 0.66875 0.578125 0.6703125 0.565625 0.6703125 0.55625 0.6625 0.553125 0.6296875 0.5546875 0.621875 0.5609375 0.61875 0.578125 0.615625 0.60625 0.615625 0.6078125 0.6140625 0.6359375 0.6140625 0.6375 0.6125 0.665625 0.6125 0.696875 0.609375 0.703125 0.6109375
3 0.9328125 0.878125 0.9375 0.884375 0.9390625 0.8921875 0.9390625 0.9203125 0.940625 0.921875 0.940625 0.9453125 0.934375 0.953125 0.9140625 0.95625 0.8859375 0.95625 0.884375 0.9578125 0.85625 0.9578125 0.8546875 0.959375 0.8265625 0.959375 0.7953125 0.9625 0.7703125 0.9625 0.76875 0.9609375 0.7640625 0.9625 0.7578125 0.953125 0.7546875 0.89375 0.75625 0.8890625 0.7609375 0.8859375 0.8484375 0.88125 0.85 0.8796875 0.8515625 0.88125 0.853125 0.8796875 0.9109375 0.878125 0.9125 0.8765625 0.9296875 0.8765625 0.93125 0.878125
3 0.9265625 0.7484375 0.93125 0.7546875 0.9328125 0.8015625 0.934375 0.803125 0.934375 0.815625 0.9265625 0.8234375 0.890625 0.825 0.88125 0.828125 0.8609375 0.828125 0.859375 0.8265625 0.828125 0.8296875 0.8234375 0.828125 0.815625 0.83125 0.79375 0.8296875 0.778125 0.8328125 0.775 0.83125 0.759375 0.8328125 0.753125 0.8296875 0.7515625 0.825 0.7484375 0.7640625 0.75 0.759375 0.7546875 0.75625 0.81875 0.753125 0.834375 0.75 0.8484375 0.7515625 0.85 0.75 0.878125 0.75 0.909375 0.746875 0.925 0.7484375
3 0.7 0.5328125 0.70625 0.5390625 0.709375 0.56875 0.7078125 0.578125 0.7015625 0.584375 0.6671875 0.5859375 0.665625 0.5875 0.6375 0.5859375 0.6296875 0.5890625 0.578125 0.590625 0.5765625 0.5921875 0.5609375 0.5921875 0.553125 0.5875 0.55 0.5734375 0.55 0.55 0.5515625 0.54375 0.5578125 0.5390625 0.6046875 0.5375 0.60625 0.5359375 0.6171875 0.5375 0.6359375 0.534375 0.6640625 0.534375 0.6953125 0.53125 0.6984375 0.5328125
1 0.48125 0.3234375 0.4890625 0.3296875 0.49375 0.3375 0.49375 0.3453125 0.490625 0.353125 0.48125 0.3609375 0.4703125 0.3609375 0.4625 0.3578125 0.4578125 0.3515625 0.45625 0.3359375 0.459375 0.3296875 0.4671875 0.325 0.4796875 0.325
1 0.79375 0.034375 0.8015625 0.03125 0.8140625 0.0328125 0.8203125 0.0390625 0.8234375 0.046875 0.821875 0.059375 0.815625 0.0671875 0.8078125 0.0703125 0.796875 0.06875 0.7859375 0.0578125 0.7859375 0.046875 0.790625 0.0375 0.79375 0.0359375
2 0.815625 0.2921875 0.8234375 0.2953125 0.8375 0.309375 0.840625 0.309375 0.85 0.3203125 0.85 0.3265625 0.8390625 0.3359375 0.834375 0.34375 0.821875 0.35625 0.8171875 0.3546875 0.7875 0.3265625 0.7890625 0.3203125 0.815625 0.29375
2 0.8078125 0.109375 0.840625 0.1375 0.840625 0.14375 0.834375 0.1484375 0.8296875 0.15625 0.8109375 0.1734375 0.778125 0.1453125 0.7796875 0.1390625 0.79375 0.1265625 0.80625 0.1109375
2 0.6375 0.43125 0.6546875 0.4484375 0.6546875 0.453125 0.628125 0.4828125 0.6234375 0.4828125 0.6125 0.475 0.590625 0.4515625 0.6015625 0.4421875 0.6203125 0.4203125 0.625 0.4203125 0.6359375 0.43125
2 0.6140625 0.3015625 0.621875 0.3046875 0.63125 0.315625 0.634375 0.315625 0.6484375 0.3328125 0.6484375 0.3359375 0.6203125 0.365625 0.6140625 0.3640625 0.60625 0.3578125 0.5859375 0.3375 0.5875 0.334375 0.5859375 0.3328125 0.6 0.3203125 0.6 0.3171875 0.6140625 0.303125
4 0.59453125 0.128125 0.0265625 0.015625
4 0.74765625 0.3015625 0.028125 0.0171875
4 0.55078125 0.33828125 0.0265625 0.015625
4 0.54765625 0.45625 0.0265625 0.015625
4 0.81640625 0.21171875 0.1703125 0.08125
4 0.825 0.39375 0.1578125 0.0796875
4 0.62265625 0.38671875 0.1515625 0.0453125
4 0.62890625 0.50390625 0.15 0.0453125
0 0.81640625 0.2328125 0.021875 0.1171875
0 0.72109375 0.3296875 0.1359375 0.025
0 0.54140625 0.3390625 0.090625 0.025
0 0.8328125 0.553125 0.040625 0.3921875
0 0.8453125 0.85390625 0.0203125 0.0515625
0 0.7421875 0.7078125 0.21875 0.10625
0 0.63671875 0.83203125 0.2390625 0.2265625
0 0.6328125 0.60078125 0.01875 0.028125
0 0.62265625 0.3921875 0.0203125 0.0546875
0 0.62890625 0.509375 0.021875 0.053125
0 0.54765625 0.5515625 0.1125 0.2078125
0 0.60390625 0.421875 0.409375 0.56875