0 0.78984375 0.1140625 0.134375 0.0234375
0 0.78984375 0.06796875 0.1328125 0.1140625
0 0.875 0.06015625 0.00625 0.0515625
0 0.875 0.16484375 0.009375 0.078125
0 0.72734375 0.18359375 0.009375 0.040625
0 0.8 0.28984375 0.0546875 0.121875
0 0.728125 0.25859375 0.009375 0.028125
0 0.6796875 0.2875 0.05625 0.13125
0 0.875 0.27734375 0.009375 0.03125
0 0.87578125 0.3609375 0.009375 0.025
4 0.87734375 0.13828125 0.0734375 0.0234375
4 0.80390625 0.08828125 0.0734375 0.025
4 0.67265625 0.14453125 0.01875 0.0125
4 0.728125 0.17734375 0.09375 0.021875
4 0.8765625 0.04609375 0.078125 0.021875
4 0.728125 0.25859375 0.0890625 0.025
2 0.7328125 0.2109375 0.740625 0.21875 0.74375 0.2265625 0.7265625 0.24375 0.7234375 0.24375 0.70625 0.225 0.725 0.20625 0.73125 0.2109375
2 0.871875 0.0859375 0.875 0.0859375 0.89375 0.10625 0.875 0.125 0.86875 0.121875 0.853125 0.10625 0.871875 0.0875
2 0.7265625 0.125 0.7421875 0.140625 0.74375 0.146875 0.7265625 0.1640625 0.721875 0.1625 0.70625 0.146875 0.7078125 0.140625 0.725 0.1265625
1 0.875 0.3734375 0.88125 0.375 0.8859375 0.38125 0.8859375 0.3875 0.88125 0.3953125 0.875 0.396875 0.8671875 0.3953125 0.8625 0.3875 0.8640625 0.378125 0.8734375 0.3734375
1 0.63125 0.1359375 0.6359375 0.14375 0.6328125 0.153125 0.625 0.1578125 0.615625 0.1546875 0.6109375 0.14375 0.6203125 0.134375 0.6296875 0.1359375
3 0.765625 0.33125 0.7703125 0.3390625 0.7703125 0.3578125 0.76875 0.3640625 0.7625 0.3671875 0.6890625 0.3671875 0.684375 0.365625 0.68125 0.35625 0.68125 0.3390625 0.684375 0.3328125 0.6875 0.33125 0.7640625 0.33125
3 0.9171875 0.29375 0.921875 0.296875 0.921875 0.34375 0.9171875 0.3484375 0.8328125 0.3484375 0.828125 0.3453125 0.828125 0.321875 0.8265625 0.3203125 0.828125 0.2953125 0.834375 0.2921875 0.9140625 0.2921875 0.915625 0.29375
3 0.7234375 0.271875 0.725 0.2734375 0.7640625 0.2734375 0.76875 0.2765625 0.7703125 0.2828125 0.76875 0.3109375 0.7609375 0.3140625 0.6890625 0.3140625 0.6828125 0.309375 0.68125 0.2828125 0.6875 0.2734375 0.721875 0.271875
3 0.8625 0.2046875 0.8640625 0.20625 0.903125 0.2046875 0.9046875 0.20625 0.9203125 0.20625 0.921875 0.209375 0.921875 0.25625 0.9203125 0.259375 0.915625 0.2609375 0.871875 0.259375 0.8671875 0.2625 0.865625 0.2609375 0.8578125 0.2625 0.8296875 0.259375 0.8265625 0.2515625 0.828125 0.2484375 0.8265625 0.2421875 0.828125 0.2078125 0.8609375 0.2046875