0 0.2171875 0.109375 0.134375 0.025
0 0.21796875 0.06328125 0.134375 0.115625
0 0.1328125 0.05390625 0.0078125 0.0515625
0 0.13125 0.15859375 0.009375 0.078125
0 0.278125 0.1796875 0.009375 0.040625
0 0.20390625 0.284375 0.05625 0.1234375
0 0.27578125 0.2546875 0.009375 0.028125
0 0.32421875 0.284375 0.0578125 0.13125
0 0.12890625 0.27109375 0.009375 0.03125
0 0.1265625 0.3546875 0.009375 0.025
4 0.12890625 0.13203125 0.0734375 0.025
4 0.203125 0.0828125 0.0734375 0.0265625
4 0.33359375 0.14140625 0.0203125 0.0125
4 0.27734375 0.1734375 0.09375 0.025
4 0.13125 0.03984375 0.078125 0.0234375
4 0.27578125 0.2546875 0.0890625 0.0265625
2 0.284375 0.20625 0.2984375 0.2234375 0.2796875 0.240625 0.2703125 0.2359375 0.2703125 0.2328125 0.2609375 0.2234375 0.2609375 0.21875 0.278125 0.203125 0.2828125 0.20625
2 0.13125 0.0796875 0.134375 0.0796875 0.153125 0.1015625 0.15 0.1015625 0.1375 0.115625 0.1296875 0.11875 0.1125 0.1 0.13125 0.08125
2 0.2796875 0.121875 0.290625 0.1296875 0.3 0.1421875 0.2828125 0.159375 0.278125 0.1609375 0.265625 0.1484375 0.2609375 0.140625 0.2796875 0.1234375
1 0.1296875 0.3671875 0.1375 0.371875 0.1390625 0.38125 0.134375 0.3890625 0.128125 0.390625 0.1203125 0.3890625 0.115625 0.38125 0.115625 0.375 0.11875 0.3703125 0.128125 0.3671875
1 0.384375 0.1328125 0.39375 0.140625 0.39375 0.146875 0.390625 0.153125 0.3828125 0.15625 0.3734375 0.153125 0.36875 0.1421875 0.375 0.134375 0.3828125 0.1328125
3 0.3140625 0.328125 0.3171875 0.3296875 0.3203125 0.3359375 0.3203125 0.3546875 0.3171875 0.3625 0.3125 0.3640625 0.2390625 0.3640625 0.2328125 0.359375 0.23125 0.353125 0.23125 0.3359375 0.2359375 0.328125 0.3125 0.328125
3 0.1453125 0.2859375 0.146875 0.2875 0.16875 0.2875 0.175 0.290625 0.1765625 0.3140625 0.1734375 0.3203125 0.1734375 0.340625 0.16875 0.34375 0.084375 0.3421875 0.0796875 0.3375 0.08125 0.290625 0.0828125 0.2890625 0.0890625 0.2859375 0.14375 0.2859375
3 0.2984375 0.26875 0.3 0.2703125 0.315625 0.2703125 0.3203125 0.2765625 0.321875 0.3 0.3203125 0.30625 0.3140625 0.3109375 0.2421875 0.3109375 0.234375 0.3078125 0.2328125 0.278125 0.2359375 0.271875 0.296875 0.26875
3 0.1203125 0.1984375 0.121875 0.2 0.1234375 0.1984375 0.1359375 0.2 0.14375 0.1984375 0.146875 0.2015625 0.175 0.2015625 0.1765625 0.203125 0.178125 0.2296875 0.175 0.2390625 0.1765625 0.2453125 0.175 0.253125 0.1671875 0.25625 0.146875 0.25625 0.1453125 0.2578125 0.1390625 0.2546875 0.1359375 0.25625 0.13125 0.253125 0.0875 0.2546875 0.0828125 0.253125 0.08125 0.25 0.084375 0.2 0.11875 0.1984375