0 0.21015625 0.1140625 0.13359375 0.0234375
0 0.21015625 0.06796875 0.1328125 0.1140625
0 0.125 0.06015625 0.00703125 0.0515625
0 0.125 0.16484375 0.00859375 0.07734375
0 0.27265625 0.18359375 0.00859375 0.040625
0 0.2 0.28984375 0.0546875 0.12265625
0 0.271875 0.25859375 0.009375 0.028125
0 0.3203125 0.2875 0.05625 0.13046875
0 0.125 0.27734375 0.009375 0.03046875
0 0.12421875 0.3609375 0.009375 0.025
4 0.12265625 0.13828125 0.0734375 0.0234375
4 0.19609375 0.08828125 0.0734375 0.025
4 0.32734375 0.14453125 0.01953125 0.0125
4 0.271875 0.17734375 0.09375 0.02265625
4 0.1234375 0.04609375 0.07734375 0.02265625
4 0.271875 0.25859375 0.0890625 0.025
2 0.278125 0.209375 0.2921875 0.2265625 0.275 0.24375 0.265625 0.2390625 0.2578125 0.23125 0.2546875 0.2234375 0.271875 0.20625 0.2765625 0.209375
2 0.1234375 0.0859375 0.1265625 0.0859375 0.1453125 0.10625 0.1296875 0.121875 0.1234375 0.125 0.1046875 0.10625 0.1234375 0.0875
2 0.271875 0.125 0.2828125 0.1328125 0.2921875 0.14375 0.2921875 0.146875 0.2765625 0.1625 0.271875 0.1640625 0.2546875 0.146875 0.25625 0.140625 0.271875 0.1265625
1 0.1265625 0.3734375 0.134375 0.378125 0.1359375 0.3875 0.13125 0.3953125 0.125 0.396875 0.1171875 0.3953125 0.1125 0.3875 0.1125 0.38125 0.115625 0.3765625 0.125 0.3734375
1 0.3671875 0.1359375 0.378125 0.134375 0.3875 0.14375 0.384375 0.153125 0.3734375 0.1578125 0.365625 0.153125 0.3625 0.14375 0.3671875 0.1375
3 0.3109375 0.33125 0.3140625 0.3328125 0.3171875 0.3390625 0.3171875 0.35625 0.3140625 0.365625 0.309375 0.3671875 0.2359375 0.3671875 0.2296875 0.3640625 0.228125 0.3578125 0.228125 0.3390625 0.2328125 0.33125 0.309375 0.33125
3 0.078125 0.346875 0.0765625 0.34375 0.0765625 0.296875 0.084375 0.2921875 0.1640625 0.2921875 0.16875 0.29375 0.171875 0.3015625 0.1703125 0.3453125 0.165625 0.3484375 0.08125 0.3484375 0.0796875 0.346875
3 0.29375 0.271875 0.2953125 0.2734375 0.3109375 0.2734375 0.3171875 0.2828125 0.3171875 0.303125 0.315625 0.309375 0.309375 0.3140625 0.2375 0.3140625 0.2296875 0.3109375 0.228125 0.2828125 0.23125 0.275 0.2921875 0.271875
3 0.1140625 0.2046875 0.115625 0.20625 0.1171875 0.2046875 0.1296875 0.20625 0.1390625 0.2046875 0.1703125 0.2078125 0.171875 0.2171875 0.1703125 0.21875 0.171875 0.2296875 0.1703125 0.2578125 0.1625 0.2609375 0.1421875 0.2609375 0.140625 0.2625 0.134375 0.2609375 0.13125 0.2625 0.1265625 0.259375 0.0828125 0.2609375 0.078125 0.259375 0.0765625 0.25625 0.0765625 0.209375 0.078125 0.20625 0.1125 0.2046875