3 0.584375 0.71875 0.590625 0.71875 0.5953125 0.715625 0.5984375 0.7171875 0.6 0.715625 0.7234375 0.7140625 0.73125 0.715625 0.734375 0.71875 0.7359375 0.7265625 0.7359375 0.7578125 0.734375 0.7625 0.728125 0.7671875 0.6953125 0.7671875 0.6828125 0.7703125 0.646875 0.7703125 0.6453125 0.76875 0.640625 0.7703125 0.61875 0.7703125 0.6171875 0.76875 0.5875 0.7703125 0.5796875 0.7609375 0.5796875 0.725 0.584375 0.7203125
3 0.6953125 0.934375 0.696875 0.9359375 0.734375 0.9375 0.740625 0.9453125 0.740625 0.9796875 0.7359375 0.9875 0.725 0.9890625 0.6984375 0.9875 0.684375 0.990625 0.5890625 0.990625 0.584375 0.984375 0.5828125 0.9453125 0.59375 0.9375 0.6140625 0.9375 0.615625 0.9359375 0.6796875 0.9375 0.6828125 0.934375 0.69375 0.934375
3 0.871875 0.840625 0.8734375 0.8421875 0.8890625 0.840625 0.9421875 0.8421875 0.9484375 0.846875 0.9515625 0.8546875 0.9515625 0.8765625 0.946875 0.890625 0.9421875 0.89375 0.89375 0.89375 0.8921875 0.8953125 0.871875 0.89375 0.8625 0.896875 0.7984375 0.89375 0.79375 0.8875 0.7921875 0.8515625 0.8 0.84375 0.8046875 0.8421875 0.859375 0.84375 0.8703125 0.840625
3 0.925 0.4234375 0.9375 0.4265625 0.9421875 0.4328125 0.9421875 0.49375 0.940625 0.4953125 0.9421875 0.496875 0.934375 0.503125 0.8609375 0.503125 0.859375 0.5046875 0.7953125 0.5046875 0.7859375 0.496875 0.7859375 0.434375 0.7875 0.43125 0.79375 0.4265625 0.825 0.4265625 0.8265625 0.425 0.828125 0.4265625 0.85625 0.4265625 0.8578125 0.425 0.8765625 0.4265625 0.878125 0.425 0.9234375 0.4234375
3 0.859375 0.1515625 0.159375 0.084375
3 0.915625 0.3453125 0.9171875 0.346875 0.93125 0.3453125 0.940625 0.3546875 0.940625 0.3765625 0.934375 0.3859375 0.896875 0.3859375 0.8953125 0.3875 0.89375 0.3859375 0.859375 0.3859375 0.853125 0.3890625 0.7890625 0.3859375 0.784375 0.3796875 0.784375 0.3546875 0.7890625 0.35 0.796875 0.346875 0.8421875 0.3484375 0.85625 0.3453125 0.9140625 0.3453125
3 0.7015625 0.1734375 0.703125 0.175 0.71875 0.175 0.725 0.1828125 0.7265625 0.2953125 0.721875 0.303125 0.6796875 0.3046875 0.678125 0.30625 0.590625 0.30625 0.5890625 0.3078125 0.58125 0.3078125 0.5703125 0.3015625 0.56875 0.234375 0.5671875 0.2328125 0.5671875 0.190625 0.5703125 0.18125 0.575 0.178125 0.5875 0.1765625 0.6390625 0.1765625 0.640625 0.175 0.64375 0.1765625 0.675 0.1765625 0.7 0.1734375
2 0.86875 0.6984375 0.9015625 0.728125 0.9015625 0.7328125 0.884375 0.7515625 0.871875 0.7640625 0.8671875 0.7640625 0.8359375 0.7328125 0.8671875 0.7
2 0.8609375 0.2171875 0.89375 0.246875 0.890625 0.2546875 0.8625 0.2828125 0.85 0.275 0.8296875 0.2546875 0.8296875 0.2484375 0.8328125 0.246875 0.8328125 0.24375 0.859375 0.21875
2 0.8671875 0.55625 0.9 0.5890625 0.86875 0.6203125 0.8609375 0.6171875 0.8359375 0.5921875 0.834375 0.5875 0.865625 0.5578125
2 0.8859375 0.93125 0.9 0.946875 0.90625 0.95 0.90625 0.9546875 0.875 0.9875 0.871875 0.9828125 0.8609375 0.9765625 0.840625 0.953125 0.8703125 0.921875 0.875 0.921875 0.884375 0.93125
1 0.7234375 0.575 0.728125 0.578125 0.734375 0.590625 0.7296875 0.603125 0.7203125 0.609375 0.709375 0.609375 0.7015625 0.60625 0.6984375 0.603125 0.6953125 0.5875 0.6984375 0.5796875 0.70625 0.5734375 0.721875 0.575
1 0.8640625 0.0359375 0.8734375 0.04375 0.8765625 0.05 0.8765625 0.0625 0.8671875 0.071875 0.85625 0.075 0.846875 0.071875 0.8421875 0.0671875 0.8390625 0.0625 0.8375 0.05 0.8484375 0.0375 0.8625 0.0359375
1 0.5296875 0.721875 0.5359375 0.7265625 0.5390625 0.740625 0.5359375 0.7484375 0.525 0.75625 0.509375 0.7546875 0.5015625 0.746875 0.5 0.7359375 0.5078125 0.721875 0.5140625 0.71875 0.525 0.71875 0.528125 0.721875
1 0.5296875 0.940625 0.5390625 0.946875 0.54375 0.959375 0.5390625 0.9703125 0.528125 0.9765625 0.5125 0.975 0.50625 0.9671875 0.5046875 0.9609375 0.5078125 0.946875 0.5109375 0.94375 0.5171875 0.940625 0.528125 0.940625
1 0.4765625 0.2265625 0.484375 0.2328125 0.4875 0.2390625 0.4875 0.246875 0.484375 0.25625 0.4796875 0.2609375 0.46875 0.2640625 0.4578125 0.2609375 0.453125 0.25625 0.45 0.25 0.45 0.2375 0.4546875 0.228125 0.4578125 0.2265625 0.475 0.2265625
0 0.85859375 0.09296875 0.0171875 0.0390625
0 0.86015625 0.20390625 0.0171875 0.028125
0 0.77734375 0.25 0.1015625 0.0203125
0 0.528125 0.24140625 0.08125 0.0203125
0 0.8625 0.31328125 0.0171875 0.0640625
0 0.86484375 0.40546875 0.0171875 0.0375
0 0.86640625 0.5296875 0.01875 0.0515625
0 0.78515625 0.58984375 0.1 0.021875
0 0.86953125 0.659375 0.0203125 0.078125
0 0.78671875 0.73203125 0.0984375 0.021875
0 0.87109375 0.80234375 0.0203125 0.0765625
0 0.87265625 0.90859375 0.01875 0.0234375
0 0.79140625 0.95390625 0.0984375 0.021875
0 0.56328125 0.9578125 0.0390625 0.0203125
0 0.559375 0.73671875 0.0390625 0.01875
4 0.80234375 0.95390625 0.028125 0.015625
4 0.8734375 0.79375 0.16875 0.059375
4 0.86953125 0.64921875 0.1140625 0.0546875
4 0.79609375 0.73203125 0.0265625 0.0140625
4 0.79609375 0.58828125 0.0265625 0.0140625
4 0.8640625 0.30078125 0.1265625 0.0359375
4 0.81328125 0.22421875 0.0265625 0.0140625