0 0.7578125 0.88046875 0.075 0.1796875
0 0.8015625 0.8421875 0.015625 0.053125
0 0.80859375 0.925 0.0109375 0.025
0 0.79140625 0.75703125 0.015625 0.046875
0 0.78359375 0.6671875 0.0140625 0.05625
0 0.84375 0.6140625 0.0875 0.015625
0 0.8515625 0.70859375 0.0890625 0.01875
0 0.9125 0.65625 0.015625 0.0578125
0 0.86328125 0.10078125 0.0140625 0.0296875
0 0.81484375 0.06953125 0.05625 0.015625
0 0.85625 0.03671875 0.0109375 0.0234375
0 0.86953125 0.1703125 0.0109375 0.0203125
0 0.875 0.234375 0.0140625 0.021875
0 0.88203125 0.309375 0.01875 0.05625
0 0.88984375 0.39609375 0.015625 0.0390625
0 0.89609375 0.4796875 0.0140625 0.05
0 0.90390625 0.565625 0.0140625 0.05625
0 0.8390625 0.52734375 0.090625 0.01875
0 0.921875 0.74765625 0.015625 0.0546875
4 0.85859375 0.42109375 0.025 0.0171875
4 0.82265625 0.2515625 0.05 0.028125
4 0.84140625 0.3484375 0.0265625 0.0171875
4 0.88359375 0.30625 0.0875 0.0578125
4 0.8890625 0.384375 0.1125 0.025
4 0.89609375 0.46875 0.103125 0.0421875
4 0.8609375 0.51015625 0.0203125 0.0125
4 0.90546875 0.56328125 0.0921875 0.046875
4 0.86953125 0.596875 0.025 0.0140625
4 0.71171875 0.61171875 0.0390625 0.0171875
4 0.8921875 0.68828125 0.028125 0.0171875
4 0.78359375 0.6515625 0.0671875 0.0234375
4 0.9078125 0.6390625 0.0796875 0.034375
4 0.74921875 0.7015625 0.021875 0.0140625
4 0.7921875 0.7515625 0.0734375 0.040625
0 0.746875 0.71875 0.046875 0.0140625
4 0.92265625 0.73359375 0.1109375 0.0328125
4 0.80546875 0.83359375 0.0828125 0.0421875
2 0.7859375 0.696875 0.8046875 0.7109375 0.8046875 0.715625 0.7953125 0.7296875 0.7890625 0.734375 0.7703125 0.71875 0.771875 0.7125 0.784375 0.6984375
2 0.7890625 0.784375 0.79375 0.78125 0.7984375 0.78125 0.809375 0.7921875 0.815625 0.7953125 0.815625 0.7984375 0.809375 0.803125 0.8015625 0.815625 0.796875 0.8171875 0.7828125 0.803125 0.7796875 0.803125 0.7796875 0.796875 0.7890625 0.7859375
2 0.778125 0.603125 0.796875 0.61875 0.796875 0.621875 0.79375 0.6234375 0.7921875 0.6296875 0.7875 0.6328125 0.7859375 0.6375 0.78125 0.640625 0.7765625 0.6390625 0.7625 0.625 0.7671875 0.6140625 0.7765625 0.6046875
2 0.9078125 0.5921875 0.915625 0.6015625 0.9171875 0.6 0.9234375 0.6078125 0.9265625 0.6078125 0.9125 0.628125 0.9046875 0.628125 0.8890625 0.6140625 0.890625 0.6078125 0.90625 0.5921875
2 0.859375 0.046875 0.878125 0.0640625 0.8671875 0.0796875 0.8640625 0.0828125 0.85625 0.0828125 0.840625 0.0671875 0.85 0.0546875 0.8578125 0.0484375
2 0.8984375 0.3515625 0.903125 0.359375 0.8875 0.378125 0.884375 0.378125 0.875 0.3703125 0.865625 0.359375 0.871875 0.3546875 0.871875 0.3515625 0.8828125 0.340625 0.890625 0.346875 0.89375 0.346875 0.896875 0.3515625
2 0.9234375 0.690625 0.925 0.69375 0.934375 0.6984375 0.9375 0.703125 0.91875 0.7234375 0.9046875 0.7140625 0.896875 0.7046875 0.9 0.703125 0.90625 0.6921875 0.9140625 0.6859375 0.91875 0.690625 0.921875 0.690625
2 0.8765625 0.2453125 0.8890625 0.2546875 0.8953125 0.2625 0.8796875 0.2828125 0.86875 0.2765625 0.8578125 0.265625 0.875 0.2453125
2 0.9 0.50625 0.903125 0.5109375 0.9171875 0.5203125 0.9171875 0.525 0.9140625 0.5265625 0.9140625 0.5296875 0.9109375 0.53125 0.9046875 0.5421875 0.8984375 0.5421875 0.88125 0.5265625 0.8859375 0.5171875 0.8984375 0.50625
2 0.890625 0.415625 0.909375 0.4296875 0.909375 0.434375 0.90625 0.4390625 0.890625 0.453125 0.8734375 0.4359375 0.878125 0.4265625 0.8890625 0.4171875
1 0.715625 0.7125 0.7203125 0.7171875 0.721875 0.725 0.7203125 0.7296875 0.7140625 0.7328125 0.703125 0.73125 0.7 0.725 0.7015625 0.715625 0.7078125 0.7109375 0.7140625 0.7125
1 0.7859375 0.5234375 0.79375 0.528125 0.79375 0.5390625 0.7890625 0.5453125 0.7765625 0.54375 0.771875 0.5375 0.775 0.5265625 0.7796875 0.5234375 0.784375 0.5234375
1 0.7625 0.2625 0.76875 0.265625 0.771875 0.275 0.7703125 0.2796875 0.7625 0.284375 0.75625 0.284375 0.7484375 0.275 0.7515625 0.2671875 0.7609375 0.2625
1 0.7765625 0.4328125 0.7828125 0.4359375 0.7859375 0.440625 0.784375 0.4515625 0.7796875 0.4546875 0.771875 0.4546875 0.7640625 0.4484375 0.7671875 0.4359375 0.775 0.4328125
1 0.778125 0.0625 0.7828125 0.065625 0.7859375 0.0765625 0.784375 0.08125 0.78125 0.0828125 0.7671875 0.0828125 0.7625 0.0765625 0.7625 0.071875 0.765625 0.0671875 0.771875 0.0625 0.7765625 0.0625
1 0.85625 0.003125 0.8640625 0.00625 0.865625 0.0203125 0.853125 0.0265625 0.84375 0.01875 0.84375 0.0109375 0.8484375 0.00625 0.8546875 0.0046875
1 0.7703125 0.3578125 0.775 0.359375 0.7796875 0.365625 0.7796875 0.3734375 0.7734375 0.3796875 0.7640625 0.3796875 0.7578125 0.3734375 0.759375 0.3640625 0.76875 0.3578125
3 0.809375 0.8671875 0.8203125 0.86875 0.83125 0.865625 0.8375 0.8671875 0.8453125 0.865625 0.8484375 0.8703125 0.85 0.8796875 0.85 0.896875 0.8515625 0.8984375 0.85 0.9078125 0.840625 0.9125 0.7703125 0.9171875 0.76875 0.91875 0.7625 0.915625 0.7609375 0.9125 0.7578125 0.8765625 0.7609375 0.8734375 0.7671875 0.8734375 0.7734375 0.8703125 0.78125 0.871875 0.7859375 0.86875 0.803125 0.8703125 0.8078125 0.8671875
3 0.925 0.80546875 0.0953125 0.0703125
3 0.846875 0.115625 0.8546875 0.1171875 0.8671875 0.1140625 0.8765625 0.115625 0.90625 0.1125 0.909375 0.115625 0.9109375 0.125 0.9125 0.153125 0.9078125 0.1578125 0.8984375 0.159375 0.88125 0.159375 0.871875 0.1625 0.8640625 0.1609375 0.84375 0.1640625 0.825 0.1640625 0.8234375 0.1625 0.8203125 0.121875 0.8296875 0.1171875 0.840625 0.11875 0.8453125 0.115625
3 0.8640625 0.1796875 0.871875 0.18125 0.88125 0.178125 0.8984375 0.178125 0.9 0.1765625 0.9125 0.178125 0.915625 0.18125 0.91875 0.2140625 0.915625 0.2203125 0.9125 0.2234375 0.846875 0.2296875 0.8375 0.2296875 0.8296875 0.2265625 0.8265625 0.1859375 0.8453125 0.18125 0.8625 0.18125
4 0.86484375 0.09453125 0.059375 0.0265625
4 0.8296875 0.05234375 0.0171875 0.0109375