0 0.2765625 0.9015625 0.059375 0.17578125
0 0.2296875 0.8671875 0.0109375 0.05234375
0 0.2296875 0.95 0.009375 0.025
0 0.23203125 0.78125 0.0109375 0.04609375
0 0.23203125 0.69140625 0.00859375 0.05625
0 0.1671875 0.64375 0.0875 0.00859375
0 0.16796875 0.73828125 0.0890625 0.01171875
0 0.10234375 0.69140625 0.0109375 0.0578125
0 0.103125 0.13359375 0.01171875 0.028125
0 0.1484375 0.0984375 0.05546875 0.01015625
0 0.1046875 0.06953125 0.00859375 0.0234375
0 0.103125 0.20390625 0.009375 0.01953125
0 0.103125 0.26796875 0.01171875 0.02109375
0 0.103125 0.34375 0.01328125 0.0546875
0 0.10234375 0.43046875 0.01171875 0.03828125
0 0.10390625 0.5140625 0.01015625 0.05
0 0.103125 0.60078125 0.009375 0.05546875
0 0.16484375 0.55703125 0.08984375 0.01171875
0 0.1015625 0.78359375 0.01171875 0.05390625
4 0.1359375 0.45234375 0.0234375 0.01484375
4 0.15703125 0.28046875 0.04765625 0.02421875
4 0.146875 0.37890625 0.025 0.01484375
4 0.10078125 0.340625 0.0828125 0.0515625
4 0.10234375 0.41875 0.11171875 0.015625
4 0.10234375 0.503125 0.1 0.034375
4 0.14140625 0.54140625 0.01953125 0.0109375
4 0.1015625 0.5984375 0.0890625 0.03984375
4 0.140625 0.62890625 0.0234375 0.01171875
4 0.2984375 0.6296875 0.03828125 0.01328125
4 0.12578125 0.721875 0.02734375 0.015625
4 0.23046875 0.67578125 0.065625 0.01796875
4 0.10625 0.67421875 0.07734375 0.02734375
4 0.26953125 0.72265625 0.0203125 0.01171875
4 0.23046875 0.77578125 0.0703125 0.03515625
0 0.2734375 0.7390625 0.046875 0.009375
4 0.09921875 0.76953125 0.109375 0.0234375
4 0.225 0.85859375 0.0796875 0.03515625
2 0.23125 0.7203125 0.246875 0.734375 0.2484375 0.7375 0.246875 0.74375 0.23125 0.7578125 0.21875 0.746875 0.2140625 0.740625 0.2140625 0.7359375 0.2296875 0.721875
2 0.2265625 0.8046875 0.23125 0.8046875 0.2359375 0.8078125 0.246875 0.8203125 0.246875 0.825 0.23125 0.840625 0.2265625 0.840625 0.2171875 0.828125 0.2109375 0.8234375 0.2109375 0.8203125 0.2265625 0.80625
2 0.23125 0.6265625 0.246875 0.640625 0.2484375 0.64375 0.246875 0.65 0.23125 0.6640625 0.21875 0.653125 0.2140625 0.64375 0.2296875 0.628125
2 0.1015625 0.6265625 0.1046875 0.6265625 0.121875 0.64375 0.121875 0.646875 0.10625 0.6625 0.1 0.6625 0.0859375 0.6484375 0.084375 0.64375 0.1015625 0.628125
2 0.10625 0.08125 0.121875 0.0984375 0.1046875 0.115625 0.1 0.115625 0.084375 0.0984375 0.1015625 0.0796875 0.1046875 0.08125
2 0.103125 0.3734375 0.121875 0.390625 0.121875 0.39375 0.115625 0.3984375 0.1140625 0.403125 0.10625 0.4109375 0.1015625 0.4109375 0.084375 0.39375 0.0859375 0.3890625 0.1015625 0.375
2 0.09375 0.7265625 0.103125 0.7203125 0.121875 0.7375 0.115625 0.746875 0.10625 0.75625 0.1015625 0.7578125 0.08125 0.7390625 0.084375 0.734375 0.09375 0.728125
2 0.1046875 0.278125 0.121875 0.296875 0.103125 0.315625 0.084375 0.296875 0.103125 0.278125
2 0.103125 0.5390625 0.11875 0.553125 0.121875 0.559375 0.1046875 0.5765625 0.1 0.5765625 0.0921875 0.565625 0.0859375 0.5609375 0.0859375 0.5546875 0.1015625 0.540625
2 0.103125 0.4484375 0.121875 0.4671875 0.1140625 0.478125 0.10625 0.4859375 0.103125 0.4859375 0.084375 0.4671875 0.1015625 0.45
1 0.3140625 0.7296875 0.31875 0.734375 0.31875 0.74375 0.3171875 0.746875 0.3109375 0.75 0.3 0.746875 0.296875 0.7375 0.303125 0.7296875 0.30625 0.728125 0.3125 0.7296875
1 0.225 0.5484375 0.228125 0.55 0.23125 0.5609375 0.228125 0.5671875 0.2234375 0.56875 0.2140625 0.56875 0.209375 0.5625 0.2109375 0.55 0.2171875 0.546875 0.2234375 0.5484375
1 0.225 0.2875 0.23125 0.29375 0.23125 0.3 0.225 0.30625 0.2203125 0.3078125 0.2109375 0.303125 0.209375 0.2921875 0.2125 0.2875 0.2171875 0.2859375 0.2234375 0.2875
1 0.2203125 0.45625 0.228125 0.459375 0.23125 0.465625 0.2296875 0.4734375 0.2234375 0.478125 0.2171875 0.478125 0.2109375 0.475 0.209375 0.4703125 0.2109375 0.4609375 0.21875 0.45625
1 0.190625 0.0875 0.196875 0.090625 0.2 0.0953125 0.2 0.103125 0.19375 0.1078125 0.1828125 0.1078125 0.178125 0.103125 0.1796875 0.090625 0.184375 0.0875 0.1890625 0.0875
1 0.10625 0.0359375 0.1140625 0.0421875 0.1140625 0.0515625 0.10625 0.0578125 0.096875 0.05625 0.0921875 0.0515625 0.09375 0.0390625 0.1046875 0.0359375
1 0.2203125 0.38125 0.225 0.3828125 0.23125 0.390625 0.23125 0.3953125 0.225 0.403125 0.215625 0.403125 0.209375 0.396875 0.2109375 0.384375 0.21875 0.38125
3 0.2265625 0.8921875 0.228125 0.89375 0.259375 0.8921875 0.271875 0.89375 0.275 0.896875 0.275 0.9328125 0.26875 0.9390625 0.190625 0.9390625 0.1859375 0.9359375 0.184375 0.93125 0.184375 0.8984375 0.1859375 0.8953125 0.196875 0.8921875 0.203125 0.89375 0.225 0.8921875
3 0.1421875 0.8109375 0.146875 0.8140625 0.146875 0.86875 0.1421875 0.871875 0.0640625 0.871875 0.0609375 0.8703125 0.0578125 0.8640625 0.0578125 0.815625 0.0609375 0.8125 0.0640625 0.8109375 0.140625 0.8109375
3 0.1234375 0.146875 0.125 0.1484375 0.1375 0.146875 0.146875 0.15 0.146875 0.1921875 0.14375 0.19375 0.1015625 0.19375 0.1 0.1953125 0.0984375 0.19375 0.0625 0.19375 0.0578125 0.1890625 0.0578125 0.1515625 0.0609375 0.1484375 0.0703125 0.146875 0.0734375 0.1484375 0.09375 0.1484375 0.0953125 0.146875 0.11875 0.1484375 0.121875 0.146875
3 0.103125 0.2359375 0.090625 0.04765625
4 0.1015625 0.128125 0.0578125 0.02109375
4 0.1328125 0.0828125 0.01640625 0.009375