0 0.71640625 0.90546875 0.0625 0.1765625
0 0.7640625 0.871875 0.0125 0.053125
0 0.7625 0.9546875 0.009375 0.025
0 0.76328125 0.7859375 0.0125 0.046875
0 0.76484375 0.69609375 0.009375 0.05625
0 0.83046875 0.64921875 0.0875 0.009375
0 0.828125 0.74375 0.0890625 0.0125
0 0.89453125 0.6984375 0.0125 0.0578125
0 0.903125 0.140625 0.0125 0.028125
0 0.85859375 0.1046875 0.05625 0.0109375
0 0.903125 0.0765625 0.009375 0.0234375
0 0.90234375 0.2109375 0.009375 0.0203125
0 0.90078125 0.275 0.0125 0.021875
0 0.89921875 0.35078125 0.0140625 0.0546875
0 0.8984375 0.4375 0.0125 0.0390625
0 0.89609375 0.52109375 0.0109375 0.05
0 0.8953125 0.6078125 0.0109375 0.05625
0 0.834375 0.5625 0.090625 0.0140625
0 0.89375 0.790625 0.0125 0.0546875
4 0.86484375 0.45859375 0.0234375 0.015625
4 0.846875 0.28671875 0.0484375 0.025
4 0.85546875 0.38515625 0.025 0.015625
4 0.9015625 0.34765625 0.084375 0.053125
4 0.89921875 0.42578125 0.1125 0.0171875
4 0.89765625 0.51015625 0.1 0.0359375
4 0.8578125 0.54765625 0.0203125 0.0109375
4 0.896875 0.60546875 0.0890625 0.040625
4 0.85703125 0.63515625 0.0234375 0.0125
4 0.69921875 0.6328125 0.0390625 0.0140625
4 0.8703125 0.728125 0.028125 0.015625
4 0.76640625 0.68046875 0.065625 0.01875
4 0.890625 0.68125 0.078125 0.028125
4 0.7265625 0.7265625 0.0203125 0.0125
4 0.76484375 0.78046875 0.0703125 0.0359375
0 0.72265625 0.74296875 0.046875 0.0109375
4 0.89609375 0.7765625 0.109375 0.025
4 0.76875 0.86328125 0.0796875 0.0359375
2 0.7640625 0.725 0.78125 0.7421875 0.78125 0.746875 0.765625 0.7625 0.75625 0.7578125 0.7484375 0.7484375 0.746875 0.7421875 0.7625 0.7265625
2 0.7671875 0.809375 0.7671875 0.8125 0.7828125 0.8265625 0.7828125 0.8296875 0.765625 0.846875 0.7578125 0.8421875 0.7546875 0.8359375 0.746875 0.8296875 0.746875 0.825 0.75 0.8203125 0.7578125 0.8125 0.765625 0.809375
2 0.75 0.6453125 0.759375 0.6359375 0.7640625 0.6328125 0.76875 0.6328125 0.7828125 0.65 0.7828125 0.653125 0.7671875 0.66875 0.7640625 0.66875 0.75 0.6546875 0.7484375 0.6515625 0.75 0.646875
2 0.8953125 0.634375 0.9125 0.6515625 0.9109375 0.65625 0.896875 0.6703125 0.890625 0.6703125 0.875 0.6546875 0.875 0.6515625 0.89375 0.634375
2 0.9 0.0890625 0.9046875 0.0875 0.921875 0.10625 0.90625 0.1234375 0.8984375 0.121875 0.884375 0.1046875 0.9 0.090625
2 0.8984375 0.38125 0.915625 0.396875 0.9171875 0.4015625 0.903125 0.415625 0.8953125 0.41875 0.8875 0.4109375 0.8859375 0.40625 0.8796875 0.4015625 0.8796875 0.3984375 0.896875 0.3828125
2 0.8984375 0.7328125 0.9140625 0.746875 0.89375 0.765625 0.8890625 0.7640625 0.8734375 0.7453125 0.8921875 0.728125 0.896875 0.7328125
2 0.9015625 0.2859375 0.91875 0.3046875 0.9015625 0.3234375 0.896875 0.321875 0.88125 0.3046875 0.9 0.2859375
2 0.8953125 0.546875 0.9 0.553125 0.9046875 0.5546875 0.9125 0.5625 0.9125 0.56875 0.90625 0.5734375 0.8984375 0.584375 0.89375 0.584375 0.8765625 0.5671875 0.8796875 0.5609375 0.89375 0.5484375
2 0.896875 0.45625 0.915625 0.475 0.903125 0.4890625 0.89375 0.49375 0.878125 0.475 0.8875 0.4640625 0.896875 0.4578125
1 0.678125 0.734375 0.6890625 0.7328125 0.6984375 0.7421875 0.69375 0.7515625 0.684375 0.7546875 0.678125 0.7515625 0.6765625 0.7484375 0.678125 0.7359375
1 0.7703125 0.5546875 0.78125 0.553125 0.7875 0.55625 0.7890625 0.559375 0.7875 0.571875 0.7828125 0.575 0.775 0.575 0.7703125 0.5734375 0.7671875 0.5671875 0.7671875 0.5609375 0.7703125 0.55625
1 0.78359375 0.3015625 0.0234375 0.0234375
1 0.7828125 0.4625 0.7890625 0.4671875 0.790625 0.4765625 0.7890625 0.48125 0.78125 0.484375 0.7765625 0.484375 0.76875 0.4765625 0.7703125 0.4671875 0.78125 0.4625
1 0.821875 0.09375 0.828125 0.1 0.828125 0.109375 0.8234375 0.1140625 0.8125 0.1140625 0.80625 0.109375 0.80625 0.1015625 0.809375 0.096875 0.8203125 0.09375
1 0.9078125 0.04375 0.9140625 0.046875 0.915625 0.0578125 0.909375 0.0640625 0.9046875 0.065625 0.896875 0.0640625 0.8921875 0.05625 0.89375 0.05 0.8984375 0.0453125 0.90625 0.04375
1 0.78203125 0.396875 0.0234375 0.0234375
3 0.7390625 0.896875 0.740625 0.8984375 0.74375 0.896875 0.765625 0.8984375 0.7671875 0.896875 0.7703125 0.9 0.7890625 0.9 0.790625 0.8984375 0.8046875 0.9 0.8078125 0.9046875 0.8078125 0.9375 0.80625 0.9421875 0.8015625 0.9453125 0.7234375 0.94375 0.71875 0.940625 0.7171875 0.9375 0.7171875 0.9015625 0.7203125 0.8984375 0.7375 0.896875
3 0.9328125 0.8203125 0.9359375 0.8234375 0.9359375 0.8625 0.934375 0.8734375 0.9296875 0.8796875 0.8546875 0.8796875 0.8453125 0.875 0.8453125 0.8609375 0.846875 0.859375 0.846875 0.8203125 0.8515625 0.8171875 0.8578125 0.81875 0.9296875 0.81875 0.93125 0.8203125
3 0.8703125 0.1546875 0.871875 0.15625 0.88125 0.1546875 0.9328125 0.15625 0.934375 0.1546875 0.94375 0.15625 0.946875 0.159375 0.946875 0.196875 0.9421875 0.2015625 0.90625 0.2015625 0.9046875 0.203125 0.903125 0.2015625 0.8609375 0.2015625 0.8578125 0.1984375 0.8578125 0.1578125 0.8609375 0.1546875 0.8640625 0.15625 0.86875 0.1546875
3 0.8625 0.2203125 0.8640625 0.221875 0.865625 0.2203125 0.896875 0.2203125 0.8984375 0.221875 0.9359375 0.2203125 0.9421875 0.221875 0.946875 0.2265625 0.9453125 0.2625 0.9390625 0.2671875 0.865625 0.2671875 0.8609375 0.265625 0.85625 0.2609375 0.85625 0.234375 0.8578125 0.221875 0.8609375 0.2203125
4 0.9046875 0.13515625 0.0578125 0.021875
4 0.87421875 0.0890625 0.0171875 0.009375