1 0.5625 0.4515625 0.5671875 0.453125 0.5765625 0.465625 0.5765625 0.4765625 0.56875 0.4859375 0.5640625 0.4875 0.5484375 0.4875 0.5421875 0.48125 0.5390625 0.4734375 0.5390625 0.4625 0.5421875 0.4578125 0.5484375 0.453125 0.5609375 0.4515625
1 0.8328125 0.10625 0.840625 0.1140625 0.8421875 0.128125 0.8375 0.1359375 0.8296875 0.1421875 0.8203125 0.1421875 0.809375 0.1375 0.80625 0.13125 0.80625 0.1140625 0.8203125 0.103125 0.828125 0.103125 0.83125 0.10625
1 0.553125 0.58125 0.5609375 0.584375 0.5671875 0.5953125 0.5671875 0.60625 0.559375 0.615625 0.553125 0.61875 0.5421875 0.61875 0.534375 0.6125 0.5296875 0.6046875 0.5296875 0.5921875 0.534375 0.5890625 0.5359375 0.584375 0.540625 0.58125 0.54375 0.5828125 0.5515625 0.58125
2 0.8 0.4546875 0.8078125 0.459375 0.815625 0.471875 0.8296875 0.4859375 0.8265625 0.49375 0.796875 0.51875 0.79375 0.51875 0.7734375 0.4953125 0.7671875 0.4828125 0.79375 0.4578125 0.7984375 0.45625
2 0.78125 0.7265625 0.7890625 0.734375 0.7890625 0.7375 0.8109375 0.759375 0.80625 0.76875 0.8015625 0.7703125 0.7828125 0.7890625 0.775 0.790625 0.746875 0.7578125 0.759375 0.74375 0.7640625 0.7421875 0.7703125 0.734375 0.7734375 0.734375 0.7796875 0.728125
2 0.7921875 0.5859375 0.803125 0.5953125 0.80625 0.6015625 0.821875 0.61875 0.7890625 0.6484375 0.7828125 0.646875 0.78125 0.6421875 0.7703125 0.6328125 0.76875 0.628125 0.759375 0.61875 0.7578125 0.6125 0.7859375 0.5875 0.790625 0.5859375
2 0.809375 0.3109375 0.81875 0.31875 0.821875 0.325 0.8390625 0.3421875 0.840625 0.3453125 0.8390625 0.3484375 0.809375 0.375 0.8046875 0.375 0.7921875 0.3625 0.778125 0.3453125 0.7765625 0.340625 0.796875 0.3203125 0.8015625 0.31875 0.8078125 0.3125
2 0.4984375 0.2890625 0.503125 0.2921875 0.5140625 0.3078125 0.525 0.3171875 0.5265625 0.3265625 0.5125 0.340625 0.49375 0.3546875 0.4875 0.35 0.478125 0.3359375 0.4703125 0.3296875 0.4640625 0.3203125 0.465625 0.3171875 0.496875 0.290625
4 0.80703125 0.4046875 0.128125 0.0609375
3 0.5828125 0.7125 0.584375 0.7140625 0.65 0.7171875 0.671875 0.7203125 0.6765625 0.728125 0.6734375 0.775 0.66875 0.7828125 0.659375 0.784375 0.5359375 0.7765625 0.521875 0.7734375 0.5171875 0.7625 0.51875 0.7265625 0.521875 0.715625 0.5296875 0.709375 0.58125 0.7125
3 0.7578125 0.203125 0.803125 0.2078125 0.825 0.20625 0.83125 0.209375 0.846875 0.209375 0.8484375 0.2109375 0.86875 0.209375 0.8734375 0.2125 0.878125 0.2109375 0.8890625 0.2125 0.8953125 0.21875 0.89375 0.259375 0.890625 0.271875 0.878125 0.278125 0.8453125 0.2765625 0.84375 0.2734375 0.840625 0.275 0.8234375 0.271875 0.8 0.2734375 0.7984375 0.271875 0.75625 0.2703125 0.740625 0.265625 0.7359375 0.25625 0.7375 0.21875 0.7421875 0.2046875 0.75625 0.203125
3 0.2625 0.271875 0.2640625 0.2734375 0.38125 0.28125 0.3859375 0.284375 0.3890625 0.290625 0.3859375 0.3375 0.375 0.346875 0.3703125 0.3453125 0.35 0.346875 0.3265625 0.3421875 0.31875 0.34375 0.2828125 0.3421875 0.2765625 0.3390625 0.2578125 0.3390625 0.25625 0.3375 0.240625 0.3390625 0.23125 0.334375 0.23125 0.328125 0.228125 0.3234375 0.228125 0.3125 0.23125 0.30625 0.2296875 0.290625 0.2328125 0.278125 0.2359375 0.2734375 0.240625 0.271875 0.2609375 0.271875
4 0.796875 0.54140625 0.140625 0.0453125
4 0.64296875 0.33125 0.0296875 0.0171875
4 0.4296875 0.315625 0.0296875 0.0171875
4 0.675 0.44921875 0.1078125 0.04375
4 0.49609375 0.38359375 0.1734375 0.0625
4 0.78828125 0.66796875 0.1265625 0.040625
4 0.7765625 0.8203125 0.1015625 0.0578125
4 0.728125 0.7546875 0.03125 0.01875
0 0.81328125 0.290625 0.0171875 0.0359375
0 0.65234375 0.3328125 0.2484375 0.0328125
0 0.8046875 0.41484375 0.01875 0.0765625
0 0.6734375 0.47734375 0.1875 0.025
0 0.79453125 0.55078125 0.01875 0.065625
0 0.66484375 0.60703125 0.1890625 0.028125
0 0.78515625 0.68828125 0.0171875 0.0765625
0 0.7125 0.75390625 0.0734375 0.0203125
0 0.77109375 0.8828125 0.028125 0.184375
0 0.68046875 0.875 0.2046875 0.190625
0 0.63125 0.6671875 0.365625 0.6171875
0 0.4953125 0.63828125 0.64375 0.6796875
4 0.68515625 0.99453125 0.0328125 0.0109375
0 0.8203125 0.17578125 0.01875 0.0625
4 0.6625 0.5796875 0.1515625 0.046875