1 0.4453125 0.4515625 0.4546875 0.45625 0.4609375 0.4671875 0.4609375 0.475 0.4546875 0.4859375 0.4453125 0.4890625 0.4359375 0.4890625 0.43125 0.4875 0.4234375 0.478125 0.421875 0.4671875 0.428125 0.4578125 0.43125 0.4546875 0.44375 0.453125
1 0.1734375 0.109375 0.1765625 0.1125 0.18125 0.1125 0.1875 0.1203125 0.1859375 0.140625 0.1734375 0.1484375 0.159375 0.1453125 0.153125 0.1390625 0.1515625 0.134375 0.153125 0.1234375 0.1515625 0.1203125 0.1609375 0.1109375 0.171875 0.109375
1 0.4546875 0.58125 0.465625 0.5859375 0.471875 0.59375 0.471875 0.60625 0.465625 0.615625 0.4609375 0.61875 0.4515625 0.6203125 0.44375 0.6171875 0.4359375 0.609375 0.434375 0.596875 0.440625 0.5859375 0.453125 0.58125
2 0.2015625 0.4609375 0.2328125 0.4875 0.2265625 0.5 0.20625 0.5234375 0.203125 0.5234375 0.1875 0.5125 0.1703125 0.4953125 0.1703125 0.4921875 0.1765625 0.4875 0.1765625 0.484375 0.190625 0.4703125 0.1921875 0.465625 0.2 0.4609375
2 0.221875 0.7328125 0.228125 0.734375 0.234375 0.7421875 0.246875 0.75 0.25625 0.7609375 0.2546875 0.7671875 0.2390625 0.7859375 0.2296875 0.7953125 0.2265625 0.796875 0.2234375 0.7953125 0.215625 0.7859375 0.2125 0.7859375 0.20625 0.778125 0.2015625 0.7765625 0.19375 0.76875 0.1953125 0.7625 0.221875 0.734375
2 0.2140625 0.5921875 0.2265625 0.603125 0.2296875 0.603125 0.2453125 0.6203125 0.2265625 0.64375 0.221875 0.646875 0.21875 0.653125 0.2125 0.653125 0.2078125 0.65 0.18125 0.625 0.1875 0.6140625 0.2015625 0.6 0.203125 0.5953125 0.209375 0.590625 0.2125 0.5921875
2 0.19375 0.321875 0.203125 0.33125 0.2078125 0.3328125 0.2203125 0.346875 0.2046875 0.36875 0.1921875 0.38125 0.1890625 0.38125 0.1703125 0.365625 0.1609375 0.3546875 0.1578125 0.3546875 0.1578125 0.3484375 0.1640625 0.34375 0.175 0.328125 0.1859375 0.3171875 0.1921875 0.321875
2 0.4984375 0.2890625 0.528125 0.3140625 0.5328125 0.3203125 0.5265625 0.3265625 0.5265625 0.3296875 0.51875 0.3359375 0.5109375 0.3484375 0.503125 0.3546875 0.4703125 0.328125 0.4703125 0.321875 0.475 0.3171875 0.475 0.3140625 0.4828125 0.3078125 0.4859375 0.3015625 0.496875 0.290625
4 0.190625 0.41015625 0.128125 0.0625
3 0.40703125 0.7484375 0.1625 0.08125
3 0.25 0.2078125 0.2546875 0.2125 0.259375 0.2421875 0.259375 0.2640625 0.2546875 0.2703125 0.2390625 0.275 0.2046875 0.2765625 0.203125 0.278125 0.175 0.278125 0.1734375 0.2765625 0.1671875 0.2796875 0.15625 0.28125 0.153125 0.2796875 0.15 0.2828125 0.134375 0.2828125 0.1328125 0.284375 0.1171875 0.284375 0.115625 0.2828125 0.1140625 0.284375 0.1046875 0.278125 0.1046875 0.26875 0.1015625 0.265625 0.103125 0.25 0.1 0.246875 0.1015625 0.240625 0.1 0.225 0.103125 0.221875 0.1109375 0.2203125 0.1140625 0.2171875 0.121875 0.21875 0.1296875 0.215625 0.146875 0.2171875 0.1625 0.215625 0.165625 0.2125 0.1828125 0.2140625 0.2484375 0.2078125
3 0.7546875 0.2671875 0.7609375 0.2703125 0.765625 0.2796875 0.7671875 0.2921875 0.765625 0.3015625 0.76875 0.3109375 0.765625 0.3296875 0.7578125 0.334375 0.740625 0.334375 0.7390625 0.3359375 0.728125 0.334375 0.71875 0.3375 0.690625 0.340625 0.6734375 0.3390625 0.659375 0.340625 0.6546875 0.34375 0.6390625 0.3421875 0.6375 0.34375 0.621875 0.34375 0.6203125 0.3421875 0.61875 0.34375 0.6109375 0.334375 0.6078125 0.2890625 0.6140625 0.2796875 0.753125 0.2671875
4 0.20390625 0.54609375 0.1421875 0.0484375
4 0.35390625 0.334375 0.0296875 0.0171875
4 0.5671875 0.31484375 0.0296875 0.01875
4 0.32421875 0.45234375 0.1078125 0.0453125
4 0.5015625 0.38359375 0.1734375 0.0640625
4 0.21484375 0.6734375 0.1265625 0.04375
4 0.22890625 0.825 0.103125 0.059375
4 0.2765625 0.75859375 0.03125 0.01875
0 0.18359375 0.29609375 0.0171875 0.0359375
0 0.34453125 0.3359375 0.2484375 0.0375
0 0.19453125 0.4203125 0.0203125 0.078125
0 0.3265625 0.48046875 0.1875 0.028125
0 0.20625 0.55625 0.0203125 0.065625
0 0.33671875 0.61015625 0.1890625 0.03125
0 0.21796875 0.69296875 0.01875 0.0765625
0 0.2921875 0.75703125 0.0734375 0.0203125
0 0.2359375 0.8875 0.03125 0.184375
0 0.32578125 0.878125 0.2078125 0.19375
0 0.37109375 0.66953125 0.375 0.621875
0 0.50703125 0.63828125 0.653125 0.6890625
4 0.32265625 0.99609375 0.0328125 0.0078125
0 0.17421875 0.18125 0.01875 0.0625
4 0.33828125 0.58203125 0.1515625 0.0484375