4 0.134375 0.1890625 0.03515625 0.02109375
4 0.071875 0.24921875 0.1140625 0.034375
4 0.134375 0.58359375 0.03046875 0.01640625
4 0.0765625 0.64453125 0.11875 0.05078125
0 0.07265625 0.17109375 0.01484375 0.028125
0 0.07265625 0.0734375 0.01640625 0.0515625
0 0.20078125 0.47578125 0.225 0.54453125
0 0.16484375 0.6671875 0.1765625 0.06328125
0 0.07265625 0.26171875 0.01796875 0.0609375
0 0.07265625 0.38125 0.0171875 0.01796875
0 0.07265625 0.4875 0.01796875 0.02265625
0 0.075 0.56171875 0.01953125 0.03046875
0 0.07265625 0.67734375 0.0125 0.09921875
3 0.0609375 0.096875 0.0625 0.0984375 0.1296875 0.096875 0.134375 0.1 0.1375 0.1046875 0.1375 0.146875 0.134375 0.153125 0.128125 0.15625 0.071875 0.15625 0.0703125 0.1546875 0.06875 0.15625 0.0234375 0.15625 0.0109375 0.153125 0.009375 0.146875 0.0109375 0.1 0.0171875 0.096875 0.059375 0.096875
3 0.13125 0.390625 0.1375 0.3984375 0.1375 0.4671875 0.13125 0.478125 0.015625 0.478125 0.0109375 0.475 0.009375 0.465625 0.0109375 0.4546875 0.009375 0.3984375 0.0109375 0.39375 0.015625 0.390625 0.1296875 0.390625
3 0.071875 0.2921875 0.0734375 0.29375 0.0765625 0.2921875 0.1296875 0.2921875 0.1359375 0.296875 0.1375 0.3 0.1375 0.3609375 0.134375 0.36875 0.1265625 0.371875 0.1078125 0.371875 0.10625 0.3703125 0.021875 0.371875 0.0109375 0.3671875 0.009375 0.35625 0.009375 0.3 0.0109375 0.296875 0.01875 0.2921875 0.0703125 0.2921875
3 0.271875 0.565625 0.2734375 0.5671875 0.29375 0.565625 0.3015625 0.56875 0.303125 0.5734375 0.303125 0.6265625 0.2984375 0.634375 0.190625 0.634375 0.1859375 0.6296875 0.1859375 0.571875 0.1875 0.56875 0.190625 0.5671875 0.2390625 0.5671875 0.240625 0.565625 0.2671875 0.5671875 0.2703125 0.565625
3 0.13125 0.4984375 0.1375 0.5046875 0.1375 0.5375 0.1328125 0.5453125 0.1265625 0.546875 0.0765625 0.546875 0.075 0.5453125 0.021875 0.546875 0.0140625 0.5453125 0.0109375 0.54375 0.009375 0.5375 0.009375 0.5078125 0.0109375 0.5015625 0.015625 0.4984375 0.1296875 0.4984375
2 0.0703125 0.578125 0.075 0.5765625 0.096875 0.6 0.096875 0.603125 0.075 0.625 0.0703125 0.6234375 0.05 0.603125 0.05 0.5984375 0.0703125 0.5796875
2 0.0828125 0.19375 0.0953125 0.20625 0.096875 0.2109375 0.075 0.234375 0.0703125 0.2328125 0.05 0.2125 0.05 0.2078125 0.0734375 0.1859375 0.08125 0.19375
1 0.0765625 0.728125 0.08125 0.7296875 0.0875 0.7375 0.0875 0.7453125 0.0796875 0.7546875 0.075 0.75625 0.065625 0.7546875 0.0609375 0.75 0.059375 0.74375 0.0609375 0.734375 0.065625 0.7296875 0.075 0.728125
1 0.0765625 0.0203125 0.08125 0.021875 0.0875 0.0296875 0.0875 0.0375 0.084375 0.04375 0.0765625 0.0484375 0.06875 0.0484375 0.0625 0.04375 0.059375 0.0375 0.059375 0.0296875 0.0625 0.0234375 0.075 0.0203125