4 0.88671875 0.215625 0.0359375 0.0234375
4 0.94296875 0.27890625 0.1140625 0.0421875
4 0.85859375 0.60859375 0.03125 0.01875
4 0.9125 0.6734375 0.121875 0.059375
0 0.94921875 0.2015625 0.0171875 0.0296875
0 0.95625 0.10390625 0.0203125 0.053125
0 0.8 0.496875 0.2625 0.559375
0 0.82265625 0.68984375 0.18125 0.075
0 0.94296875 0.2921875 0.021875 0.0625
0 0.934375 0.41171875 0.01875 0.01875
0 0.92734375 0.5171875 0.01875 0.0234375
0 0.91953125 0.59140625 0.021875 0.03125
0 0.9140625 0.70703125 0.01875 0.1
3 0.9171875 0.125 0.91875 0.1265625 0.9375 0.1265625 0.940625 0.1296875 0.95625 0.128125 0.9625 0.13125 0.9640625 0.1296875 0.9984375 0.13125 0.9984375 0.190625 0.959375 0.1890625 0.9515625 0.1859375 0.9375 0.1875 0.9359375 0.1859375 0.8953125 0.184375 0.8890625 0.18125 0.8859375 0.1734375 0.8875 0.134375 0.890625 0.128125 0.8953125 0.125 0.915625 0.125
3 0.884375 0.4171875 0.9296875 0.421875 0.9734375 0.4234375 0.9890625 0.425 0.99375 0.428125 0.9953125 0.45 0.9921875 0.45625 0.99375 0.4578125 0.9921875 0.4609375 0.99375 0.4734375 0.990625 0.48125 0.9921875 0.4953125 0.9890625 0.509375 0.984375 0.5125 0.86875 0.5046875 0.8625 0.4921875 0.8640625 0.490625 0.8671875 0.425 0.875 0.4171875 0.8828125 0.4171875
3 0.909375 0.3203125 0.9109375 0.321875 0.9328125 0.321875 0.9375 0.325 0.9546875 0.3234375 0.95625 0.325 0.99375 0.3265625 0.9984375 0.3296875 0.996875 0.4015625 0.984375 0.40625 0.9515625 0.4015625 0.9109375 0.4015625 0.90625 0.3984375 0.8859375 0.4 0.8734375 0.3953125 0.8703125 0.3875 0.8703125 0.3796875 0.871875 0.378125 0.875 0.3265625 0.8828125 0.31875 0.9078125 0.3203125
3 0.7015625 0.58125 0.7265625 0.584375 0.7421875 0.584375 0.74375 0.5828125 0.746875 0.5859375 0.753125 0.584375 0.7671875 0.5875 0.7890625 0.5875 0.80625 0.590625 0.8078125 0.6 0.80625 0.6015625 0.8046875 0.6453125 0.803125 0.6515625 0.7984375 0.65625 0.690625 0.6484375 0.6875 0.6453125 0.6890625 0.596875 0.6921875 0.5828125 0.7 0.58125
3 0.8796875 0.525 0.88125 0.5265625 0.903125 0.5265625 0.9484375 0.53125 0.9703125 0.53125 0.9859375 0.534375 0.9875 0.5625 0.984375 0.578125 0.971875 0.58125 0.93125 0.578125 0.921875 0.575 0.9015625 0.5765625 0.8625 0.571875 0.8578125 0.5625 0.8609375 0.5296875 0.8671875 0.525 0.878125 0.525
2 0.91875 0.60625 0.9375 0.625 0.940625 0.6296875 0.940625 0.634375 0.9203125 0.653125 0.9140625 0.6546875 0.909375 0.65 0.89375 0.6296875 0.9 0.621875 0.903125 0.621875 0.9171875 0.6078125
2 0.95 0.21875 0.96875 0.240625 0.96875 0.2453125 0.9609375 0.25 0.95625 0.25625 0.953125 0.25625 0.946875 0.2640625 0.9421875 0.265625 0.921875 0.2390625 0.940625 0.2203125 0.9453125 0.2171875 0.9484375 0.21875
1 0.90859375 0.77109375 0.03125 0.03125
1 0.9609375 0.0515625 0.96875 0.05625 0.971875 0.0625 0.971875 0.06875 0.9671875 0.0765625 0.9609375 0.0796875 0.953125 0.0796875 0.946875 0.0765625 0.94375 0.0703125 0.94375 0.0609375 0.946875 0.05625 0.95 0.053125 0.959375 0.0515625