0 0.103125 0.15 0.01171875 0.1015625
0 0.10390625 0.03828125 0.01015625 0.0203125
0 0.16015625 0.1953125 0.13046875 0.25546875
0 0.10234375 0.30390625 0.0140625 0.03125
4 0.15703125 0.05390625 0.0328125 0.02109375
4 0.1015625 0.13984375 0.190625 0.08828125
0 0.103125 0.39921875 0.02265625 0.02109375
0 0.1015625 0.46484375 0.01953125 0.034375
0 0.10234375 0.5234375 0.01640625 0.028125
2 0.1 0.05 0.10625 0.05 0.1265625 0.071875 0.1265625 0.075 0.10625 0.0953125 0.1015625 0.096875 0.078125 0.075 0.078125 0.071875 0.1 0.0515625
3 0.084375 0.3203125 0.090625 0.3234375 0.09375 0.321875 0.1625 0.3234375 0.165625 0.3265625 0.165625 0.384375 0.1578125 0.3890625 0.15 0.3875 0.134375 0.3890625 0.1078125 0.3890625 0.10625 0.3875 0.0984375 0.3890625 0.096875 0.3875 0.090625 0.3890625 0.053125 0.3875 0.05 0.3890625 0.0421875 0.3875 0.0390625 0.384375 0.0390625 0.3265625 0.0421875 0.3234375 0.05 0.321875 0.0703125 0.321875 0.071875 0.3234375 0.0828125 0.321875
3 0.109375 0.48125 0.1109375 0.4828125 0.1171875 0.48125 0.1625 0.4828125 0.165625 0.4859375 0.165625 0.50625 0.1578125 0.5125 0.1046875 0.5125 0.103125 0.5109375 0.1 0.5125 0.0953125 0.5109375 0.09375 0.5125 0.0484375 0.5125 0.0421875 0.509375 0.0390625 0.50625 0.0390625 0.4859375 0.0421875 0.4828125 0.0609375 0.4828125 0.0625 0.48125 0.1046875 0.4828125 0.1078125 0.48125
3 0.0625 0.409375 0.0640625 0.4109375 0.065625 0.409375 0.1578125 0.409375 0.165625 0.4140625 0.165625 0.44375 0.1578125 0.45 0.046875 0.45 0.0390625 0.44375 0.0390625 0.4140625 0.05 0.409375 0.0609375 0.409375
3 0.109375 0.1984375 0.1109375 0.2 0.1578125 0.2 0.165625 0.203125 0.165625 0.2828125 0.1609375 0.2875 0.0453125 0.2875 0.0390625 0.2828125 0.0390625 0.203125 0.0484375 0.2 0.1 0.2 0.1015625 0.2015625 0.1078125 0.2
1 0.10625 0.5375 0.1109375 0.5390625 0.115625 0.5453125 0.115625 0.5578125 0.10625 0.565625 0.09375 0.5640625 0.0890625 0.55625 0.0890625 0.546875 0.09375 0.5390625 0.1046875 0.5375
1 0.096875 0 0.1078125 0 0.115625 0.0078125 0.1140625 0.0234375 0.109375 0.028125 0.1 0.0296875 0.0953125 0.028125 0.0890625 0.0203125 0.0890625 0.0078125 0.096875 0.0015625