0 0.878125 0.1296875 0.0171875 0.1015625
0 0.87109375 0.01796875 0.0109375 0.0203125
0 0.8234375 0.178125 0.14375 0.2625
0 0.88671875 0.28359375 0.015625 0.03125
4 0.81953125 0.03671875 0.034375 0.0234375
4 0.87890625 0.11953125 0.1953125 0.0984375
0 0.89140625 0.37890625 0.0234375 0.021875
0 0.89609375 0.44375 0.021875 0.0359375
0 0.8984375 0.50234375 0.0171875 0.0296875
2 0.86875 0.0296875 0.875 0.0296875 0.884375 0.040625 0.896875 0.05 0.896875 0.053125 0.8859375 0.0640625 0.8828125 0.0703125 0.875 0.0765625 0.8703125 0.075 0.8671875 0.0703125 0.8484375 0.05625 0.8484375 0.053125 0.86875 0.03125
3 0.8609375 0.303125 0.8625 0.3046875 0.8671875 0.3046875 0.871875 0.3015625 0.8953125 0.3015625 0.896875 0.303125 0.9 0.3 0.9171875 0.3015625 0.928125 0.2984375 0.946875 0.3 0.95 0.303125 0.953125 0.3609375 0.95 0.3640625 0.9421875 0.365625 0.9390625 0.3640625 0.921875 0.3671875 0.90625 0.365625 0.89375 0.36875 0.8859375 0.3671875 0.86875 0.3703125 0.8421875 0.36875 0.8390625 0.371875 0.8296875 0.3703125 0.8265625 0.3671875 0.8234375 0.309375 0.8265625 0.30625 0.8359375 0.30625 0.8390625 0.303125 0.859375 0.303125
3 0.890625 0.4609375 0.896875 0.4625 0.9015625 0.459375 0.93125 0.459375 0.9328125 0.4578125 0.9546875 0.459375 0.9578125 0.4625 0.959375 0.4734375 0.959375 0.48125 0.95625 0.4859375 0.95 0.4890625 0.934375 0.4890625 0.9328125 0.490625 0.903125 0.490625 0.9015625 0.4921875 0.8953125 0.490625 0.89375 0.4921875 0.84375 0.49375 0.8421875 0.4953125 0.8328125 0.4890625 0.83125 0.46875 0.834375 0.465625 0.8390625 0.465625 0.8421875 0.4625 0.8703125 0.4625 0.871875 0.4609375 0.8859375 0.4625 0.8890625 0.4609375
3 0.94375 0.3859375 0.9546875 0.390625 0.95625 0.41875 0.9484375 0.4265625 0.8421875 0.43125 0.840625 0.4328125 0.834375 0.43125 0.8296875 0.4265625 0.828125 0.4171875 0.828125 0.396875 0.834375 0.3921875 0.9421875 0.3859375
3 0.875 0.1796875 0.88125 0.18125 0.8953125 0.178125 0.9234375 0.178125 0.925 0.1765625 0.94375 0.1796875 0.946875 0.259375 0.940625 0.2640625 0.9265625 0.265625 0.8984375 0.265625 0.896875 0.2671875 0.86875 0.2671875 0.8375 0.2703125 0.8265625 0.2703125 0.8203125 0.265625 0.8171875 0.1859375 0.8359375 0.18125 0.8734375 0.1796875
1 0.9 0.5171875 0.9015625 0.51875 0.90625 0.5171875 0.9109375 0.525 0.9125 0.534375 0.9078125 0.5421875 0.9015625 0.5453125 0.8921875 0.54375 0.8875 0.540625 0.884375 0.534375 0.8859375 0.521875 0.8890625 0.51875 0.8984375 0.5171875
1 0.8578125 0 0.8828125 0 0.88125 0.0046875 0.8734375 0.009375 0.8625 0.0078125 0.8578125 0.0015625