0 0.91484375 0.17109375 0.0171875 0.1015625
0 0.91953125 0.059375 0.0109375 0.0203125
0 0.85546875 0.21328125 0.14375 0.2625
0 0.90703125 0.325 0.015625 0.03125
4 0.865625 0.07265625 0.034375 0.0234375
4 0.909375 0.16015625 0.18125 0.0984375
0 0.9015625 0.4203125 0.0234375 0.021875
0 0.9 0.4859375 0.021875 0.0359375
0 0.89609375 0.54453125 0.0171875 0.0296875
2 0.921875 0.071875 0.928125 0.078125 0.9265625 0.0796875 0.9421875 0.09375 0.9421875 0.096875 0.9171875 0.11875 0.9046875 0.1078125 0.9046875 0.1046875 0.89375 0.0953125 0.89375 0.0921875 0.915625 0.071875 0.9203125 0.071875
3 0.8453125 0.340625 0.8484375 0.3421875 0.8765625 0.340625 0.88125 0.34375 0.90625 0.3421875 0.915625 0.3453125 0.9234375 0.3421875 0.9296875 0.3453125 0.95625 0.3453125 0.9640625 0.346875 0.9671875 0.35 0.965625 0.4078125 0.9609375 0.4109375 0.953125 0.4125 0.921875 0.409375 0.9140625 0.4109375 0.903125 0.4078125 0.8765625 0.409375 0.8671875 0.40625 0.846875 0.4078125 0.840625 0.4046875 0.8390625 0.4015625 0.840625 0.3453125 0.8453125 0.3421875
3 0.84375 0.4984375 0.8453125 0.5 0.8734375 0.5 0.8828125 0.503125 0.903125 0.5015625 0.9046875 0.503125 0.9328125 0.503125 0.9375 0.50625 0.95625 0.50625 0.959375 0.509375 0.9578125 0.53125 0.9484375 0.5359375 0.9046875 0.534375 0.8953125 0.53125 0.8921875 0.5328125 0.8421875 0.53125 0.83125 0.5234375 0.8328125 0.521875 0.8328125 0.503125 0.8359375 0.5 0.8421875 0.5
3 0.8453125 0.4265625 0.846875 0.428125 0.934375 0.43125 0.9578125 0.434375 0.9625 0.4375 0.9625 0.4671875 0.953125 0.4734375 0.84375 0.46875 0.8359375 0.4625 0.8359375 0.434375 0.8390625 0.4296875 0.84375 0.428125
3 0.8796875 0.21875 0.88125 0.2203125 0.903125 0.2203125 0.9046875 0.21875 0.90625 0.221875 0.9109375 0.2234375 0.9125 0.221875 0.9640625 0.2234375 0.975 0.228125 0.9734375 0.2296875 0.9703125 0.3078125 0.9640625 0.3109375 0.8484375 0.30625 0.846875 0.3046875 0.84375 0.3 0.84375 0.2859375 0.8453125 0.284375 0.8484375 0.2203125 0.878125 0.21875
1 0.8953125 0.5578125 0.9015625 0.559375 0.90625 0.56875 0.90625 0.578125 0.9015625 0.584375 0.8953125 0.5859375 0.8875 0.5859375 0.8796875 0.578125 0.88125 0.5625 0.884375 0.559375 0.89375 0.5578125
1 0.9296875 0.025 0.934375 0.0296875 0.934375 0.0421875 0.9296875 0.0484375 0.921875 0.0515625 0.909375 0.0453125 0.9078125 0.028125 0.915625 0.021875 0.9265625 0.021875 0.928125 0.025