2 0.909375 0.51875 0.9140625 0.51875 0.925 0.53125 0.9109375 0.5453125 0.8984375 0.5328125 0.8984375 0.5296875 0.909375 0.5203125
2 0.203125 0.2828125 0.2234375 0.303125 0.2203125 0.3109375 0.203125 0.3265625 0.1828125 0.3078125 0.18125 0.303125 0.1828125 0.3 0.2015625 0.284375
2 0.453125 0.546875 0.4734375 0.565625 0.4734375 0.5703125 0.4546875 0.5890625 0.45 0.5875 0.4359375 0.575 0.4328125 0.5703125 0.4328125 0.565625 0.4515625 0.5484375
3 0.6984375 0.503125 0.703125 0.5015625 0.7984375 0.5015625 0.803125 0.503125 0.80625 0.5125 0.8046875 0.5140625 0.80625 0.5265625 0.8046875 0.5546875 0.803125 0.559375 0.8 0.5609375 0.703125 0.5609375 0.696875 0.55625 0.6953125 0.5515625 0.696875 0.5359375 0.6953125 0.5140625 0.6984375 0.5046875
3 0.29375 0.5375 0.2953125 0.5390625 0.3875 0.5390625 0.3921875 0.54375 0.3921875 0.5921875 0.390625 0.5953125 0.3859375 0.5984375 0.290625 0.5984375 0.284375 0.5953125 0.2828125 0.584375 0.284375 0.5421875 0.2875 0.5390625 0.2921875 0.5390625
3 0.321875 0.275 0.3265625 0.2765625 0.3296875 0.28125 0.3296875 0.328125 0.3234375 0.334375 0.2546875 0.334375 0.25 0.3328125 0.2484375 0.328125 0.2484375 0.28125 0.2515625 0.2765625 0.25625 0.275 0.3203125 0.275
3 0.603125 0.5015625 0.60625 0.503125 0.6078125 0.5078125 0.6078125 0.553125 0.60625 0.5578125 0.6 0.5609375 0.5078125 0.5609375 0.5015625 0.559375 0.4984375 0.553125 0.5 0.5375 0.4984375 0.509375 0.5 0.5046875 0.50625 0.5015625 0.6015625 0.5015625
1 0.08984375 0.3453125 0.03203125 0.03203125
1 0.1359375 0.2640625 0.03203125 0.03125
1 0.65234375 0.53125 0.03125 0.03203125
1 0.85078125 0.53046875 0.0296875 0.03046875
0 0.1796875 0.271875 0.05625 0.0234375
0 0.15625 0.33828125 0.1015625 0.02265625
0 0.23671875 0.3046875 0.0234375 0.0125
0 0.2734375 0.45546875 0.01953125 0.23828125
0 0.41171875 0.56796875 0.0375 0.01171875
0 0.47421875 0.5359375 0.0484375 0.021875
0 0.62265625 0.53125 0.02734375 0.01171875
0 0.68203125 0.53046875 0.028125 0.0125
0 0.82109375 0.53125 0.0296875 0.01171875
0 0.88125 0.53125 0.03046875 0.01171875
0 0.9421875 0.49296875 0.0671875 0.04921875
0 0.93515625 0.55390625 0.05234375 0.0140625
4 0.13515625 0.28984375 0.06875 0.02578125
4 0.09140625 0.390625 0.0875 0.06171875
4 0.44296875 0.50859375 0.0859375 0.03359375
4 0.6515625 0.55625 0.0703125 0.02265625
4 0.81640625 0.6046875 0.175 0.01015625
4 0.85078125 0.571875 0.059375 0.05