2 0.91875 0.4859375 0.925 0.4921875 0.9265625 0.496875 0.915625 0.509375 0.9125 0.509375 0.9046875 0.503125 0.9 0.4984375 0.9 0.4953125 0.9125 0.4828125 0.9171875 0.4859375
2 0.190625 0.3140625 0.2078125 0.328125 0.2078125 0.3328125 0.203125 0.340625 0.190625 0.353125 0.1828125 0.35 0.165625 0.3328125 0.1828125 0.3125 0.1875 0.3109375 0.1890625 0.3140625
2 0.4578125 0.5515625 0.4796875 0.56875 0.4796875 0.575 0.4703125 0.5828125 0.4703125 0.5859375 0.4625 0.59375 0.4578125 0.5921875 0.44375 0.58125 0.4390625 0.575 0.4390625 0.571875 0.446875 0.565625 0.45625 0.553125
3 0.75234375 0.509375 0.115625 0.0703125
3 0.3953125 0.5515625 0.3984375 0.559375 0.3984375 0.5765625 0.4015625 0.5953125 0.4015625 0.6015625 0.3953125 0.609375 0.309375 0.615625 0.3078125 0.6171875 0.29375 0.6140625 0.2890625 0.58125 0.290625 0.5796875 0.2890625 0.5625 0.2921875 0.5578125 0.3765625 0.5515625 0.378125 0.55 0.39375 0.5515625
3 0.309375 0.29375 0.3125 0.2984375 0.315625 0.3296875 0.315625 0.3453125 0.3109375 0.3515625 0.24375 0.3578125 0.2375 0.35625 0.234375 0.35 0.234375 0.334375 0.23125 0.315625 0.2328125 0.3015625 0.240625 0.296875 0.2578125 0.296875 0.2953125 0.2921875 0.3078125 0.29375
3 0.55546875 0.5265625 0.115625 0.0703125
1 0.078125 0.38203125 0.034375 0.034375
1 0.11640625 0.296875 0.034375 0.034375
1 0.6546875 0.51796875 0.034375 0.034375
1 0.85234375 0.5 0.0328125 0.0328125
0 0.1609375 0.30078125 0.0578125 0.028125
0 0.14375 0.36875 0.103125 0.03125
0 0.2203125 0.328125 0.025 0.0140625
0 0.2703125 0.475 0.040625 0.2390625
0 0.41796875 0.57578125 0.0390625 0.015625
0 0.47734375 0.53828125 0.05 0.0265625
0 0.625 0.5203125 0.028125 0.0140625
0 0.684375 0.51484375 0.0296875 0.015625
0 0.82265625 0.503125 0.03125 0.0140625
0 0.8828125 0.49765625 0.03125 0.0140625
0 0.93984375 0.4546875 0.071875 0.0546875
0 0.93828125 0.515625 0.053125 0.01875
4 0.11796875 0.32265625 0.0703125 0.03125
4 0.08359375 0.4265625 0.0921875 0.06875
4 0.44375 0.51328125 0.0890625 0.040625
4 0.65625 0.54296875 0.071875 0.028125
4 0.82421875 0.5765625 0.175 0.025
4 0.85546875 0.54140625 0.0640625 0.0546875