2 0.0921875 0.521875 0.1 0.5296875 0.1 0.5328125 0.0875 0.5453125 0.0734375 0.53125 0.084375 0.51875 0.0890625 0.51875 0.090625 0.521875
2 0.7953125 0.2828125 0.815625 0.3 0.8171875 0.303125 0.8109375 0.3140625 0.7953125 0.3265625 0.775 0.30625 0.775 0.303125 0.79375 0.284375
2 0.5453125 0.546875 0.565625 0.565625 0.565625 0.5703125 0.5625 0.575 0.5484375 0.5875 0.54375 0.5890625 0.525 0.5703125 0.525 0.565625 0.54375 0.5484375
3 0.1953125 0.503125 0.2 0.5015625 0.2953125 0.5015625 0.3 0.503125 0.303125 0.5140625 0.3015625 0.5296875 0.303125 0.5515625 0.3015625 0.55625 0.2953125 0.5609375 0.1984375 0.5609375 0.1953125 0.559375 0.19375 0.5546875 0.1921875 0.5390625 0.19375 0.525 0.1921875 0.5125 0.1953125 0.5046875
3 0.7046875 0.5375 0.7140625 0.5421875 0.7140625 0.559375 0.715625 0.5609375 0.7140625 0.5953125 0.7078125 0.5984375 0.6125 0.5984375 0.60625 0.5921875 0.60625 0.54375 0.6109375 0.5390625 0.703125 0.5390625
3 0.7421875 0.275 0.746875 0.2765625 0.75 0.28125 0.75 0.328125 0.7484375 0.3328125 0.74375 0.334375 0.675 0.334375 0.66875 0.328125 0.66875 0.28125 0.671875 0.2765625 0.6765625 0.275 0.740625 0.275
3 0.4921875 0.5015625 0.496875 0.503125 0.5 0.509375 0.5 0.528125 0.4984375 0.5296875 0.5 0.553125 0.496875 0.559375 0.490625 0.5609375 0.3984375 0.5609375 0.39375 0.559375 0.390625 0.553125 0.390625 0.5078125 0.3921875 0.503125 0.3953125 0.5015625 0.490625 0.5015625
1 0.91015625 0.3453125 0.03125 0.03125
1 0.8640625 0.2640625 0.03125 0.03125
1 0.34765625 0.53125 0.03125 0.03125
1 0.14921875 0.53046875 0.0296875 0.03125
0 0.8203125 0.271875 0.05625 0.0234375
0 0.84375 0.33828125 0.1015625 0.021875
0 0.76328125 0.3046875 0.0234375 0.0125
0 0.7265625 0.45546875 0.01875 0.2375
0 0.58828125 0.56796875 0.0375 0.0125
0 0.52578125 0.5359375 0.0484375 0.021875
0 0.37734375 0.53125 0.028125 0.0125
0 0.31796875 0.53046875 0.028125 0.0125
0 0.17890625 0.53125 0.0296875 0.0125
0 0.11875 0.53125 0.03125 0.0125
0 0.0578125 0.49296875 0.0671875 0.05
0 0.06484375 0.55390625 0.053125 0.0140625
4 0.86484375 0.28984375 0.06875 0.025
4 0.90859375 0.390625 0.0875 0.0625
4 0.55703125 0.50859375 0.0859375 0.034375
4 0.3484375 0.55625 0.0703125 0.021875
4 0.18359375 0.6046875 0.175 0.009375
4 0.14921875 0.571875 0.059375 0.05