0 0.30625 0.16953125 0.01796875 0.05859375
0 0.30625 0.2703125 0.02578125 0.06015625
0 0.39765625 0.2203125 0.1515625 0.01796875
4 0.30546875 0.27265625 0.02890625 0.01796875
4 0.22734375 0.20078125 0.13828125 0.02109375
4 0.3953125 0.23125 0.03359375 0.01953125
4 0.61875 0.35390625 0.0234375 0.01640625
4 0.8921875 0.2328125 0.034375 0.0171875
0 0.74921875 0.2203125 0.10078125 0.01875
0 0.89140625 0.21953125 0.11875 0.01875
0 0.62265625 0.29609375 0.40390625 0.109375
0 0.396875 0.46328125 0.14921875 0.0171875
0 0.74921875 0.4640625 0.1046875 0.01875
0 0.30625 0.4109375 0.02265625 0.06015625
0 0.30546875 0.5109375 0.02265625 0.06328125
0 0.30625 0.6875 0.0203125 0.0625
0 0.30703125 0.82578125 0.01640625 0.0625
0 0.46875 0.89609375 0.09453125 0.01875
0 0.30625 0.965625 0.01875 0.05859375
4 0.30625 0.51015625 0.034375 0.02109375
4 0.39609375 0.4765625 0.03046875 0.02265625
4 0.30703125 0.025 0.02578125 0.01796875
3 0.31875 0.3 0.3203125 0.3015625 0.353125 0.3015625 0.3546875 0.303125 0.4 0.3015625 0.4078125 0.303125 0.415625 0.309375 0.41875 0.315625 0.41875 0.365625 0.415625 0.371875 0.4046875 0.3796875 0.3765625 0.3796875 0.375 0.38125 0.2078125 0.3796875 0.1984375 0.3734375 0.19375 0.365625 0.19375 0.315625 0.1953125 0.3109375 0.203125 0.303125 0.2109375 0.3015625 0.2359375 0.3015625 0.2375 0.303125 0.2390625 0.3015625 0.2828125 0.3015625 0.284375 0.303125 0.29375 0.3015625 0.2984375 0.303125 0.3171875 0.3
3 0.4046875 0.5453125 0.4109375 0.5484375 0.41875 0.559375 0.41875 0.6421875 0.4140625 0.65 0.4078125 0.6546875 0.3609375 0.65625 0.359375 0.6578125 0.315625 0.65625 0.3140625 0.6546875 0.2453125 0.6578125 0.203125 0.653125 0.1984375 0.65 0.19375 0.640625 0.19375 0.559375 0.1953125 0.5546875 0.1984375 0.55 0.2078125 0.5453125 0.3 0.5453125 0.3015625 0.546875 0.3109375 0.5453125 0.403125 0.5453125
3 0.2265625 0.7171875 0.228125 0.71875 0.240625 0.7171875 0.246875 0.71875 0.25625 0.7171875 0.2875 0.7171875 0.2890625 0.71875 0.2921875 0.7171875 0.296875 0.71875 0.4 0.7171875 0.4078125 0.71875 0.415625 0.725 0.41875 0.73125 0.41875 0.7828125 0.4109375 0.79375 0.40625 0.7953125 0.321875 0.7953125 0.3203125 0.796875 0.2078125 0.7953125 0.203125 0.79375 0.1953125 0.7859375 0.19375 0.78125 0.1953125 0.7265625 0.2046875 0.71875 0.215625 0.7171875 0.225 0.71875
3 0.6890625 0.428125 0.696875 0.4375 0.696875 0.4890625 0.6859375 0.4984375 0.6625 0.5015625 0.6421875 0.5015625 0.640625 0.5 0.6390625 0.5015625 0.6203125 0.5015625 0.61875 0.5 0.584375 0.5 0.5828125 0.5015625 0.5765625 0.5 0.559375 0.5015625 0.5578125 0.5 0.553125 0.5015625 0.5515625 0.5 0.490625 0.5 0.484375 0.4984375 0.4765625 0.4921875 0.471875 0.4828125 0.471875 0.4671875 0.4734375 0.465625 0.471875 0.44375 0.475 0.434375 0.4796875 0.428125 0.4859375 0.425 0.684375 0.425 0.6875 0.428125
3 0.684375 0.18125 0.6921875 0.1859375 0.696875 0.19375 0.696875 0.2296875 0.6984375 0.2328125 0.696875 0.246875 0.6921875 0.2546875 0.6828125 0.259375 0.4890625 0.259375 0.4765625 0.2515625 0.471875 0.2390625 0.4734375 0.19375 0.48125 0.1828125 0.4890625 0.1796875 0.68125 0.1796875 0.6828125 0.18125
3 0.29375 0.85625 0.2953125 0.8578125 0.4 0.85625 0.4109375 0.859375 0.4171875 0.8671875 0.4203125 0.8765625 0.4203125 0.9109375 0.41875 0.9234375 0.4125 0.93125 0.4078125 0.934375 0.3421875 0.934375 0.340625 0.9359375 0.20625 0.934375 0.196875 0.9265625 0.19375 0.9203125 0.19375 0.8703125 0.2015625 0.859375 0.2140625 0.85625 0.23125 0.85625 0.2328125 0.8578125 0.2375 0.85625 0.24375 0.8578125 0.2921875 0.85625
3 0.30703125 0.09921875 0.23046875 0.08359375
2 0.8171875 0.1984375 0.8328125 0.21875 0.8328125 0.221875 0.8171875 0.240625 0.8140625 0.240625 0.803125 0.225 0.8 0.2234375 0.8 0.2171875 0.815625 0.1984375
2 0.3078125 0.4421875 0.321875 0.459375 0.3234375 0.465625 0.30625 0.484375 0.290625 0.465625 0.290625 0.4609375 0.3015625 0.4453125 0.30625 0.4421875
2 0.30625 0.1984375 0.3171875 0.209375 0.3234375 0.2203125 0.3109375 0.2390625 0.3046875 0.240625 0.2890625 0.2203125 0.296875 0.2078125 0.3046875 0.2