4 0.86328125 0.1140625 0.2015625 0.0953125
4 0.69765625 0.13203125 0.078125 0.01875
3 0.5890625 0.6640625 0.590625 0.665625 0.596875 0.6640625 0.609375 0.665625 0.6125 0.6640625 0.63125 0.6640625 0.6328125 0.665625 0.6796875 0.6640625 0.6875 0.6671875 0.69375 0.665625 0.7 0.6671875 0.703125 0.665625 0.70625 0.6671875 0.76875 0.665625 0.771875 0.66875 0.778125 0.6671875 0.7921875 0.66875 0.7984375 0.6734375 0.803125 0.68125 0.8 0.7328125 0.7890625 0.7421875 0.5890625 0.7390625 0.5765625 0.725 0.5765625 0.6796875 0.584375 0.6671875 0.5875 0.665625
3 0.8015625 0.1875 0.809375 0.1953125 0.8109375 0.2 0.8109375 0.2359375 0.8078125 0.253125 0.7921875 0.2625 0.6 0.259375 0.59375 0.25625 0.584375 0.2453125 0.5859375 0.1953125 0.590625 0.1875 0.6 0.1828125 0.775 0.184375 0.8 0.1875
3 0.4390625 0.540625 0.440625 0.5421875 0.44375 0.540625 0.5015625 0.540625 0.515625 0.54375 0.5171875 0.546875 0.521875 0.5484375 0.5265625 0.5625 0.525 0.565625 0.5265625 0.5671875 0.525 0.6 0.521875 0.6078125 0.5140625 0.615625 0.509375 0.6171875 0.496875 0.615625 0.4234375 0.615625 0.41875 0.6171875 0.4078125 0.6140625 0.3203125 0.6140625 0.3078125 0.6109375 0.303125 0.60625 0.3 0.6 0.3015625 0.55 0.3125 0.5390625 0.4375 0.540625
3 0.4140625 0.2984375 0.415625 0.3 0.503125 0.3 0.5234375 0.3046875 0.53125 0.3203125 0.5296875 0.3234375 0.5296875 0.3578125 0.525 0.3703125 0.509375 0.378125 0.4125 0.3765625 0.4109375 0.375 0.321875 0.375 0.3109375 0.36875 0.3046875 0.3609375 0.3046875 0.31875 0.30625 0.309375 0.3109375 0.3015625 0.31875 0.296875 0.325 0.2984375 0.4125 0.2984375
3 0.65625 0.4234375 0.6578125 0.425 0.68125 0.4234375 0.690625 0.4265625 0.7703125 0.425 0.7953125 0.428125 0.8046875 0.4359375 0.80625 0.4421875 0.80625 0.4875 0.8015625 0.4953125 0.7875 0.503125 0.596875 0.5 0.5890625 0.496875 0.58125 0.4859375 0.5796875 0.475 0.58125 0.4375 0.584375 0.43125 0.5890625 0.4265625 0.6 0.4234375 0.6546875 0.4234375
3 0.5875 0.903125 0.5890625 0.9046875 0.784375 0.9078125 0.79375 0.9125 0.7984375 0.9203125 0.7984375 0.9515625 0.7953125 0.9734375 0.7890625 0.9796875 0.778125 0.9828125 0.7625 0.98125 0.740625 0.98125 0.7390625 0.9828125 0.68125 0.98125 0.678125 0.9828125 0.6734375 0.9796875 0.6265625 0.9796875 0.625 0.98125 0.5890625 0.9796875 0.5796875 0.975 0.571875 0.965625 0.5734375 0.915625 0.58125 0.90625 0.5859375 0.9046875
2 0.6921875 0.5625 0.6984375 0.5671875 0.709375 0.5828125 0.696875 0.6 0.6921875 0.6046875 0.6890625 0.6046875 0.6765625 0.5875 0.6765625 0.578125 0.6875 0.5640625 0.690625 0.5640625
2 0.7 0.3234375 0.7109375 0.3453125 0.696875 0.3640625 0.690625 0.3609375 0.6796875 0.3453125 0.6796875 0.340625 0.6921875 0.3234375 0.6953125 0.321875 0.6984375 0.3234375
2 0.6890625 0.803125 0.7015625 0.81875 0.703125 0.8265625 0.6875 0.8453125 0.684375 0.8453125 0.6828125 0.840625 0.6796875 0.8390625 0.66875 0.8234375 0.6875 0.803125
1 0.1765625 0.3234375 0.184375 0.31875 0.1890625 0.31875 0.1953125 0.321875 0.1984375 0.3265625 0.196875 0.34375 0.1828125 0.346875 0.1765625 0.34375 0.1734375 0.3375 0.1734375 0.3296875 0.1765625 0.325
1 0.1875 0.5609375 0.1953125 0.565625 0.1953125 0.5796875 0.190625 0.5859375 0.1859375 0.5875 0.175 0.5859375 0.16875 0.5765625 0.1734375 0.5640625 0.178125 0.5609375 0.1859375 0.5609375
1 0.70078125 0.1109375 0.0296875 0.0296875
0 0.7 0.153125 0.021875 0.059375
0 0.6984375 0.290625 0.021875 0.059375
0 0.60546875 0.33984375 0.1484375 0.0234375
0 0.6953125 0.39296875 0.0234375 0.059375
0 0.69296875 0.53046875 0.0203125 0.059375
0 0.60078125 0.58046875 0.15 0.0234375
0 0.6921875 0.6328125 0.021875 0.0609375
0 0.6890625 0.7703125 0.021875 0.059375
0 0.6875 0.87421875 0.0234375 0.0578125
0 0.5359375 0.721875 0.2734375 0.2140625
0 0.253125 0.33359375 0.103125 0.021875
0 0.2484375 0.57421875 0.103125 0.021875
4 0.74609375 0.334375 0.075 0.0328125
4 0.60546875 0.3515625 0.028125 0.0171875
4 0.69609375 0.3859375 0.025 0.015625
4 0.18671875 0.35390625 0.053125 0.015625
4 0.1828125 0.59375 0.053125 0.0140625
4 0.76640625 0.56640625 0.134375 0.015625
4 0.61015625 0.5796875 0.028125 0.0171875
4 0.69140625 0.62734375 0.0234375 0.0140625
4 0.746875 0.80703125 0.0921875 0.0140625
4 0.61796875 0.8234375 0.0265625 0.015625
4 0.6875 0.86796875 0.0234375 0.015625
4 0.27578125 0.93515625 0.140625 0.06875