0 0.70546875 0.1765625 0.0203125 0.059375
0 0.7015625 0.27734375 0.028125 0.0609375
0 0.61171875 0.22421875 0.1515625 0.0234375
4 0.70234375 0.2796875 0.0296875 0.01875
4 0.7828125 0.21015625 0.1390625 0.0265625
4 0.6140625 0.23515625 0.034375 0.0203125
4 0.38671875 0.35 0.0234375 0.0171875
4 0.1171875 0.21953125 0.034375 0.01875
0 0.2609375 0.21171875 0.1015625 0.021875
0 0.11875 0.20625 0.11875 0.0234375
0 0.384375 0.2921875 0.4078125 0.1234375
0 0.6046875 0.4671875 0.15 0.021875
0 0.25234375 0.45546875 0.1046875 0.021875
0 0.696875 0.41796875 0.025 0.0609375
0 0.69375 0.51796875 0.025 0.0640625
0 0.68671875 0.69453125 0.021875 0.0625
0 0.68125 0.83203125 0.01875 0.0625
0 0.5171875 0.896875 0.0953125 0.021875
0 0.67734375 0.97109375 0.0203125 0.0578125
4 0.69296875 0.5171875 0.034375 0.021875
4 0.6046875 0.48046875 0.03125 0.0234375
4 0.709375 0.03203125 0.0265625 0.01875
3 0.6453125 0.3078125 0.646875 0.309375 0.69375 0.3078125 0.7078125 0.3109375 0.728125 0.309375 0.7296875 0.3109375 0.7671875 0.3109375 0.76875 0.3125 0.7734375 0.3109375 0.803125 0.3140625 0.8109375 0.3234375 0.8109375 0.371875 0.8078125 0.38125 0.7953125 0.390625 0.771875 0.390625 0.7703125 0.3890625 0.7515625 0.3890625 0.75 0.390625 0.728125 0.3890625 0.7265625 0.390625 0.71875 0.3875 0.684375 0.3875 0.68125 0.3890625 0.659375 0.3859375 0.6375 0.3875 0.6265625 0.384375 0.5984375 0.384375 0.5875 0.375 0.584375 0.36875 0.5859375 0.3671875 0.5859375 0.3234375 0.590625 0.3125 0.596875 0.3078125 0.60625 0.30625 0.64375 0.3078125
3 0.7984375 0.5609375 0.803125 0.5703125 0.8 0.6515625 0.7953125 0.6609375 0.790625 0.6640625 0.775 0.6671875 0.765625 0.665625 0.7421875 0.6671875 0.740625 0.665625 0.6890625 0.6640625 0.6875 0.6625 0.634375 0.6640625 0.63125 0.6609375 0.5875 0.659375 0.5796875 0.653125 0.575 0.6453125 0.578125 0.5625 0.5875 0.5515625 0.5921875 0.55 0.6796875 0.5515625 0.6890625 0.5546875 0.696875 0.553125 0.76875 0.5546875 0.7703125 0.55625 0.7890625 0.55625 0.796875 0.5609375
3 0.7 0.725 0.7015625 0.7265625 0.7203125 0.725 0.7375 0.728125 0.75 0.7265625 0.7671875 0.7296875 0.7703125 0.728125 0.7875 0.7296875 0.7953125 0.7375 0.796875 0.74375 0.796875 0.775 0.79375 0.796875 0.7859375 0.8046875 0.78125 0.80625 0.71875 0.8046875 0.7171875 0.803125 0.6875 0.803125 0.6859375 0.8046875 0.678125 0.803125 0.675 0.8046875 0.6671875 0.8015625 0.5859375 0.8 0.578125 0.796875 0.5703125 0.7859375 0.571875 0.734375 0.584375 0.721875 0.5875 0.7234375 0.590625 0.721875 0.6765625 0.7234375 0.6859375 0.7265625 0.6984375 0.725
3 0.3671875 0.4203125 0.36875 0.421875 0.5015625 0.425 0.515625 0.4265625 0.521875 0.4296875 0.5296875 0.4453125 0.5296875 0.453125 0.5265625 0.4609375 0.528125 0.484375 0.51875 0.4984375 0.5078125 0.5015625 0.45625 0.5 0.4546875 0.4984375 0.4171875 0.5 0.409375 0.496875 0.3671875 0.4984375 0.365625 0.496875 0.321875 0.4953125 0.3125 0.4921875 0.303125 0.4828125 0.3046875 0.43125 0.309375 0.4234375 0.31875 0.41875 0.365625 0.4203125
3 0.4609375 0.178125 0.4625 0.1796875 0.50625 0.1796875 0.521875 0.18125 0.5296875 0.184375 0.5375 0.2015625 0.5375 0.2171875 0.5359375 0.21875 0.5375 0.2328125 0.53125 0.253125 0.51875 0.2609375 0.3265625 0.2546875 0.321875 0.25 0.315625 0.2484375 0.3109375 0.240625 0.3125 0.1890625 0.3171875 0.18125 0.3265625 0.175 0.459375 0.178125
3 0.721875 0.865625 0.7234375 0.8671875 0.7625 0.865625 0.7796875 0.86875 0.7875 0.8734375 0.7921875 0.88125 0.790625 0.93125 0.7875 0.9375 0.778125 0.9453125 0.7171875 0.94375 0.715625 0.9421875 0.68125 0.94375 0.6703125 0.940625 0.64375 0.9421875 0.6265625 0.9390625 0.5828125 0.9390625 0.5765625 0.9375 0.56875 0.93125 0.565625 0.9265625 0.5640625 0.9140625 0.565625 0.8796875 0.56875 0.8703125 0.5796875 0.8609375 0.628125 0.8609375 0.6296875 0.8625 0.6734375 0.8625 0.6796875 0.865625 0.6921875 0.8640625 0.71875 0.8640625 0.7203125 0.865625
3 0.70703125 0.10625 0.2328125 0.0921875
2 0.2015625 0.196875 0.209375 0.2078125 0.209375 0.2140625 0.19375 0.23125 0.184375 0.221875 0.1828125 0.2171875 0.1765625 0.2109375 0.1765625 0.2078125 0.1921875 0.1890625 0.196875 0.1890625 0.2 0.196875
2 0.696875 0.45 0.709375 0.46875 0.709375 0.4734375 0.6953125 0.4921875 0.6890625 0.4890625 0.6765625 0.471875 0.690625 0.4515625 0.6953125 0.45
2 0.703125 0.20625 0.71875 0.225 0.7171875 0.2328125 0.7078125 0.24375 0.703125 0.2484375 0.6984375 0.2484375 0.6859375 0.228125 0.6921875 0.2171875 0.7015625 0.2078125