0 0.69921875 0.17265625 0.01875 0.059375
0 0.69765625 0.2734375 0.0265625 0.0609375
0 0.60703125 0.221875 0.1515625 0.0203125
4 0.6984375 0.27578125 0.0296875 0.01875
4 0.778125 0.20546875 0.1390625 0.0234375
4 0.609375 0.2328125 0.034375 0.0203125
4 0.38359375 0.3515625 0.0234375 0.0171875
4 0.1125 0.22578125 0.034375 0.0171875
0 0.25546875 0.215625 0.1015625 0.0203125
0 0.11328125 0.2125 0.11875 0.0203125
0 0.38125 0.29375 0.40625 0.1171875
0 0.60390625 0.46484375 0.15 0.0203125
0 0.2515625 0.459375 0.1046875 0.0203125
0 0.6953125 0.4140625 0.0234375 0.0609375
0 0.69453125 0.5140625 0.0234375 0.0640625
0 0.690625 0.690625 0.021875 0.0625
0 0.6875 0.82890625 0.0171875 0.0625
0 0.52421875 0.896875 0.0953125 0.0203125
0 0.6859375 0.96875 0.0203125 0.059375
4 0.69375 0.51328125 0.034375 0.021875
4 0.6046875 0.478125 0.03125 0.0234375
4 0.7015625 0.028125 0.0265625 0.01875
3 0.6421875 0.3046875 0.64375 0.30625 0.690625 0.3046875 0.7046875 0.3078125 0.709375 0.30625 0.715625 0.3078125 0.7203125 0.30625 0.7625 0.30625 0.7640625 0.3078125 0.771875 0.30625 0.8 0.309375 0.8078125 0.3171875 0.809375 0.321875 0.8078125 0.3265625 0.8078125 0.371875 0.803125 0.3796875 0.79375 0.3859375 0.7703125 0.3859375 0.76875 0.384375 0.75 0.384375 0.7484375 0.3859375 0.68125 0.384375 0.6796875 0.3859375 0.6578125 0.3828125 0.6265625 0.384375 0.625 0.3828125 0.596875 0.3828125 0.590625 0.3796875 0.5828125 0.3671875 0.5828125 0.321875 0.5875 0.3109375 0.5921875 0.30625 0.6015625 0.3046875 0.640625 0.3046875
3 0.590625 0.5484375 0.5921875 0.55 0.59375 0.5484375 0.6796875 0.5484375 0.6890625 0.5515625 0.7703125 0.55 0.7953125 0.553125 0.8 0.55625 0.8046875 0.565625 0.803125 0.646875 0.7984375 0.65625 0.790625 0.6609375 0.7765625 0.6625 0.6921875 0.6609375 0.690625 0.659375 0.6375 0.6609375 0.6359375 0.659375 0.5890625 0.6578125 0.5828125 0.653125 0.578125 0.64375 0.5796875 0.5609375 0.5828125 0.5546875 0.5890625 0.55
3 0.5890625 0.7203125 0.590625 0.721875 0.5953125 0.7203125 0.6171875 0.7203125 0.61875 0.721875 0.6234375 0.7203125 0.678125 0.7203125 0.6890625 0.7234375 0.7546875 0.721875 0.7703125 0.725 0.775 0.7234375 0.790625 0.725 0.8 0.7328125 0.8015625 0.7390625 0.8015625 0.771875 0.7984375 0.7921875 0.790625 0.8 0.7859375 0.8015625 0.765625 0.8015625 0.7640625 0.8 0.6921875 0.8 0.690625 0.8015625 0.684375 0.8 0.6765625 0.8015625 0.671875 0.7984375 0.5890625 0.7984375 0.5828125 0.7953125 0.575 0.784375 0.5765625 0.7328125 0.5796875 0.7265625 0.5875 0.721875
3 0.3234375 0.421875 0.325 0.4234375 0.4125 0.4234375 0.4140625 0.425 0.515625 0.4265625 0.5234375 0.4328125 0.528125 0.4453125 0.5265625 0.4546875 0.528125 0.484375 0.5171875 0.4984375 0.5078125 0.5015625 0.4984375 0.5 0.446875 0.5 0.4453125 0.5015625 0.421875 0.5 0.4171875 0.5015625 0.409375 0.4984375 0.3375 0.5 0.3125 0.4953125 0.303125 0.4859375 0.303125 0.434375 0.309375 0.4265625 0.3171875 0.421875 0.321875 0.421875
3 0.325 0.1765625 0.3265625 0.178125 0.4140625 0.178125 0.415625 0.1796875 0.5046875 0.1796875 0.5203125 0.1828125 0.528125 0.1890625 0.5328125 0.2015625 0.5328125 0.2171875 0.53125 0.21875 0.5328125 0.2328125 0.5265625 0.253125 0.5140625 0.2609375 0.4125 0.259375 0.4109375 0.2578125 0.3234375 0.2578125 0.3109375 0.2515625 0.30625 0.24375 0.3046875 0.2296875 0.3078125 0.2265625 0.3078125 0.190625 0.3125 0.1828125 0.3234375 0.178125
3 0.684375 0.8609375 0.6859375 0.8625 0.6984375 0.8609375 0.7609375 0.8625 0.7671875 0.8609375 0.790625 0.865625 0.7984375 0.8765625 0.7984375 0.9265625 0.7953125 0.9328125 0.784375 0.940625 0.765625 0.940625 0.7640625 0.9390625 0.6890625 0.940625 0.6734375 0.9375 0.65 0.9390625 0.6484375 0.9375 0.5859375 0.9375 0.5828125 0.9359375 0.5734375 0.9265625 0.571875 0.9125 0.571875 0.8796875 0.575 0.8703125 0.5828125 0.8609375 0.5859375 0.859375 0.5890625 0.8609375 0.5921875 0.859375 0.678125 0.859375 0.6828125 0.8609375
3 0.7 0.10234375 0.23125 0.0875
2 0.190625 0.19375 0.2046875 0.2125 0.2046875 0.21875 0.1890625 0.2359375 0.184375 0.234375 0.1796875 0.225 0.171875 0.2171875 0.171875 0.2140625 0.178125 0.2078125 0.1828125 0.1984375 0.1890625 0.19375
2 0.6953125 0.446875 0.709375 0.465625 0.709375 0.4703125 0.69375 0.4890625 0.6765625 0.4703125 0.678125 0.4625 0.69375 0.446875
2 0.6984375 0.203125 0.7078125 0.2125 0.715625 0.225 0.703125 0.240625 0.6984375 0.2453125 0.6953125 0.2453125 0.6859375 0.234375 0.68125 0.225 0.684375 0.2171875 0.696875 0.2046875