4 0.14375 0.1078125 0.19921875 0.0921875
4 0.30859375 0.12890625 0.07734375 0.0171875
3 0.2171875 0.6609375 0.21875 0.6625 0.2265625 0.6609375 0.234375 0.6625 0.2671875 0.6625 0.26875 0.6609375 0.284375 0.6625 0.2921875 0.6609375 0.2953125 0.6625 0.2984375 0.6609375 0.303125 0.6625 0.3109375 0.6609375 0.353125 0.6609375 0.3546875 0.6625 0.3984375 0.6609375 0.4078125 0.6625 0.4125 0.665625 0.41875 0.675 0.41875 0.7234375 0.415625 0.728125 0.40625 0.7359375 0.390625 0.7359375 0.3890625 0.7375 0.3828125 0.7359375 0.20625 0.7359375 0.1953125 0.7265625 0.19375 0.721875 0.19375 0.675 0.2015625 0.6640625 0.215625 0.6625
3 0.23125 0.178125 0.2328125 0.1796875 0.4046875 0.1796875 0.4109375 0.1828125 0.41875 0.19375 0.41875 0.24375 0.415625 0.2484375 0.4046875 0.25625 0.2109375 0.25625 0.20625 0.2546875 0.1953125 0.246875 0.19375 0.240625 0.19375 0.19375 0.1953125 0.1890625 0.20625 0.1796875 0.2296875 0.1796875
3 0.4828125 0.5421875 0.490625 0.540625 0.5546875 0.540625 0.55625 0.5421875 0.559375 0.540625 0.6765625 0.540625 0.6859375 0.5421875 0.696875 0.553125 0.696875 0.603125 0.69375 0.609375 0.684375 0.615625 0.58125 0.615625 0.5796875 0.6171875 0.5734375 0.615625 0.4875 0.615625 0.4828125 0.6140625 0.475 0.60625 0.471875 0.5984375 0.4734375 0.5921875 0.471875 0.590625 0.4734375 0.5796875 0.471875 0.5609375 0.4765625 0.546875 0.4828125 0.54375
3 0.684375 0.3 0.6921875 0.3046875 0.696875 0.3125 0.696875 0.3640625 0.690625 0.371875 0.68125 0.3765625 0.4921875 0.3765625 0.4796875 0.371875 0.475 0.365625 0.471875 0.35625 0.471875 0.31875 0.4765625 0.30625 0.4875 0.3 0.6828125 0.3
3 0.325 0.4203125 0.3265625 0.421875 0.4 0.4203125 0.4125 0.425 0.41875 0.434375 0.4203125 0.471875 0.415625 0.4890625 0.4109375 0.49375 0.403125 0.496875 0.2109375 0.496875 0.203125 0.49375 0.1953125 0.4859375 0.19375 0.48125 0.19375 0.4359375 0.1953125 0.4296875 0.2046875 0.421875 0.2140625 0.4203125 0.29375 0.4203125 0.2953125 0.421875 0.3234375 0.4203125
3 0.4046875 0.9015625 0.4109375 0.9046875 0.41875 0.9140625 0.41875 0.9640625 0.4109375 0.9734375 0.403125 0.9765625 0.375 0.9765625 0.3734375 0.978125 0.3640625 0.9765625 0.2515625 0.978125 0.25 0.9765625 0.2046875 0.975 0.1953125 0.9671875 0.19375 0.9625 0.19375 0.9140625 0.1984375 0.90625 0.2078125 0.9015625 0.403125 0.9015625
2 0.30625 0.5578125 0.321875 0.575 0.321875 0.5828125 0.3109375 0.5984375 0.3046875 0.6 0.2890625 0.5796875 0.3 0.5625 0.3046875 0.559375
2 0.30625 0.3171875 0.3109375 0.3203125 0.321875 0.3359375 0.321875 0.3421875 0.3140625 0.353125 0.3078125 0.359375 0.3046875 0.359375 0.290625 0.340625 0.296875 0.3265625 0.3046875 0.31875
2 0.3078125 0.7984375 0.325 0.8203125 0.3109375 0.8359375 0.309375 0.840625 0.3046875 0.840625 0.290625 0.821875 0.2921875 0.8140625 0.3 0.80625 0.3 0.803125 0.30625 0.7984375
1 0.8203125 0.325 0.825 0.328125 0.828125 0.334375 0.828125 0.3421875 0.825 0.3484375 0.81875 0.3515625 0.8078125 0.35 0.803125 0.3453125 0.8046875 0.328125 0.8125 0.3234375 0.81875 0.325
1 0.8203125 0.565625 0.8265625 0.5703125 0.8296875 0.58125 0.8265625 0.5875 0.8203125 0.5921875 0.8078125 0.590625 0.803125 0.584375 0.803125 0.5703125 0.8109375 0.565625 0.81875 0.565625
1 0.3140625 0.0953125 0.3203125 0.1078125 0.31875 0.1140625 0.309375 0.121875 0.3046875 0.121875 0.296875 0.1171875 0.2921875 0.109375 0.2921875 0.1046875 0.3 0.09375 0.3125 0.0953125
0 0.30625 0.15 0.0203125 0.05859375
0 0.30546875 0.2875 0.0203125 0.059375
0 0.39765625 0.33828125 0.1484375 0.02109375
0 0.30625 0.38984375 0.021875 0.059375
0 0.30625 0.52734375 0.01953125 0.059375
0 0.39765625 0.57890625 0.14921875 0.02109375
0 0.30546875 0.6296875 0.02109375 0.06015625
0 0.30625 0.7671875 0.0203125 0.059375
0 0.30625 0.87109375 0.02265625 0.0578125
0 0.46015625 0.72109375 0.2703125 0.21015625
0 0.75 0.33828125 0.103125 0.0203125
0 0.75 0.57890625 0.10234375 0.0203125
4 0.25703125 0.33046875 0.075 0.03125
4 0.396875 0.35 0.02734375 0.01640625
4 0.30625 0.3828125 0.02421875 0.015625
4 0.815625 0.359375 0.05234375 0.0140625
4 0.815625 0.59921875 0.05234375 0.01328125
4 0.2328125 0.56171875 0.134375 0.01328125
4 0.38828125 0.578125 0.02734375 0.01640625
4 0.30625 0.62421875 0.02265625 0.0140625
4 0.24765625 0.80234375 0.0921875 0.01171875
4 0.3765625 0.82109375 0.0265625 0.01484375
4 0.30625 0.86484375 0.02265625 0.015625
4 0.71640625 0.9390625 0.1390625 0.06640625