3 0.50625 0.5328125 0.509375 0.534375 0.509375 0.5921875 0.50625 0.59375 0.4515625 0.59375 0.45 0.5953125 0.44375 0.59375 0.3984375 0.5953125 0.396875 0.59375 0.353125 0.59375 0.3515625 0.5921875 0.35 0.59375 0.3421875 0.5921875 0.303125 0.59375 0.2984375 0.590625 0.3 0.5875 0.2984375 0.578125 0.3 0.571875 0.2984375 0.56875 0.2984375 0.5375 0.3 0.534375 0.303125 0.5328125 0.5046875 0.5328125
3 0.3 0.834375 0.2984375 0.7890625 0.325 0.7859375 0.33125 0.7875 0.334375 0.7859375 0.509375 0.7875 0.509375 0.834375 0.50625 0.8359375 0.4203125 0.8359375 0.41875 0.834375 0.415625 0.8359375 0.303125 0.8359375 0.3015625 0.834375
3 0.3 0.84375 0.5078125 0.84375 0.509375 0.8453125 0.509375 0.890625 0.5078125 0.8921875 0.471875 0.8921875 0.4703125 0.89375 0.4484375 0.89375 0.446875 0.8921875 0.4390625 0.89375 0.3109375 0.8921875 0.303125 0.89375 0.3 0.8921875 0.2984375 0.878125 0.3 0.8453125
3 0.0875 0.8203125 0.0890625 0.821875 0.09375 0.8203125 0.1046875 0.821875 0.1125 0.8203125 0.2234375 0.821875 0.2265625 0.8203125 0.2484375 0.8234375 0.2484375 0.88125 0.2453125 0.8828125 0.203125 0.8828125 0.2015625 0.88125 0.190625 0.8828125 0.15625 0.8828125 0.1546875 0.88125 0.1515625 0.8828125 0.1328125 0.8828125 0.13125 0.88125 0.1265625 0.8828125 0.115625 0.88125 0.040625 0.8828125 0.0390625 0.88125 0.0390625 0.821875 0.0453125 0.8203125 0.0484375 0.821875 0.0859375 0.821875
3 0.246875 0.6828125 0.2484375 0.684375 0.2484375 0.74375 0.040625 0.74375 0.0390625 0.7421875 0.0390625 0.684375 0.040625 0.6828125 0.2453125 0.6828125
3 0.1765625 0.209375 0.178125 0.2109375 0.18125 0.209375 0.190625 0.2109375 0.196875 0.209375 0.2640625 0.209375 0.265625 0.2109375 0.26875 0.209375 0.3 0.209375 0.3015625 0.2109375 0.3078125 0.209375 0.3140625 0.2109375 0.315625 0.209375 0.3765625 0.209375 0.378125 0.2125 0.378125 0.26875 0.3578125 0.271875 0.3515625 0.2703125 0.3421875 0.271875 0.340625 0.2703125 0.3265625 0.271875 0.1671875 0.2703125 0.1671875 0.2109375 0.175 0.209375
3 0.3 0.6828125 0.5078125 0.6828125 0.509375 0.684375 0.509375 0.740625 0.50625 0.74375 0.3 0.74375 0.3 0.7234375 0.2984375 0.721875 0.2984375 0.6875 0.3 0.684375
3 0.31875 0.3625 0.3203125 0.3640625 0.3234375 0.3625 0.3390625 0.3625 0.340625 0.3640625 0.34375 0.3625 0.3515625 0.3640625 0.36875 0.3640625 0.3703125 0.3625 0.5078125 0.3640625 0.509375 0.365625 0.509375 0.4234375 0.50625 0.425 0.3 0.425 0.2984375 0.421875 0.2984375 0.3671875 0.3 0.3640625 0.3171875 0.3625
3 0.0953125 0.53125 0.096875 0.5328125 0.1 0.53125 0.10625 0.5328125 0.1078125 0.53125 0.1171875 0.5328125 0.1296875 0.53125 0.1359375 0.5328125 0.18125 0.5328125 0.1828125 0.53125 0.246875 0.5328125 0.2484375 0.534375 0.2484375 0.59375 0.103125 0.59375 0.1015625 0.5921875 0.075 0.5953125 0.071875 0.59375 0.040625 0.59375 0.0390625 0.5921875 0.0390625 0.5328125 0.09375 0.5328125
3 0.1375 0.40078125 0.21640625 0.0734375
3 0.475 0.19375 0.13828125 0.071875
4 0.63828125 0.60078125 0.11171875 0.07265625
0 0.27421875 0.8578125 0.0484375 0.0265625
0 0.5421875 0.8609375 0.0640625 0.0265625
0 0.5421875 0.82578125 0.06328125 0.0359375
0 0.27421875 0.71328125 0.046875 0.01171875
0 0.5421875 0.71015625 0.0625 0.0171875
0 0.54140625 0.57890625 0.06328125 0.046875
0 0.27421875 0.5625 0.04765625 0.01328125
0 0.2703125 0.39375 0.05390625 0.01328125
0 0.5421875 0.4109375 0.06328125 0.0421875
0 0.153125 0.240625 0.02578125 0.01171875
0 0.3921875 0.2078125 0.02734375 0.0515625
0 0.4765625 0.24453125 0.19375 0.01640625