3 0.3421875 0.3625 0.34375 0.3640625 0.3609375 0.3640625 0.3625 0.3625 0.3640625 0.3640625 0.371875 0.3625 0.46875 0.3640625 0.4734375 0.3671875 0.471875 0.3796875 0.4734375 0.38125 0.471875 0.39375 0.4734375 0.4203125 0.4703125 0.425 0.2640625 0.425 0.2609375 0.4203125 0.2625 0.4078125 0.2609375 0.365625 0.265625 0.3625 0.275 0.3640625 0.278125 0.3625 0.3015625 0.3625 0.303125 0.3640625 0.340625 0.3625
3 0.2625 0.534375 0.265625 0.5328125 0.4703125 0.5328125 0.4734375 0.5375 0.471875 0.553125 0.4734375 0.5921875 0.4703125 0.59375 0.3953125 0.5953125 0.39375 0.59375 0.2640625 0.59375 0.2609375 0.578125 0.2609375 0.5421875 0.2625 0.540625 0.2609375 0.5375 0.2625 0.5359375
3 0.796875 0.8203125 0.7984375 0.821875 0.8296875 0.821875 0.83125 0.8203125 0.99375 0.821875 0.9984375 0.8234375 0.9984375 0.88125 0.99375 0.8828125 0.96875 0.8828125 0.9671875 0.88125 0.9546875 0.8828125 0.7953125 0.88125 0.79375 0.8828125 0.7890625 0.88125 0.7890625 0.821875 0.7953125 0.8203125
3 0.1234375 0.08046875 0.171875 0.0828125
3 0.2625 0.6828125 0.265625 0.68125 0.271875 0.6828125 0.278125 0.68125 0.28125 0.6828125 0.3578125 0.6828125 0.359375 0.68125 0.3625 0.6828125 0.471875 0.6828125 0.4734375 0.6859375 0.471875 0.6984375 0.4734375 0.740625 0.4703125 0.74375 0.2640625 0.74375 0.2609375 0.7234375 0.2625 0.721875 0.2609375 0.7171875 0.2609375 0.6859375 0.2625 0.684375
3 0.853125 0.53125 0.8546875 0.5328125 0.8578125 0.53125 0.8671875 0.5328125 0.8859375 0.5328125 0.8875 0.53125 0.89375 0.5328125 0.9296875 0.5328125 0.93125 0.53125 0.9953125 0.5328125 0.9984375 0.534375 0.9984375 0.5921875 0.9953125 0.59375 0.790625 0.59375 0.7890625 0.5921875 0.7890625 0.534375 0.790625 0.5328125 0.8515625 0.53125
3 0.278125 0.2078125 0.2796875 0.209375 0.35 0.209375 0.3515625 0.2078125 0.3546875 0.209375 0.3796875 0.209375 0.38125 0.2078125 0.3828125 0.209375 0.471875 0.209375 0.4734375 0.2109375 0.471875 0.2703125 0.390625 0.2703125 0.3890625 0.271875 0.3859375 0.2703125 0.3796875 0.271875 0.378125 0.2703125 0.3171875 0.2703125 0.315625 0.271875 0.2625 0.2703125 0.2609375 0.259375 0.2625 0.209375 0.2765625 0.2078125
3 0.771875 0.271875 0.7703125 0.2703125 0.7375 0.2703125 0.7359375 0.26875 0.7359375 0.2109375 0.7375 0.209375 0.8890625 0.209375 0.8890625 0.2703125 0.859375 0.2703125 0.8578125 0.271875 0.853125 0.2703125 0.8453125 0.271875 0.7734375 0.2703125
3 0.7890625 0.6828125 0.996875 0.6828125 0.9984375 0.684375 0.9984375 0.7421875 0.996875 0.74375 0.790625 0.74375 0.7890625 0.7421875 0.7890625 0.684375
3 0.50625 0.209375 0.703125 0.209375 0.7046875 0.2109375 0.703125 0.2703125 0.665625 0.2703125 0.6640625 0.271875 0.6578125 0.2703125 0.65625 0.271875 0.6453125 0.2703125 0.6390625 0.271875 0.63125 0.2703125 0.628125 0.271875 0.50625 0.2703125 0.50625 0.246875 0.5046875 0.2453125 0.50625 0.24375 0.50625 0.2109375
3 0.625 0.3625 0.6265625 0.3640625 0.7234375 0.3640625 0.725 0.365625 0.725 0.4234375 0.721875 0.425 0.6859375 0.425 0.684375 0.4234375 0.66875 0.425 0.5453125 0.425 0.540625 0.4234375 0.5265625 0.425 0.515625 0.4234375 0.515625 0.3640625 0.6234375 0.3625
3 0.3046875 0.0421875 0.471875 0.0421875 0.475 0.046875 0.475 0.1203125 0.4734375 0.1234375 0.3046875 0.1234375 0.3046875 0.04375
3 0.88671875 0.40078125 0.21328125 0.07265625
3 0.61953125 0.56953125 0.21328125 0.0734375
3 0.6203125 0.71875 0.21328125 0.07265625
3 0.6203125 0.8578125 0.2140625 0.0734375
4 0.0578125 0.196875 0.06015625 0.01875
4 0.11640625 0.246875 0.034375 0.015625
4 0.153125 0.1828125 0.059375 0.01640625
4 0.7734375 0.1578125 0.109375 0.0203125
4 0.62421875 0.3328125 0.75 0.028125
4 0.41796875 0.50078125 0.33515625 0.01953125
4 0.625 0.65078125 0.75 0.021875
4 0.3625 0.80078125 0.2265625 0.021875
4 0.371875 0.94140625 0.2453125 0.021875
4 0.05625 0.6703125 0.025 0.015625
0 0.75703125 0.8515625 0.0625 0.0109375
0 0.75703125 0.7125 0.06171875 0.01015625
0 0.75703125 0.56328125 0.0625 0.01171875
0 0.49375 0.7125 0.03984375 0.0125
0 0.49375 0.56328125 0.0421875 0.009375
0 0.49296875 0.39375 0.04140625 0.0109375
0 0.753125 0.39375 0.05546875 0.01171875
0 0.90390625 0.23984375 0.02578125 0.01171875
0 0.7203125 0.240625 0.03046875 0.0109375
0 0.4890625 0.23984375 0.03046875 0.01171875