2 0.3609375 0.35 0.4734375 0.4609375 0.4796875 0.4703125 0.359375 0.5921875 0.35625 0.5921875 0.234375 0.4703125 0.2375 0.4640625 0.3515625 0.3515625 0.35625 0.3484375 0.359375 0.35
3 0.3625 0.203125 0.365625 0.20625 0.3703125 0.2046875 0.3734375 0.20625 0.4546875 0.20625 0.45625 0.2046875 0.465625 0.20625 0.465625 0.2234375 0.4671875 0.225 0.465625 0.2296875 0.465625 0.253125 0.4671875 0.2546875 0.465625 0.278125 0.2484375 0.278125 0.246875 0.271875 0.246875 0.2078125 0.2484375 0.2046875 0.3015625 0.2046875 0.303125 0.20625 0.3140625 0.2046875 0.315625 0.20625 0.325 0.2046875 0.3578125 0.20625 0.3609375 0.2046875
3 0.3875 0.03125 0.3890625 0.0328125 0.4234375 0.0328125 0.425 0.03125 0.43125 0.0328125 0.4515625 0.0328125 0.453125 0.03125 0.5203125 0.0328125 0.5296875 0.03125 0.5328125 0.034375 0.5328125 0.134375 0.5296875 0.1375 0.1828125 0.1375 0.18125 0.1328125 0.1828125 0.1296875 0.18125 0.1140625 0.1828125 0.1 0.18125 0.0953125 0.1828125 0.0921875 0.18125 0.0375 0.1828125 0.0328125 0.1953125 0.03125 0.1984375 0.0328125 0.225 0.0328125 0.2265625 0.03125 0.2328125 0.0328125 0.3859375 0.0328125
3 0.1359375 0.69375 0.1375 0.6953125 0.15 0.69375 0.178125 0.69375 0.1796875 0.6953125 0.1921875 0.69375 0.1984375 0.6953125 0.2015625 0.69375 0.2140625 0.6953125 0.2171875 0.69375 0.2328125 0.6953125 0.2390625 0.69375 0.2484375 0.6953125 0.25625 0.69375 0.271875 0.6953125 0.3375 0.69375 0.340625 0.696875 0.340625 0.7625 0.3375 0.7671875 0.203125 0.7671875 0.2015625 0.765625 0.0609375 0.7671875 0.0578125 0.7375 0.059375 0.7359375 0.0578125 0.728125 0.059375 0.6953125 0.0609375 0.69375 0.134375 0.69375
3 0.2 0.8703125 0.153125 0.075
3 0.48125 0.69375 0.4828125 0.6953125 0.4875 0.69375 0.4953125 0.6953125 0.6171875 0.69375 0.6203125 0.696875 0.61875 0.70625 0.6203125 0.7109375 0.6203125 0.7640625 0.61875 0.7671875 0.409375 0.7671875 0.4078125 0.765625 0.4078125 0.6953125 0.409375 0.69375 0.4796875 0.69375
4 0.2 0.64375 0.0296875 0.03515625
4 0.51484375 0.64296875 0.03828125 0.03203125
0 0.3578125 0.31328125 0.01953125 0.06640625
0 0.24375 0.6140625 0.1078125 0.15859375
0 0.46796875 0.61484375 0.1046875 0.15703125
0 0.35703125 0.171875 0.01796875 0.06484375
0 0.2 0.8015625 0.015625 0.06328125
0 0.20078125 0.9421875 0.01796875 0.065625