2 0.1765625 0.8125 0.2546875 0.890625 0.2546875 0.8953125 0.1765625 0.9734375 0.171875 0.9734375 0.09375 0.8953125 0.09375 0.890625 0.16875 0.815625 0.175 0.8125
2 0.3 0.2578125 0.303125 0.2578125 0.325 0.278125 0.3421875 0.2984375 0.4140625 0.3703125 0.4140625 0.3734375 0.3046875 0.4828125 0.3015625 0.484375 0.296875 0.4828125 0.2890625 0.471875 0.1890625 0.3734375 0.1890625 0.3703125 0.3 0.259375
3 0.509375 0.5640625 0.5109375 0.565625 0.559375 0.565625 0.5609375 0.5640625 0.56875 0.565625 0.6703125 0.565625 0.6703125 0.6203125 0.66875 0.621875 0.421875 0.621875 0.4203125 0.6203125 0.421875 0.565625 0.5046875 0.565625 0.5078125 0.5640625
3 0.4984375 0.0359375 0.5 0.0375 0.5 0.0921875 0.325 0.0921875 0.3234375 0.090625 0.3234375 0.0390625 0.3265625 0.0359375 0.496875 0.0359375
3 0.140625 0.675 0.2765625 0.675 0.278125 0.6765625 0.28125 0.675 0.4140625 0.675 0.415625 0.6765625 0.415625 0.75625 0.140625 0.75625 0.140625 0.6765625
3 0.25625 0.5640625 0.2578125 0.565625 0.2921875 0.565625 0.29375 0.5640625 0.365625 0.565625 0.3671875 0.5671875 0.3671875 0.61875 0.365625 0.621875 0.190625 0.621875 0.1890625 0.6203125 0.1890625 0.565625 0.2546875 0.565625
3 0.403125 0.1453125 0.4046875 0.146875 0.5203125 0.146875 0.5203125 0.2015625 0.51875 0.203125 0.5046875 0.2015625 0.4875 0.2015625 0.4859375 0.203125 0.353125 0.203125 0.3515625 0.2015625 0.3046875 0.203125 0.303125 0.2 0.303125 0.1484375 0.3046875 0.146875 0.3109375 0.1453125 0.3984375 0.146875 0.4015625 0.1453125
0 0.53359375 0.384375 0.08828125 0.3609375
0 0.42734375 0.49921875 0.14375 0.1328125
0 0.32578125 0.22890625 0.0625 0.05390625
0 0.4125 0.1203125 0.01640625 0.05078125
0 0.27890625 0.51796875 0.02421875 0.0921875
0 0.278125 0.64921875 0.01328125 0.05234375
0 0.19296875 0.784375 0.05 0.05390625