0 0.36875 0.403125 0.3703125 0.403125 0.36875 0.4109375 0.3703125 0.4375 0.36875 0.4390625 0.365625 0.4375 0.36875 0.4265625 0.36875 0.409375 0.3703125 0.4078125 0.36875 0.4046875
0 0.3734375 0.3 0.3734375 0.31875 0.371875 0.3203125 0.3734375 0.334375 0.371875 0.3375 0.36875 0.3328125 0.371875 0.328125 0.3734375 0.3015625
0 0.3765625 0.215625 0.375 0.23125 0.3765625 0.2515625 0.375 0.253125 0.371875 0.2515625 0.371875 0.246875 0.375 0.2453125 0.3765625 0.2171875
0 0.27265625 0.11796875 0.1078125 0.0984375
0 0.37890625 0.134375 0.0203125 0.071875
4 0.2796875 0.1234375 0.021875 0.015625
4 0.378125 0.1390625 0.0171875 0.0171875
3 0.2703125 0.4375 0.3234375 0.4390625 0.325 0.440625 0.3609375 0.440625 0.3625 0.4390625 0.36875 0.4421875 0.465625 0.4453125 0.4640625 0.4875 0.45625 0.4890625 0.4546875 0.4875 0.3671875 0.4859375 0.365625 0.484375 0.321875 0.484375 0.3171875 0.48125 0.315625 0.4828125 0.3125 0.48125 0.3109375 0.4828125 0.2703125 0.48125 0.26875 0.478125 0.2703125 0.4390625
3 0.2671875 0.334375 0.325 0.3359375 0.3265625 0.3375 0.3671875 0.3359375 0.3703125 0.3390625 0.3765625 0.3375 0.378125 0.3390625 0.4140625 0.3390625 0.415625 0.340625 0.459375 0.340625 0.4765625 0.34375 0.475 0.4015625 0.471875 0.4046875 0.371875 0.4015625 0.3671875 0.3984375 0.3625 0.4 0.278125 0.3984375 0.265625 0.3953125 0.2671875 0.3359375
3 0.2984375 0.16875 0.328125 0.16875 0.3296875 0.1703125 0.36875 0.1703125 0.371875 0.16875 0.3765625 0.171875 0.3859375 0.1703125 0.41875 0.1734375 0.4546875 0.1734375 0.4578125 0.1765625 0.45625 0.215625 0.4359375 0.2171875 0.4140625 0.2140625 0.296875 0.2109375 0.2984375 0.1703125
3 0.1203125 0.1625 0.2578125 0.1671875 0.25625 0.209375 0.2375 0.209375 0.2359375 0.2078125 0.1203125 0.2046875 0.11875 0.203125 0.1203125 0.1640625
3 0.2859375 0.2515625 0.4609375 0.25625 0.4640625 0.259375 0.4625 0.3 0.459375 0.3015625 0.4578125 0.3 0.3703125 0.2984375 0.36875 0.296875 0.325 0.296875 0.3234375 0.2953125 0.284375 0.2953125 0.2859375 0.253125