0 0.365625 0.40625 0.3671875 0.4421875 0.365625 0.44375 0.3625 0.4421875 0.365625 0.4296875 0.365625 0.409375 0.3640625 0.4078125
0 0.365625 0.303125 0.365625 0.334375 0.3671875 0.3375 0.365625 0.340625 0.3625 0.3375 0.365625 0.33125 0.365625 0.3046875
0 0.365625 0.21875 0.3671875 0.2546875 0.365625 0.25625 0.3625 0.2546875 0.3625 0.25 0.365625 0.2484375 0.365625 0.2203125
0 0.259375 0.12578125 0.10390625 0.0953125
0 0.36640625 0.1390625 0.0171875 0.07109375
4 0.26640625 0.13125 0.02109375 0.015625
4 0.365625 0.14375 0.01640625 0.01640625
3 0.359375 0.44375 0.3609375 0.4453125 0.4625 0.4453125 0.4640625 0.446875 0.4625 0.4484375 0.4625 0.4875 0.459375 0.4890625 0.31875 0.4890625 0.3171875 0.4875 0.3140625 0.4890625 0.3109375 0.4875 0.309375 0.4890625 0.26875 0.4890625 0.2671875 0.4859375 0.2671875 0.4453125 0.3578125 0.4453125
3 0.3609375 0.340625 0.3625 0.3421875 0.3703125 0.340625 0.371875 0.3421875 0.46875 0.3421875 0.4703125 0.34375 0.4703125 0.4015625 0.4671875 0.4046875 0.3671875 0.4046875 0.365625 0.403125 0.3578125 0.4046875 0.2625 0.4046875 0.2609375 0.403125 0.2609375 0.3421875 0.35625 0.3421875 0.359375 0.340625
3 0.3734375 0.1734375 0.375 0.175 0.44375 0.175 0.4453125 0.1765625 0.4453125 0.2171875 0.428125 0.2171875 0.4265625 0.21875 0.4234375 0.2171875 0.2859375 0.2171875 0.2859375 0.175 0.35625 0.175 0.3578125 0.1734375 0.36875 0.175 0.371875 0.1734375
3 0.1078125 0.175 0.2453125 0.175 0.2453125 0.2171875 0.109375 0.2171875 0.1078125 0.215625 0.109375 0.2078125 0.1078125 0.1765625
3 0.2765625 0.2578125 0.453125 0.2578125 0.4546875 0.259375 0.4546875 0.3 0.453125 0.3015625 0.2765625 0.3015625 0.2765625 0.259375