2 0.35 0.7046875 0.428125 0.7828125 0.4265625 0.7875 0.35 0.8625 0.34375 0.8609375 0.3203125 0.8375 0.3109375 0.825 0.2890625 0.80625 0.26875 0.784375 0.2734375 0.7765625 0.3390625 0.7109375 0.3484375 0.7046875
2 0.178125 0.190625 0.1859375 0.1953125 0.1953125 0.2078125 0.2359375 0.2484375 0.2359375 0.2515625 0.18125 0.30625 0.1765625 0.30625 0.165625 0.29375 0.1515625 0.2828125 0.1203125 0.2484375 0.140625 0.2265625 0.1546875 0.215625 0.171875 0.1953125 0.178125 0.1921875
3 0.2203125 0.4515625 0.221875 0.453125 0.2375 0.453125 0.2390625 0.4515625 0.2484375 0.453125 0.328125 0.4515625 0.33125 0.453125 0.33125 0.4921875 0.3296875 0.49375 0.2921875 0.49375 0.290625 0.4953125 0.2125 0.49375 0.2109375 0.4921875 0.2109375 0.453125 0.21875 0.4515625
3 0.3625 0.9234375 0.3640625 0.925 0.36875 0.9234375 0.375 0.925 0.4453125 0.925 0.4453125 0.9671875 0.440625 0.96875 0.4359375 0.9671875 0.4171875 0.9671875 0.415625 0.96875 0.4046875 0.9671875 0.403125 0.96875 0.396875 0.9671875 0.2921875 0.9671875 0.2890625 0.96875 0.2859375 0.9671875 0.2859375 0.925 0.3578125 0.925 0.3609375 0.9234375
3 0.1078125 0.925 0.2453125 0.925 0.24375 0.928125 0.2453125 0.9671875 0.1078125 0.9671875 0.1078125 0.9265625
3 0.2015625 0.3671875 0.203125 0.36875 0.3484375 0.3671875 0.353125 0.3703125 0.353125 0.4109375 0.33125 0.4109375 0.3296875 0.4125 0.190625 0.4109375 0.190625 0.36875 0.2 0.3671875
3 0.1859375 0.1046875 0.1875 0.10625 0.2453125 0.10625 0.246875 0.1078125 0.246875 0.146875 0.2453125 0.15 0.1125 0.15 0.109375 0.146875 0.1109375 0.14375 0.109375 0.1421875 0.109375 0.109375 0.1109375 0.10625 0.16875 0.10625 0.1703125 0.1078125 0.1765625 0.10625 0.178125 0.1078125 0.184375 0.1046875
3 0.0921875 0.3671875 0.09375 0.36875 0.1453125 0.36875 0.146875 0.3671875 0.15 0.3703125 0.15 0.4109375 0.146875 0.4125 0.1125 0.4125 0.1109375 0.4109375 0.10625 0.4125 0.103125 0.4109375 0.1 0.4125 0.0875 0.4109375 0.0796875 0.4125 0.0296875 0.4109375 0.025 0.4125 0.021875 0.4109375 0.021875 0.36875 0.0234375 0.3671875 0.04375 0.3671875 0.0453125 0.36875 0.05625 0.3671875 0.0875 0.36875 0.090625 0.3671875
3 0.3640625 0.534375 0.365625 0.5359375 0.45 0.5359375 0.45 0.5796875 0.3765625 0.5796875 0.375 0.578125 0.33125 0.578125 0.3296875 0.5796875 0.25 0.578125 0.2484375 0.5796875 0.2453125 0.5765625 0.2453125 0.5375 0.246875 0.5359375 0.3625 0.534375
3 0.1125 0.021875 0.125 0.0234375 0.128125 0.021875 0.13125 0.0234375 0.140625 0.021875 0.1625 0.021875 0.1640625 0.0234375 0.1671875 0.021875 0.1859375 0.021875 0.1875 0.0234375 0.24375 0.021875 0.2453125 0.0234375 0.2453125 0.0640625 0.2328125 0.0671875 0.228125 0.065625 0.171875 0.065625 0.1703125 0.0640625 0.165625 0.065625 0.1125 0.065625 0.1109375 0.0640625 0.1125 0.0625 0.1125 0.0234375
3 0.3453125 0.6171875 0.365625 0.6203125 0.36875 0.61875 0.396875 0.61875 0.3984375 0.6203125 0.4359375 0.61875 0.4390625 0.6203125 0.4390625 0.6625 0.3515625 0.6625 0.35 0.6609375 0.2578125 0.6625 0.25625 0.6546875 0.2578125 0.653125 0.2578125 0.6203125 0.259375 0.61875 0.2875 0.61875 0.2890625 0.6203125 0.2921875 0.61875 0.34375 0.61875
0 0.24140625 0.3234375 0.06484375 0.0890625
0 0.11484375 0.3234375 0.06640625 0.090625
0 0.178125 0.0859375 0.0109375 0.03984375
0 0.18515625 0.70859375 0.0578125 0.428125
0 0.259375 0.8765625 0.10234375 0.09609375
0 0.365625 0.8890625 0.0125 0.06875
0 0.33203125 0.515625 0.04140625 0.03984375
0 0.34765625 0.59921875 0.01015625 0.03828125
0 0.27109375 0.43203125 0.0078125 0.03828125
0 0.34765625 0.6828125 0.01015625 0.03828125
4 0.271875 0.3375 0.015625 0.02109375
4 0.0859375 0.3375 0.0203125 0.0125