4 0.23359375 0.30078125 0.02421875 0.01953125
4 0.484375 0.30234375 0.02265625 0.02109375
2 0.3609375 0.090625 0.446875 0.178125 0.3609375 0.2640625 0.35625 0.2640625 0.271875 0.1796875 0.2734375 0.171875 0.296875 0.1484375 0.3015625 0.146875 0.3125 0.1328125 0.3171875 0.13125 0.3203125 0.125 0.34375 0.1015625 0.359375 0.090625
0 0.23125 0.3875 0.2328125 0.3875 0.2328125 0.4203125 0.2359375 0.4234375 0.2359375 0.428125 0.2328125 0.43125 0.2296875 0.428125 0.2328125 0.421875 0.23125 0.3890625
0 0.3109375 0.221875 0.3125 0.225 0.271875 0.2640625 0.2453125 0.2953125 0.246875 0.2890625 0.2640625 0.26875 0.3109375 0.2234375
0 0.3578125 0.04375 0.3578125 0.071875 0.3609375 0.0796875 0.359375 0.0875 0.3546875 0.08125 0.3578125 0.0765625 0.3578125 0.0453125
0 0.4828125 0.3875 0.484375 0.3875 0.4828125 0.4140625 0.4859375 0.4234375 0.484375 0.43125 0.4796875 0.4265625 0.4828125 0.421875 0.4828125 0.3890625
0 0.4046875 0.221875 0.45625 0.2734375 0.475 0.296875 0.475 0.3015625 0.45625 0.2765625 0.40625 0.228125 0.4046875 0.2234375
3 0.378125 0.3359375 0.3875 0.334375 0.39375 0.3359375 0.4015625 0.334375 0.4078125 0.3359375 0.565625 0.3359375 0.5671875 0.334375 0.5890625 0.3359375 0.5890625 0.384375 0.5859375 0.3859375 0.5546875 0.3859375 0.553125 0.3875 0.4875 0.3859375 0.4859375 0.384375 0.4734375 0.3859375 0.4609375 0.384375 0.4515625 0.3859375 0.45 0.384375 0.4390625 0.3875 0.4359375 0.3859375 0.3796875 0.3859375 0.378125 0.384375 0.378125 0.3375
3 0.153125 0.3359375 0.18125 0.3359375 0.1828125 0.334375 0.1859375 0.3359375 0.3109375 0.3359375 0.3109375 0.384375 0.309375 0.3859375 0.2359375 0.3859375 0.234375 0.384375 0.15625 0.3859375 0.153125 0.384375 0.153125 0.3375
3 0.14375 0.4328125 0.321875 0.4328125 0.321875 0.48125 0.3203125 0.4828125 0.1453125 0.4828125 0.14375 0.48125 0.14375 0.434375
3 0.36875 0.4328125 0.5984375 0.4328125 0.5984375 0.48125 0.596875 0.4828125 0.3703125 0.4828125 0.3671875 0.48125 0.36875 0.434375