4 0.2171875 0.325 0.0265625 0.021875
4 0.4671875 0.3046875 0.025 0.0234375
2 0.3234375 0.1046875 0.3265625 0.1046875 0.340625 0.115625 0.4203125 0.184375 0.3890625 0.221875 0.38125 0.228125 0.38125 0.23125 0.3671875 0.2453125 0.365625 0.25 0.359375 0.2546875 0.3578125 0.259375 0.353125 0.2625 0.3421875 0.278125 0.3375 0.278125 0.3265625 0.2703125 0.3203125 0.2625 0.315625 0.2609375 0.2453125 0.2015625 0.246875 0.19375 0.2828125 0.153125 0.28125 0.1515625 0.2875 0.1484375 0.2890625 0.1421875 0.296875 0.1359375 0.3109375 0.1171875 0.3234375 0.10625
0 0.2234375 0.4125 0.225 0.4125 0.2265625 0.4234375 0.2265625 0.440625 0.228125 0.4453125 0.23125 0.446875 0.23125 0.453125 0.228125 0.45625 0.225 0.453125 0.228125 0.4453125 0.225 0.440625 0.2234375 0.4140625
0 0.2875 0.240625 0.290625 0.2421875 0.2875 0.246875 0.28125 0.2515625 0.271875 0.265625 0.2453125 0.2953125 0.2453125 0.2984375 0.23125 0.3140625 0.2328125 0.3171875 0.2296875 0.31875 0.2296875 0.3125 0.2453125 0.29375 0.2453125 0.290625 0.253125 0.284375 0.2609375 0.271875 0.2671875 0.2671875 0.2765625 0.253125 0.2875 0.2421875
0 0.31875 0.059375 0.321875 0.0859375 0.3265625 0.096875 0.3265625 0.1 0.3234375 0.1015625 0.3203125 0.096875 0.321875 0.0921875 0.3203125 0.0609375
0 0.4734375 0.390625 0.475 0.390625 0.475 0.4109375 0.48125 0.4296875 0.478125 0.434375 0.4734375 0.428125 0.4765625 0.425 0.4734375 0.3921875
0 0.38125 0.2328125 0.4046875 0.25 0.425 0.2703125 0.4296875 0.271875 0.4578125 0.3 0.4578125 0.3046875 0.4328125 0.278125 0.3984375 0.2484375 0.3953125 0.2484375 0.38125 0.234375
3 0.575 0.3296875 0.5796875 0.371875 0.5796875 0.378125 0.5765625 0.3796875 0.55 0.38125 0.54375 0.384375 0.5328125 0.3828125 0.53125 0.3859375 0.5140625 0.384375 0.4953125 0.3875 0.465625 0.3875 0.459375 0.390625 0.45 0.3890625 0.4296875 0.39375 0.425 0.3921875 0.3875 0.396875 0.3703125 0.396875 0.36875 0.3953125 0.365625 0.3625 0.365625 0.3484375 0.36875 0.346875 0.375 0.3453125 0.3859375 0.346875 0.3890625 0.34375 0.403125 0.3453125 0.421875 0.3421875 0.5453125 0.3328125 0.553125 0.3296875 0.5625 0.33125 0.5734375 0.3296875
3 0.296875 0.353125 0.3 0.3671875 0.3015625 0.403125 0.28125 0.40625 0.2640625 0.40625 0.228125 0.4109375 0.2203125 0.409375 0.209375 0.4125 0.1484375 0.4171875 0.1453125 0.415625 0.14375 0.4078125 0.140625 0.3671875 0.16875 0.365625 0.171875 0.3625 0.1734375 0.3640625 0.1890625 0.3640625 0.2078125 0.3609375 0.2953125 0.3546875
3 0.3171875 0.45 0.321875 0.490625 0.3203125 0.5 0.196875 0.509375 0.1609375 0.5140625 0.1453125 0.5140625 0.14375 0.5125 0.140625 0.4640625 0.315625 0.45
3 0.3640625 0.4453125 0.5921875 0.425 0.596875 0.4609375 0.596875 0.4734375 0.5890625 0.4765625 0.571875 0.4765625 0.3703125 0.4953125 0.3671875 0.49375 0.3671875 0.471875 0.3640625 0.446875