0 0.12890625 0.27734375 0.0171875 0.26328125
0 0.18515625 0.43203125 0.0703125 0.0171875
0 0.390625 0.5109375 0.071875 0.1671875
0 0.59921875 0.5875 0.0765625 0.01328125
0 0.75390625 0.509375 0.09609375 0.1703125
0 0.67109375 0.50078125 0.0203125 0.1078125
0 0.67421875 0.22890625 0.0265625 0.3453125
1 0.678125 0.403125 0.6890625 0.4109375 0.6921875 0.4171875 0.6921875 0.43125 0.684375 0.4421875 0.6734375 0.446875 0.6671875 0.446875 0.6578125 0.4421875 0.6515625 0.4359375 0.6484375 0.4296875 0.6484375 0.41875 0.65625 0.40625 0.6671875 0.4015625 0.6765625 0.403125
1 0.1296875 0.409375 0.1421875 0.4140625 0.15 0.425 0.15 0.4390625 0.146875 0.4453125 0.134375 0.4546875 0.1234375 0.4546875 0.1140625 0.45 0.1078125 0.4421875 0.10625 0.4359375 0.109375 0.4203125 0.1171875 0.4125 0.128125 0.409375
3 0.8078125 0.390625 0.8109375 0.3890625 0.95 0.3890625 0.9546875 0.390625 0.9578125 0.3953125 0.9578125 0.46875 0.9546875 0.4734375 0.9484375 0.4765625 0.9046875 0.4765625 0.903125 0.478125 0.8875 0.4765625 0.8828125 0.478125 0.88125 0.4765625 0.815625 0.4765625 0.809375 0.475 0.8046875 0.4703125 0.803125 0.4671875 0.803125 0.4421875 0.8046875 0.440625 0.803125 0.4015625 0.8046875 0.39375 0.8078125 0.3921875
3 0.4640625 0.5421875 0.465625 0.54375 0.4703125 0.5421875 0.4859375 0.5421875 0.4875 0.54375 0.490625 0.5421875 0.496875 0.54375 0.5375 0.5421875 0.5546875 0.5453125 0.559375 0.55 0.559375 0.6234375 0.5578125 0.6265625 0.5515625 0.63125 0.4359375 0.63125 0.4328125 0.6296875 0.428125 0.6234375 0.428125 0.55 0.4296875 0.546875 0.4359375 0.54375 0.4625 0.54375
3 0.340625 0.38125 0.35 0.3828125 0.353125 0.3859375 0.353125 0.4046875 0.3546875 0.40625 0.353125 0.478125 0.3484375 0.4828125 0.3109375 0.4828125 0.309375 0.484375 0.3078125 0.4828125 0.2984375 0.484375 0.296875 0.4828125 0.2296875 0.4828125 0.2265625 0.48125 0.2234375 0.475 0.2234375 0.4515625 0.221875 0.45 0.225 0.4328125 0.2234375 0.390625 0.2265625 0.3828125 0.3078125 0.3828125 0.309375 0.38125 0.3296875 0.3828125 0.3390625 0.38125
2 0.67109375 0.58828125 0.06640625 0.06953125
4 0.671875 0.64296875 0.1296875 0.03515625
4 0.1296875 0.47109375 0.11484375 0.0359375
4 0.03515625 0.42578125 0.053125 0.1
4 0.0328125 0.58828125 0.04765625 0.140625