0 0.125 0.28359375 0.021875 0.2640625
0 0.184375 0.4375 0.0703125 0.01875
0 0.390625 0.5125 0.075 0.16875
0 0.60078125 0.5859375 0.0765625 0.0140625
0 0.75390625 0.5046875 0.0984375 0.171875
0 0.67109375 0.49765625 0.021875 0.1078125
0 0.66953125 0.22578125 0.0328125 0.3453125
1 0.675 0.4 0.6828125 0.403125 0.6890625 0.409375 0.6921875 0.415625 0.6921875 0.428125 0.684375 0.4390625 0.6734375 0.4453125 0.6671875 0.4453125 0.6578125 0.440625 0.6484375 0.428125 0.6484375 0.415625 0.6546875 0.4046875 0.665625 0.4 0.6734375 0.4
1 0.140625 0.4203125 0.15 0.4328125 0.15 0.4453125 0.1421875 0.4578125 0.134375 0.4625 0.1234375 0.4625 0.1140625 0.4578125 0.1078125 0.45 0.10625 0.4375 0.109375 0.428125 0.115625 0.4203125 0.1203125 0.4203125 0.125 0.4171875 0.1390625 0.4203125
3 0.80625 0.3859375 0.809375 0.384375 0.9453125 0.3828125 0.9484375 0.38125 0.953125 0.3828125 0.95625 0.3875 0.95625 0.4046875 0.9578125 0.40625 0.9578125 0.4609375 0.9546875 0.4671875 0.9484375 0.4703125 0.815625 0.471875 0.809375 0.4703125 0.803125 0.4625 0.803125 0.4375 0.8046875 0.4359375 0.803125 0.43125 0.8046875 0.428125 0.8015625 0.396875 0.803125 0.3890625 0.80625 0.3875
3 0.5109375 0.5421875 0.5125 0.54375 0.53125 0.54375 0.5328125 0.5421875 0.553125 0.54375 0.5609375 0.55 0.5625 0.6234375 0.5546875 0.63125 0.5046875 0.63125 0.503125 0.6328125 0.4390625 0.6328125 0.4328125 0.628125 0.43125 0.625 0.43125 0.59375 0.4296875 0.5921875 0.4296875 0.5515625 0.43125 0.5484375 0.4375 0.5453125 0.4640625 0.5453125 0.465625 0.54375 0.4671875 0.5453125 0.471875 0.54375 0.4875 0.54375 0.4890625 0.5453125 0.496875 0.54375 0.4984375 0.5453125 0.509375 0.5421875
3 0.3109375 0.3859375 0.31875 0.3875 0.3390625 0.384375 0.3484375 0.3859375 0.3515625 0.3890625 0.3515625 0.4078125 0.3546875 0.4125 0.353125 0.48125 0.3484375 0.4859375 0.3234375 0.4859375 0.3015625 0.4890625 0.2984375 0.4875 0.234375 0.4875 0.23125 0.4890625 0.2265625 0.4859375 0.2234375 0.4796875 0.2234375 0.4578125 0.221875 0.45625 0.225 0.4375 0.221875 0.396875 0.225 0.3890625 0.23125 0.3875 0.30625 0.3875 0.309375 0.3859375
2 0.67265625 0.58515625 0.0671875 0.0703125
4 0.67421875 0.63984375 0.1296875 0.0375
4 0.12890625 0.47734375 0.115625 0.0375
4 0.03359375 0.43359375 0.0546875 0.1015625
4 0.034375 0.59609375 0.05 0.1421875