1 0.7359375 0.4 0.746875 0.409375 0.7484375 0.4140625 0.746875 0.4328125 0.7359375 0.4421875 0.71875 0.4421875 0.709375 0.434375 0.7046875 0.4234375 0.70625 0.4125 0.7109375 0.4046875 0.721875 0.3984375 0.734375 0.4
2 0.378125 0.89375 0.4015625 0.91875 0.36875 0.9515625 0.3421875 0.928125 0.3359375 0.9203125 0.3359375 0.9171875 0.3671875 0.8859375 0.3765625 0.89375
3 0.5765625 0.3734375 0.578125 0.375 0.5875 0.3734375 0.63125 0.375 0.6375 0.3796875 0.6375 0.4109375 0.6390625 0.4125 0.6375 0.45625 0.6296875 0.4625 0.5015625 0.4625 0.4953125 0.45625 0.49375 0.440625 0.4953125 0.3796875 0.5 0.375 0.540625 0.375 0.5421875 0.3734375 0.571875 0.375 0.575 0.3734375
3 0.1609375 0.19375 0.1625 0.1953125 0.1671875 0.19375 0.2484375 0.19375 0.25625 0.1953125 0.2625 0.2015625 0.2625 0.296875 0.25625 0.303125 0.2203125 0.303125 0.21875 0.3046875 0.2125 0.303125 0.2046875 0.3046875 0.196875 0.303125 0.1921875 0.3046875 0.1765625 0.3046875 0.175 0.303125 0.1734375 0.3046875 0.16875 0.303125 0.1234375 0.3046875 0.1140625 0.303125 0.109375 0.3 0.1078125 0.2953125 0.1078125 0.25625 0.109375 0.2546875 0.1078125 0.253125 0.109375 0.2453125 0.1078125 0.2421875 0.1078125 0.203125 0.109375 0.1984375 0.1171875 0.19375 0.159375 0.19375
3 0.1609375 0.365625 0.1625 0.3671875 0.175 0.365625 0.25625 0.3671875 0.2625 0.3734375 0.2625 0.46875 0.259375 0.4734375 0.2515625 0.4765625 0.21875 0.475 0.1953125 0.478125 0.1234375 0.4765625 0.1125 0.475 0.1078125 0.4671875 0.1078125 0.4203125 0.109375 0.41875 0.1078125 0.375 0.109375 0.371875 0.1203125 0.365625 0.1359375 0.3671875 0.159375 0.365625
3 0.253125 0.865625 0.2578125 0.8671875 0.2625 0.8734375 0.2625 0.965625 0.253125 0.971875 0.20625 0.971875 0.2046875 0.9734375 0.115625 0.971875 0.109375 0.9671875 0.1078125 0.9640625 0.1078125 0.9203125 0.109375 0.91875 0.1078125 0.8734375 0.115625 0.865625 0.2515625 0.865625
4 0.43125 0.2109375 0.20703125 0.07421875
4 0.6453125 0.20859375 0.1125 0.0609375
0 0.1 0.9140625 0.10625 0.9171875 0.10625 0.9203125 0.1 0.9234375 0.0953125 0.9234375 0.0921875 0.9203125 0.0390625 0.9203125 0.0375 0.91875 0.0390625 0.9171875 0.053125 0.91875 0.0828125 0.9171875 0.084375 0.91875 0.09375 0.9171875 0.0984375 0.9140625
0 0.6953125 0.415625 0.703125 0.4203125 0.7015625 0.4234375 0.6953125 0.4265625 0.690625 0.4234375 0.640625 0.41875 0.6421875 0.4171875 0.6578125 0.4171875 0.6640625 0.4203125 0.6859375 0.4203125 0.69375 0.4171875
0 0.103125 0.41875 0.10625 0.4203125 0.10625 0.4234375 0.1 0.4265625 0.0953125 0.4265625 0.0921875 0.4234375 0.0046875 0.4234375 0.0046875 0.4203125 0.090625 0.4203125 0.0921875 0.421875 0.0953125 0.4171875 0.1015625 0.41875
0 0.56484375 0.215625 0.02734375 0.3171875
0 0.72734375 0.2265625 0.01796875 0.3390625
0 0.4484375 0.6671875 0.090625 0.51171875
0 0.2984375 0.91796875 0.07109375 0.01875
0 0.32421875 0.565625 0.1203125 0.63671875