2 0.284375 0.6953125 0.2890625 0.69375 0.2953125 0.6984375 0.321875 0.7265625 0.3296875 0.73125 0.3671875 0.7703125 0.4171875 0.8171875 0.4171875 0.8234375 0.4140625 0.828125 0.3765625 0.8640625 0.3640625 0.8796875 0.328125 0.9140625 0.325 0.9203125 0.29375 0.9515625 0.284375 0.946875 0.1609375 0.8265625 0.1609375 0.821875 0.1765625 0.8078125 0.1859375 0.7953125 0.2 0.784375 0.2015625 0.7796875 0.2078125 0.775 0.2078125 0.771875 0.2125 0.7703125 0.215625 0.7640625 0.221875 0.7609375 0.2234375 0.75625 0.2390625 0.7421875 0.2546875 0.7234375 0.259375 0.721875 0.2625 0.715625 0.284375 0.696875
3 0.39375 0.565625 0.3953125 0.6296875 0.2359375 0.63125 0.234375 0.6328125 0.175 0.6328125 0.1734375 0.56875 0.3921875 0.565625
3 0.278125 0.440625 0.2796875 0.4421875 0.2859375 0.440625 0.2890625 0.4421875 0.4046875 0.440625 0.40625 0.44375 0.40625 0.4953125 0.4046875 0.496875 0.40625 0.503125 0.4046875 0.5046875 0.234375 0.50625 0.2328125 0.5078125 0.1609375 0.5078125 0.159375 0.5046875 0.159375 0.4640625 0.1578125 0.4625 0.159375 0.4609375 0.159375 0.44375 0.1640625 0.4421875 0.2296875 0.44375 0.23125 0.4421875 0.2765625 0.440625
3 0.321875 0.159375 0.3234375 0.1609375 0.3359375 0.159375 0.3578125 0.159375 0.359375 0.1609375 0.403125 0.159375 0.40625 0.1609375 0.40625 0.2234375 0.403125 0.2265625 0.321875 0.2265625 0.3203125 0.228125 0.2421875 0.2265625 0.2296875 0.2296875 0.2140625 0.228125 0.153125 0.2296875 0.15 0.228125 0.15 0.1640625 0.1515625 0.1625 0.2265625 0.1640625 0.240625 0.1609375 0.246875 0.1625 0.265625 0.1625 0.2671875 0.1609375 0.2765625 0.1625 0.3140625 0.1609375 0.3171875 0.1625 0.3203125 0.1609375
3 0.3453125 0.034375 0.346875 0.0359375 0.35 0.034375 0.3796875 0.0359375 0.3796875 0.0515625 0.38125 0.053125 0.38125 0.0984375 0.3796875 0.1 0.3203125 0.1 0.31875 0.1015625 0.28125 0.1015625 0.278125 0.1 0.2765625 0.1015625 0.23125 0.1015625 0.2296875 0.103125 0.171875 0.103125 0.1703125 0.1015625 0.171875 0.075 0.16875 0.0484375 0.171875 0.0375 0.196875 0.0375 0.1984375 0.0390625 0.228125 0.0359375 0.3015625 0.0375 0.3171875 0.034375 0.34375 0.034375
3 0.278125 0.2875 0.290625 0.2890625 0.31875 0.2859375 0.4328125 0.284375 0.4359375 0.2875 0.4359375 0.31875 0.434375 0.3203125 0.4375 0.3265625 0.4375 0.375 0.4359375 0.378125 0.3234375 0.3796875 0.321875 0.38125 0.2765625 0.3796875 0.275 0.38125 0.2328125 0.38125 0.23125 0.3828125 0.14375 0.3828125 0.1421875 0.384375 0.1265625 0.384375 0.125 0.3828125 0.125 0.3265625 0.1234375 0.325 0.1234375 0.2921875 0.125 0.290625 0.140625 0.2890625 0.215625 0.2890625 0.21875 0.290625 0.2296875 0.2875 0.26875 0.2875 0.2703125 0.2859375 0.2765625 0.2875
0 0.284375 0.6328125 0.2859375 0.6328125 0.2859375 0.6734375 0.290625 0.68125 0.2890625 0.690625 0.284375 0.6890625 0.2828125 0.6828125 0.284375 0.68125 0.284375 0.634375
0 0.2828125 0.50625 0.284375 0.50625 0.284375 0.5546875 0.2875 0.55625 0.2875 0.5625 0.284375 0.565625 0.28125 0.5640625 0.2796875 0.559375 0.284375 0.5546875 0.2828125 0.553125 0.2828125 0.5078125
0 0.2765625 0.228125 0.2796875 0.2328125 0.2796875 0.275 0.2828125 0.2765625 0.2828125 0.2828125 0.2796875 0.2875 0.275 0.2796875 0.278125 0.275 0.2765625 0.2296875
0 0.28125 0.38125 0.2828125 0.428125 0.2859375 0.4296875 0.284375 0.4390625 0.28125 0.440625 0.278125 0.4328125 0.28125 0.428125 0.2796875 0.3828125
0 0.275 0.103125 0.2765625 0.103125 0.2765625 0.1421875 0.278125 0.15 0.28125 0.1515625 0.28125 0.1578125 0.278125 0.1609375 0.275 0.159375 0.2734375 0.153125 0.278125 0.1484375 0.275 0.1453125 0.275 0.1046875