2 0.33125 0.084375 0.346875 0.0703125 0.3515625 0.06875 0.434375 0.1515625 0.434375 0.1546875 0.3609375 0.228125 0.3515625 0.2359375 0.346875 0.2359375 0.265625 0.1546875 0.265625 0.1515625 0.33125 0.0859375
3 0.0484375 0.415625 0.05 0.4171875 0.071875 0.4171875 0.0734375 0.415625 0.0796875 0.4171875 0.084375 0.415625 0.225 0.4171875 0.2359375 0.415625 0.2390625 0.4171875 0.240625 0.421875 0.240625 0.4640625 0.2375 0.4671875 0.23125 0.465625 0.228125 0.4671875 0.0359375 0.4671875 0.0328125 0.465625 0.0328125 0.4171875 0.046875 0.415625
3 0.471875 0.4046875 0.4734375 0.40625 0.4796875 0.4046875 0.5953125 0.4046875 0.596875 0.40625 0.596875 0.434375 0.5953125 0.4359375 0.596875 0.4375 0.596875 0.475 0.5953125 0.478125 0.5921875 0.4765625 0.590625 0.478125 0.35625 0.478125 0.3546875 0.4765625 0.3546875 0.40625 0.35625 0.4046875 0.4703125 0.4046875
3 0.3734375 0.3078125 0.5765625 0.3078125 0.578125 0.309375 0.578125 0.35625 0.5765625 0.3578125 0.478125 0.3578125 0.4765625 0.35625 0.4734375 0.3578125 0.3734375 0.3578125 0.3734375 0.309375
0 0.2125 0.359375 0.2140625 0.359375 0.2140625 0.36875 0.2125 0.3765625 0.2078125 0.384375 0.1890625 0.403125 0.18125 0.4078125 0.1765625 0.4125 0.1765625 0.415625 0.16875 0.4140625 0.171875 0.409375 0.1765625 0.409375 0.2015625 0.3875 0.203125 0.3828125 0.209375 0.3765625 0.2125 0.3609375
3 0.209375 0.30625 0.2109375 0.3078125 0.3140625 0.3078125 0.315625 0.309375 0.315625 0.35625 0.3140625 0.3578125 0.1125 0.3578125 0.1109375 0.35625 0.1109375 0.3078125 0.2078125 0.3078125
0 0.25625 0.25 0.10390625 0.11484375
0 0.43515625 0.25234375 0.09609375 0.11328125
0 0.4734375 0.38359375 0.02578125 0.0484375
4 0.478125 0.2734375 0.0453125 0.03125
4 0.2140625 0.27109375 0.04296875 0.03359375