2 0.325 0.0875 0.340625 0.0734375 0.3453125 0.071875 0.3875 0.115625 0.3953125 0.1203125 0.4296875 0.1546875 0.3484375 0.2390625 0.34375 0.2390625 0.2609375 0.159375 0.2609375 0.15625 0.2734375 0.1421875 0.325 0.0890625
3 0.234375 0.4203125 0.2390625 0.4234375 0.240625 0.428125 0.240625 0.46875 0.2375 0.471875 0.1453125 0.4734375 0.14375 0.475 0.0546875 0.475 0.053125 0.4765625 0.0328125 0.475 0.0328125 0.4265625 0.071875 0.425 0.0734375 0.4234375 0.078125 0.425 0.084375 0.4234375 0.1390625 0.425 0.140625 0.4234375 0.1765625 0.4234375 0.178125 0.421875 0.2234375 0.4234375 0.2328125 0.4203125
3 0.471875 0.40625 0.4765625 0.4078125 0.5 0.4046875 0.5875 0.4046875 0.59375 0.403125 0.596875 0.409375 0.596875 0.4328125 0.5953125 0.434375 0.596875 0.4375 0.596875 0.475 0.590625 0.478125 0.4125 0.4796875 0.4109375 0.48125 0.35625 0.48125 0.3546875 0.4796875 0.3546875 0.4140625 0.353125 0.4109375 0.35625 0.4078125 0.4703125 0.40625
3 0.3703125 0.3109375 0.575 0.3078125 0.5765625 0.3203125 0.5765625 0.35625 0.575 0.3578125 0.5015625 0.3578125 0.5 0.359375 0.4734375 0.3578125 0.471875 0.359375 0.371875 0.3609375 0.3703125 0.3125
0 0.2109375 0.365625 0.2125 0.365625 0.2125 0.375 0.2109375 0.3828125 0.20625 0.390625 0.1765625 0.41875 0.1765625 0.421875 0.16875 0.421875 0.171875 0.415625 0.1796875 0.4125 0.1859375 0.4046875 0.190625 0.403125 0.2 0.39375 0.2015625 0.3890625 0.2078125 0.3828125 0.2109375 0.3671875
3 0.1078125 0.315625 0.2046875 0.3140625 0.20625 0.3125 0.209375 0.3140625 0.3125 0.3125 0.3140625 0.3234375 0.3140625 0.3609375 0.3125 0.3625 0.1109375 0.365625 0.109375 0.3640625 0.1078125 0.3171875
0 0.2515625 0.25390625 0.10625 0.1171875
0 0.43046875 0.253125 0.0984375 0.115625
0 0.47109375 0.384375 0.0265625 0.0484375
4 0.47421875 0.27421875 0.0453125 0.0328125
4 0.21015625 0.27578125 0.04375 0.034375