4 0.2171875 0.440625 0.121875 0.028125
4 0.22109375 0.40546875 0.0421875 0.0234375
4 0.21484375 0.009375 0.1328125 0.01875
2 0.203125 0.75 0.2578125 0.8140625 0.2640625 0.81875 0.265625 0.8265625 0.2515625 0.840625 0.2359375 0.8515625 0.2296875 0.859375 0.1859375 0.8953125 0.1734375 0.884375 0.16875 0.8765625 0.1625 0.871875 0.1140625 0.8140625 0.121875 0.8046875 0.125 0.8046875 0.1328125 0.7953125 0.1578125 0.7734375 0.1640625 0.7703125 0.1921875 0.74375 0.196875 0.7421875 0.2015625 0.75
2 0.2140625 0.2296875 0.2171875 0.2296875 0.23125 0.215625 0.2359375 0.215625 0.2359375 0.21875 0.2578125 0.240625 0.2578125 0.24375 0.271875 0.2578125 0.2734375 0.2625 0.2859375 0.275 0.2875 0.2796875 0.3078125 0.3 0.3078125 0.3046875 0.3046875 0.3046875 0.3 0.3109375 0.29375 0.3140625 0.271875 0.3359375 0.2671875 0.3375 0.2484375 0.35625 0.2453125 0.35625 0.2375 0.365625 0.234375 0.365625 0.225 0.3765625 0.2203125 0.3765625 0.215625 0.3734375 0.2109375 0.365625 0.1859375 0.3390625 0.1828125 0.3328125 0.171875 0.3234375 0.171875 0.3203125 0.1609375 0.3109375 0.1609375 0.3078125 0.153125 0.3015625 0.146875 0.2921875 0.1484375 0.2875 0.2140625 0.23125
0 0.2859375 0.15859375 0.053125 0.1875
0 0.18125 0.2 0.05 0.096875
0 0.19140625 0.07578125 0.046875 0.04375
0 0.21796875 0.41484375 0.01875 0.0765625
0 0.2109375 0.51015625 0.015625 0.0390625
0 0.2046875 0.58984375 0.0203125 0.0421875
0 0.240625 0.71953125 0.04375 0.103125
0 0.165625 0.7125 0.046875 0.1046875
3 0.2484375 0.0203125 0.2578125 0.0234375 0.2703125 0.021875 0.2953125 0.0265625 0.303125 0.025 0.31875 0.028125 0.3171875 0.065625 0.315625 0.0671875 0.3 0.065625 0.2921875 0.0671875 0.2890625 0.0640625 0.2484375 0.0625 0.246875 0.0609375 0.2296875 0.0625 0.2234375 0.059375 0.203125 0.059375 0.2015625 0.0578125 0.2 0.059375 0.18125 0.059375 0.1765625 0.05625 0.1703125 0.05625 0.171875 0.0203125 0.1765625 0.015625 0.1953125 0.0171875 0.2046875 0.0203125 0.2265625 0.0203125 0.228125 0.021875 0.246875 0.0203125
3 0.1078125 0.6015625 0.271875 0.6125 0.2734375 0.6140625 0.2953125 0.6140625 0.3015625 0.6171875 0.2984375 0.671875 0.296875 0.6734375 0.2484375 0.6703125 0.2359375 0.6671875 0.2265625 0.66875 0.203125 0.665625 0.115625 0.6609375 0.1046875 0.659375 0.1078125 0.603125
3 0.13125 0.525 0.275 0.534375 0.290625 0.5375 0.290625 0.5609375 0.2875 0.5765625 0.2515625 0.575 0.25 0.5734375 0.2109375 0.571875 0.20625 0.56875 0.2046875 0.5703125 0.1859375 0.5703125 0.184375 0.56875 0.128125 0.565625 0.1265625 0.5609375 0.128125 0.5328125 0.13125 0.5265625
3 0.084375 0.0875 0.090625 0.090625 0.134375 0.0921875 0.1578125 0.0953125 0.16875 0.09375 0.1796875 0.096875 0.2671875 0.1015625 0.2703125 0.1046875 0.2703125 0.1109375 0.265625 0.159375 0.071875 0.146875 0.0734375 0.10625 0.0765625 0.103125 0.075 0.090625 0.0828125 0.0875
3 0.1234375 0.446875 0.14375 0.446875 0.1671875 0.45 0.171875 0.4484375 0.190625 0.4515625 0.203125 0.45 0.2125 0.453125 0.3 0.4578125 0.3078125 0.4609375 0.30625 0.4734375 0.3078125 0.490625 0.3046875 0.5 0.2765625 0.4984375 0.209375 0.4921875 0.121875 0.4875 0.1203125 0.4859375 0.121875 0.4765625 0.1203125 0.465625 0.1234375 0.4484375