4 0.2140625 0.46015625 0.12109375 0.01953125
4 0.21484375 0.425 0.04140625 0.0203125
4 0.18125 0.02734375 0.13203125 0.0171875
2 0.2203125 0.76875 0.2875 0.8359375 0.2875 0.8421875 0.2140625 0.915625 0.2078125 0.9125 0.1359375 0.8390625 0.209375 0.7640625 0.2140625 0.7625 0.21875 0.76875
2 0.2234375 0.2421875 0.2546875 0.2734375 0.25625 0.278125 0.29375 0.3140625 0.29375 0.3171875 0.215625 0.3953125 0.2109375 0.3953125 0.20625 0.3921875 0.1390625 0.325 0.1328125 0.3171875 0.1328125 0.3125 0.2109375 0.234375 0.215625 0.234375 0.221875 0.2421875
0 0.2625 0.17421875 0.040625 0.18515625
0 0.1609375 0.22265625 0.04375 0.09375
0 0.1625 0.0984375 0.04375 0.040625
0 0.2125 0.434375 0.0140625 0.07578125
0 0.2125 0.53046875 0.01328125 0.03828125
0 0.21171875 0.61015625 0.01796875 0.040625
0 0.25625 0.7375 0.03671875 0.10078125
0 0.18125 0.73515625 0.03984375 0.1015625
3 0.1609375 0.0390625 0.1625 0.040625 0.1875 0.040625 0.1890625 0.0390625 0.190625 0.040625 0.209375 0.040625 0.2109375 0.0390625 0.284375 0.040625 0.2859375 0.0421875 0.2859375 0.0796875 0.2828125 0.08125 0.26875 0.0796875 0.2671875 0.08125 0.259375 0.0796875 0.146875 0.08125 0.1390625 0.0796875 0.1390625 0.0421875 0.1421875 0.0390625 0.159375 0.0390625
3 0.115625 0.628125 0.3078125 0.628125 0.309375 0.6296875 0.309375 0.6859375 0.2578125 0.6859375 0.25625 0.684375 0.2546875 0.6859375 0.246875 0.684375 0.2390625 0.6859375 0.115625 0.6859375 0.115625 0.6296875
3 0.1328125 0.55 0.2921875 0.55 0.29375 0.5515625 0.29375 0.5890625 0.2921875 0.590625 0.215625 0.590625 0.2140625 0.5890625 0.209375 0.590625 0.1328125 0.590625 0.13125 0.5859375 0.13125 0.553125 0.1328125 0.5515625
3 0.05625 0.1171875 0.0578125 0.11875 0.1375 0.11875 0.1390625 0.1171875 0.1421875 0.11875 0.240625 0.11875 0.2421875 0.1203125 0.2421875 0.175 0.240625 0.1765625 0.046875 0.1765625 0.046875 0.1359375 0.0484375 0.134375 0.046875 0.1203125 0.0546875 0.1171875
3 0.16875 0.4703125 0.1703125 0.471875 0.1984375 0.471875 0.2 0.4703125 0.2015625 0.471875 0.303125 0.471875 0.30625 0.4921875 0.3046875 0.5125 0.1203125 0.5125 0.11875 0.5109375 0.1203125 0.503125 0.11875 0.475 0.1203125 0.471875 0.1671875 0.471875