2 0.525 0.1328125 0.55 0.1578125 0.553125 0.1640625 0.5765625 0.1859375 0.5796875 0.1921875 0.59375 0.2046875 0.5953125 0.2109375 0.51875 0.28125 0.515625 0.28125 0.48125 0.2453125 0.475 0.2359375 0.4453125 0.2046875 0.4453125 0.2015625 0.5171875 0.134375 0.5234375 0.1328125
3 0.196875 0.3359375 0.234375 0.3359375 0.2359375 0.3375 0.2625 0.3375 0.2640625 0.3359375 0.29375 0.340625 0.325 0.3390625 0.3421875 0.3421875 0.36875 0.340625 0.3703125 0.3421875 0.4015625 0.3421875 0.403125 0.3453125 0.4 0.3890625 0.234375 0.384375 0.2328125 0.3828125 0.1984375 0.3828125 0.1953125 0.38125 0.196875 0.3375
3 0.1953125 0.028125 0.196875 0.0296875 0.21875 0.0296875 0.2203125 0.0328125 0.21875 0.075 0.215625 0.0765625 0.15 0.075 0.1453125 0.071875 0.1046875 0.0734375 0.1 0.0703125 0.0734375 0.071875 0.053125 0.0671875 0.053125 0.0453125 0.05625 0.0234375 0.19375 0.028125
3 0.065625 0.16875 0.103125 0.1671875 0.10625 0.1703125 0.1140625 0.16875 0.115625 0.1703125 0.121875 0.16875 0.1375 0.1703125 0.140625 0.16875 0.15 0.171875 0.2 0.1734375 0.1984375 0.1828125 0.2 0.2140625 0.196875 0.21875 0.1921875 0.21875 0.190625 0.2171875 0.0640625 0.2140625 0.065625 0.1703125
3 0.5015625 0.434375 0.5203125 0.4375 0.546875 0.4359375 0.5484375 0.4375 0.6328125 0.4390625 0.6359375 0.4421875 0.634375 0.484375 0.6328125 0.4859375 0.4234375 0.4796875 0.421875 0.4546875 0.425 0.4328125 0.5 0.434375
3 0.3328125 0.034375 0.509375 0.0390625 0.51875 0.040625 0.521875 0.04375 0.5203125 0.084375 0.51875 0.0859375 0.41875 0.0828125 0.4171875 0.08125 0.4078125 0.0828125 0.40625 0.08125 0.3734375 0.08125 0.371875 0.0796875 0.334375 0.08125 0.33125 0.078125 0.3328125 0.0359375
3 0.446875 0.34375 0.503125 0.3453125 0.5046875 0.346875 0.528125 0.3453125 0.5328125 0.3484375 0.5484375 0.346875 0.55 0.3484375 0.5921875 0.3484375 0.6203125 0.3515625 0.61875 0.3953125 0.615625 0.396875 0.546875 0.3953125 0.54375 0.3921875 0.5421875 0.39375 0.5359375 0.3921875 0.5046875 0.39375 0.496875 0.390625 0.4578125 0.3921875 0.4453125 0.3890625 0.446875 0.3453125
4 0.428125 0.00703125 0.034375 0.0140625
4 0.4125 0.29765625 0.0375 0.021875
4 0.5359375 0.31328125 0.0375 0.0265625
0 0.134375 0.121875 0.025 0.0953125
0 0.309375 0.20703125 0.0953125 0.2625
0 0.5 0.10703125 0.0671875 0.0453125
0 0.4078125 0.28828125 0.140625 0.10625
0 0.53203125 0.30859375 0.021875 0.075
0 0.5296875 0.415625 0.015625 0.040625