2 0.5109375 0.13125 0.5828125 0.2015625 0.584375 0.20625 0.5109375 0.2796875 0.50625 0.2796875 0.434375 0.20625 0.434375 0.203125 0.4875 0.1484375 0.5046875 0.1328125 0.509375 0.13125
3 0.2578125 0.34375 0.2875 0.346875 0.290625 0.3453125 0.334375 0.3453125 0.3359375 0.346875 0.3953125 0.3453125 0.396875 0.3484375 0.396875 0.3890625 0.3953125 0.3921875 0.19375 0.3921875 0.190625 0.390625 0.190625 0.3453125 0.25625 0.3453125
3 0.2015625 0.0390625 0.203125 0.0421875 0.203125 0.084375 0.2 0.0859375 0.13125 0.0859375 0.1296875 0.084375 0.0578125 0.0859375 0.0375 0.0828125 0.0375 0.040625 0.0390625 0.0390625 0.2 0.0390625
3 0.0921875 0.18125 0.09375 0.1828125 0.1015625 0.18125 0.103125 0.1828125 0.109375 0.18125 0.1875 0.1828125 0.1875 0.215625 0.1890625 0.2171875 0.1875 0.228125 0.053125 0.228125 0.053125 0.1828125 0.090625 0.18125
3 0.515625 0.434375 0.5171875 0.4359375 0.63125 0.434375 0.6328125 0.4359375 0.6328125 0.4796875 0.63125 0.48125 0.421875 0.48125 0.4203125 0.478125 0.4203125 0.4359375 0.421875 0.434375 0.5140625 0.434375
3 0.5015625 0.0390625 0.5046875 0.0421875 0.5046875 0.0828125 0.48125 0.0859375 0.4796875 0.084375 0.4 0.084375 0.3984375 0.0859375 0.328125 0.084375 0.31875 0.0859375 0.315625 0.0828125 0.315625 0.040625 0.3171875 0.0390625 0.5 0.0390625
3 0.521875 0.34375 0.5265625 0.346875 0.6125 0.3453125 0.6140625 0.346875 0.6140625 0.390625 0.6109375 0.3921875 0.540625 0.3921875 0.5390625 0.390625 0.5375 0.3921875 0.53125 0.390625 0.44375 0.3921875 0.440625 0.390625 0.440625 0.3453125 0.5203125 0.34375
4 0.121875 0.009375 0.0234375 0.01171875
4 0.4109375 0.009375 0.03359375 0.015625
4 0.40546875 0.30078125 0.0375 0.02109375
4 0.5296875 0.3125 0.03671875 0.02578125
0 0.12109375 0.13515625 0.02109375 0.09453125
0 0.29921875 0.2140625 0.08671875 0.26015625
0 0.4859375 0.10703125 0.06640625 0.04296875
0 0.40078125 0.29140625 0.13671875 0.1015625
0 0.525 0.3078125 0.01953125 0.075
0 0.5265625 0.41484375 0.01484375 0.040625