2 0.359375 0.1625 0.4 0.20625 0.421875 0.2265625 0.44375 0.2515625 0.44375 0.2546875 0.3734375 0.3234375 0.3703125 0.3234375 0.3359375 0.359375 0.3328125 0.359375 0.2921875 0.31875 0.2890625 0.3125 0.240625 0.265625 0.2390625 0.2609375 0.23125 0.2546875 0.228125 0.2484375 0.334375 0.1453125 0.3421875 0.1453125 0.3578125 0.1625
2 0.4890625 0.784375 0.5015625 0.796875 0.5046875 0.803125 0.56875 0.8671875 0.571875 0.875 0.484375 0.959375 0.4765625 0.9578125 0.39375 0.8703125 0.4765625 0.7875 0.484375 0.78125 0.4875 0.784375
3 0.384375 0.4359375 0.4140625 0.4390625 0.4875 0.4375 0.4890625 0.440625 0.4953125 0.4390625 0.503125 0.440625 0.5140625 0.4390625 0.5734375 0.440625 0.578125 0.4390625 0.59375 0.4421875 0.6203125 0.440625 0.621875 0.4421875 0.621875 0.503125 0.61875 0.5203125 0.3578125 0.515625 0.35625 0.5140625 0.3578125 0.4375 0.3828125 0.4359375
3 0.38125 0.6734375 0.5890625 0.6765625 0.5921875 0.678125 0.590625 0.6828125 0.590625 0.725 0.5921875 0.728125 0.5875 0.7328125 0.5859375 0.73125 0.5328125 0.73125 0.53125 0.7296875 0.5046875 0.73125 0.490625 0.728125 0.46875 0.728125 0.4671875 0.7296875 0.4578125 0.728125 0.4546875 0.7296875 0.409375 0.7296875 0.4015625 0.7265625 0.38125 0.728125 0.3796875 0.7265625 0.3796875 0.678125 0.38125 0.675
3 0.14375 0.43125 0.1546875 0.434375 0.1578125 0.4328125 0.171875 0.434375 0.1953125 0.4328125 0.196875 0.434375 0.2328125 0.434375 0.234375 0.4359375 0.26875 0.4359375 0.2703125 0.434375 0.3046875 0.4359375 0.30625 0.4375 0.3046875 0.5140625 0.23125 0.5140625 0.2296875 0.5125 0.1859375 0.5125 0.1828125 0.5140625 0.18125 0.5125 0.1421875 0.5125 0.140625 0.5109375 0.0421875 0.509375 0.040625 0.496875 0.0421875 0.4953125 0.0421875 0.4328125 0.04375 0.43125 0.05625 0.4328125 0.1421875 0.43125
3 0.3265625 0.034375 0.328125 0.0359375 0.3890625 0.0359375 0.390625 0.0375 0.4125 0.0359375 0.415625 0.0390625 0.4140625 0.090625 0.365625 0.090625 0.3640625 0.0921875 0.3625 0.090625 0.3390625 0.0921875 0.3234375 0.0890625 0.2640625 0.0890625 0.2625 0.053125 0.265625 0.0484375 0.2671875 0.034375 0.325 0.034375
3 0.4046875 0.5671875 0.4125 0.56875 0.5703125 0.5703125 0.571875 0.5734375 0.5703125 0.625 0.409375 0.6234375 0.403125 0.6203125 0.4046875 0.56875
4 0.17578125 0.3953125 0.0421875 0.01875
4 0.49453125 0.4015625 0.0453125 0.0203125
0 0.33984375 0.1171875 0.021875 0.0484375
0 0.221875 0.365625 0.1140625 0.13125
0 0.44296875 0.3703125 0.1140625 0.1359375
0 0.4875 0.54375 0.0140625 0.0484375
0 0.48671875 0.6515625 0.0140625 0.05
0 0.48515625 0.7578125 0.01875 0.0484375