2 0.334375 0.146875 0.415625 0.2265625 0.4390625 0.2515625 0.4390625 0.2546875 0.3328125 0.3609375 0.3234375 0.35625 0.2234375 0.2546875 0.2234375 0.2515625 0.328125 0.146875 0.3328125 0.146875
2 0.4875 0.78125 0.490625 0.78125 0.578125 0.8703125 0.575 0.8765625 0.49375 0.9578125 0.490625 0.959375 0.484375 0.9578125 0.4 0.8734375 0.4 0.8703125 0.4875 0.7828125
3 0.3828125 0.4375 0.384375 0.4390625 0.478125 0.4390625 0.4859375 0.4375 0.4875 0.440625 0.5125 0.4375 0.5265625 0.4390625 0.5328125 0.4375 0.534375 0.4390625 0.61875 0.4375 0.6203125 0.4390625 0.6203125 0.515625 0.61875 0.5171875 0.3578125 0.5171875 0.35625 0.515625 0.35625 0.4390625 0.38125 0.4375
3 0.484375 0.6734375 0.4859375 0.675 0.59375 0.675 0.59375 0.721875 0.5953125 0.7234375 0.59375 0.728125 0.5921875 0.7296875 0.5359375 0.7296875 0.534375 0.728125 0.5234375 0.7296875 0.5171875 0.728125 0.509375 0.7296875 0.50625 0.728125 0.5015625 0.7296875 0.49375 0.728125 0.471875 0.728125 0.4703125 0.7296875 0.3890625 0.728125 0.384375 0.7296875 0.3828125 0.728125 0.3828125 0.675 0.4828125 0.675
3 0.15 0.4375 0.1515625 0.4390625 0.15625 0.4375 0.1703125 0.4390625 0.178125 0.4375 0.18125 0.4390625 0.1859375 0.4375 0.1953125 0.4390625 0.284375 0.4375 0.3046875 0.440625 0.3046875 0.515625 0.303125 0.5171875 0.1859375 0.5171875 0.184375 0.51875 0.18125 0.5171875 0.0421875 0.5171875 0.040625 0.5140625 0.040625 0.4390625 0.1484375 0.4375
3 0.3796875 0.0375 0.38125 0.0390625 0.390625 0.0375 0.40625 0.0390625 0.40625 0.090625 0.4046875 0.0921875 0.3578125 0.0921875 0.35625 0.09375 0.3546875 0.0921875 0.34375 0.09375 0.340625 0.0921875 0.3328125 0.09375 0.3296875 0.0921875 0.25625 0.0921875 0.2546875 0.08125 0.25625 0.0390625 0.2578125 0.0375 0.378125 0.0375
3 0.4046875 0.56875 0.5703125 0.56875 0.571875 0.5703125 0.571875 0.6234375 0.40625 0.6234375 0.4046875 0.621875 0.4046875 0.5703125
4 0.17421875 0.40078125 0.04140625 0.01796875
4 0.49296875 0.4015625 0.04453125 0.0203125
0 0.3328125 0.1203125 0.0203125 0.04765625
0 0.21953125 0.3703125 0.1125 0.1296875
0 0.440625 0.37109375 0.11171875 0.13359375
0 0.48828125 0.54375 0.0125 0.0484375
0 0.4890625 0.6515625 0.01328125 0.05
0 0.48984375 0.7578125 0.0171875 0.0484375