0 0.390625 0.43125 0.39375 0.4640625 0.39375 0.471875 0.390625 0.4734375 0.3890625 0.4703125 0.390625 0.4328125
0 0.2625 0.6296875 0.2640625 0.63125 0.2640625 0.659375 0.2625 0.6609375 0.265625 0.6640625 0.2640625 0.66875 0.2625 0.6703125 0.2609375 0.66875 0.2625 0.6609375 0.2609375 0.659375 0.2625 0.6546875 0.2625 0.6390625 0.2609375 0.6375 0.2625 0.6328125 0.2609375 0.63125
0 0.134375 0.43125 0.1359375 0.4328125 0.134375 0.4625 0.1375 0.4796875 0.1328125 0.4828125 0.13125 0.478125 0.134375 0.4453125 0.1328125 0.4328125
0 0.2625 0.7390625 0.2640625 0.740625 0.2640625 0.771875 0.265625 0.7734375 0.2640625 0.778125 0.2625 0.7796875 0.2609375 0.778125 0.2625 0.7703125 0.2609375 0.740625
0 0.2625 0.8484375 0.2640625 0.85 0.2640625 0.878125 0.2625 0.8796875 0.265625 0.8828125 0.2640625 0.8875 0.2625 0.8890625 0.2609375 0.8875 0.2625 0.85
0 0.2171875 0.2609375 0.221875 0.2625 0.20625 0.278125 0.1984375 0.2828125 0.1515625 0.3328125 0.15625 0.3234375 0.1625 0.31875 0.1671875 0.3109375 0.2171875 0.2625
0 0.134375 0.53125 0.1375 0.5484375 0.1484375 0.5609375 0.1640625 0.5703125 0.16875 0.5703125 0.184375 0.578125 0.19375 0.578125 0.1953125 0.58125 0.1921875 0.5828125 0.1734375 0.575 0.16875 0.575 0.14375 0.5609375 0.1359375 0.55 0.1328125 0.5328125
0 0.390625 0.5421875 0.3921875 0.5484375 0.384375 0.5609375 0.38125 0.5609375 0.3796875 0.5640625 0.3640625 0.571875 0.359375 0.571875 0.3578125 0.575 0.33125 0.5828125 0.3328125 0.578125 0.340625 0.578125 0.3578125 0.5703125 0.3671875 0.56875 0.3796875 0.5609375 0.3890625 0.5515625 0.390625 0.54375
0 0.2625 0.0984375 0.2640625 0.1 0.2640625 0.13125 0.265625 0.1328125 0.265625 0.1375 0.2640625 0.1390625 0.2609375 0.1375 0.2625 0.1
0 0.2625 0.95625 0.2640625 0.959375 0.2640625 0.9859375 0.2625 0.9875 0.265625 0.9953125 0.2609375 0.996875 0.2625 0.9875 0.2609375 0.9859375 0.2625 0.978125 0.2609375 0.9578125
0 0.34921875 0.32109375 0.09296875 0.12734375
4 0.38671875 0.34296875 0.15546875 0.03046875
4 0.1359375 0.34453125 0.125 0.015625
3 0.3875 0.3828125 0.4 0.3859375 0.40625 0.384375 0.4984375 0.3859375 0.4984375 0.4296875 0.49375 0.43125 0.284375 0.4296875 0.2828125 0.428125 0.2828125 0.3875 0.284375 0.3859375 0.290625 0.384375 0.3640625 0.3859375 0.3859375 0.3828125
3 0.153125 0.671875 0.2546875 0.671875 0.2578125 0.6703125 0.259375 0.671875 0.371875 0.671875 0.3734375 0.6734375 0.3734375 0.7359375 0.371875 0.7375 0.1546875 0.7375 0.1515625 0.734375 0.1515625 0.675 0.153125 0.6734375
3 0.16875 0.5828125 0.1703125 0.584375 0.2046875 0.584375 0.20625 0.5828125 0.3609375 0.584375 0.3609375 0.6265625 0.359375 0.628125 0.165625 0.628125 0.1640625 0.6265625 0.1640625 0.584375 0.1671875 0.584375
3 0.278125 0.7796875 0.2796875 0.78125 0.371875 0.78125 0.3734375 0.7828125 0.3734375 0.8453125 0.371875 0.846875 0.1546875 0.846875 0.1515625 0.8453125 0.1515625 0.784375 0.153125 0.78125 0.2734375 0.78125 0.2765625 0.7796875
3 0.14375 0.3828125 0.1453125 0.384375 0.2390625 0.3859375 0.2390625 0.4296875 0.234375 0.43125 0.209375 0.43125 0.2078125 0.4296875 0.19375 0.43125 0.1703125 0.43125 0.16875 0.4296875 0.1640625 0.43125 0.1421875 0.43125 0.140625 0.4296875 0.0578125 0.43125 0.0546875 0.4296875 0.04375 0.43125 0.03125 0.4296875 0.0296875 0.428125 0.0296875 0.3859375 0.0375 0.384375 0.08125 0.384375 0.0828125 0.3859375 0.13125 0.384375 0.134375 0.3859375 0.1421875 0.3828125
3 0.334375 0.4734375 0.3359375 0.475 0.3453125 0.4734375 0.3484375 0.475 0.3515625 0.4734375 0.371875 0.4734375 0.3734375 0.475 0.384375 0.4734375 0.390625 0.475 0.39375 0.4734375 0.4984375 0.4734375 0.5015625 0.475 0.5015625 0.5375 0.4875 0.540625 0.4859375 0.5390625 0.453125 0.5390625 0.4515625 0.540625 0.2828125 0.5390625 0.28125 0.5375 0.28125 0.475 0.284375 0.4734375 0.3328125 0.4734375
3 0.13125 0.4828125 0.1328125 0.484375 0.14375 0.4828125 0.1453125 0.484375 0.234375 0.484375 0.2359375 0.4859375 0.2359375 0.528125 0.2328125 0.5296875 0.0359375 0.5296875 0.0328125 0.525 0.034375 0.484375 0.1234375 0.484375 0.1296875 0.4828125
3 0.2796875 0.0296875 0.28125 0.03125 0.3734375 0.03125 0.3734375 0.0953125 0.371875 0.096875 0.259375 0.096875 0.2578125 0.0984375 0.25625 0.096875 0.1546875 0.096875 0.1515625 0.0953125 0.1515625 0.0328125 0.153125 0.03125 0.19375 0.03125 0.1953125 0.0296875 0.2015625 0.03125 0.278125 0.03125
3 0.215625 0.8890625 0.2171875 0.890625 0.2640625 0.890625 0.265625 0.8890625 0.271875 0.890625 0.2765625 0.8890625 0.278125 0.890625 0.36875 0.8890625 0.3734375 0.890625 0.3734375 0.9546875 0.371875 0.95625 0.2640625 0.95625 0.2625 0.9546875 0.25625 0.95625 0.1546875 0.95625 0.1515625 0.9546875 0.153125 0.946875 0.1515625 0.9375 0.153125 0.8984375 0.1515625 0.89375 0.153125 0.890625 0.2140625 0.890625
2 0.275 0.1515625 0.3421875 0.2203125 0.265625 0.2984375 0.2609375 0.2984375 0.184375 0.2203125 0.234375 0.1671875 0.2625 0.140625 0.2734375 0.1515625