0 0.1640625 0.46875 0.1671875 0.4703125 0.165625 0.4734375 0.1671875 0.5046875 0.165625 0.50625 0.1640625 0.50625 0.1640625 0.4703125
0 0.1640625 0.35625 0.1671875 0.35625 0.1671875 0.3921875 0.16875 0.39375 0.165625 0.396875 0.16875 0.3984375 0.16875 0.40625 0.1640625 0.4078125 0.1625 0.4046875 0.1640625 0.3578125
0 0.1640625 0.60625 0.165625 0.60625 0.165625 0.6390625 0.1671875 0.640625 0.165625 0.646875 0.16875 0.6484375 0.16875 0.65625 0.1640625 0.6578125 0.1625 0.6546875 0.1640625 0.6078125
0 0.1640625 0.21875 0.165625 0.21875 0.165625 0.25 0.1671875 0.2515625 0.165625 0.259375 0.16875 0.2609375 0.16875 0.2671875 0.165625 0.2703125 0.1625 0.2671875 0.1640625 0.2203125
0 0.1640625 0.10625 0.165625 0.10625 0.165625 0.1390625 0.1671875 0.140625 0.165625 0.146875 0.16875 0.1484375 0.16875 0.1546875 0.165625 0.1578125 0.1625 0.1546875 0.1640625 0.1078125
0 0.1640625 0.7453125 0.165625 0.7453125 0.165625 0.7765625 0.16875 0.7875 0.16875 0.79375 0.1671875 0.7953125 0.1625 0.79375 0.1640625 0.746875
0 0.1640625 0.8828125 0.1671875 0.884375 0.165625 0.8859375 0.165625 0.9125 0.1671875 0.9140625 0.165625 0.921875 0.16875 0.925 0.16875 0.9328125 0.1640625 0.934375 0.1625 0.93125 0.1640625 0.884375
3 0.1609375 0.40625 0.1640625 0.409375 0.1734375 0.4078125 0.1796875 0.409375 0.290625 0.409375 0.29375 0.4171875 0.2921875 0.465625 0.290625 0.4671875 0.0390625 0.4671875 0.0390625 0.409375 0.1578125 0.409375 0.159375 0.4078125
3 0.0359375 0.0203125 0.0375 0.021875 0.075 0.021875 0.0765625 0.0203125 0.0890625 0.021875 0.10625 0.021875 0.1078125 0.0203125 0.1140625 0.021875 0.1234375 0.0203125 0.1328125 0.021875 0.134375 0.0203125 0.1421875 0.021875 0.1546875 0.0203125 0.15625 0.021875 0.2921875 0.0203125 0.3046875 0.021875 0.30625 0.025 0.30625 0.1 0.3046875 0.103125 0.2640625 0.103125 0.2625 0.1046875 0.0265625 0.103125 0.025 0.0984375 0.0265625 0.0953125 0.025 0.0328125 0.0265625 0.021875 0.034375 0.0203125
3 0.1609375 0.26875 0.1640625 0.271875 0.16875 0.271875 0.171875 0.26875 0.178125 0.271875 0.3046875 0.271875 0.30625 0.2765625 0.30625 0.2984375 0.3046875 0.3 0.30625 0.3390625 0.3046875 0.353125 0.2984375 0.3546875 0.29375 0.353125 0.2921875 0.3546875 0.253125 0.3546875 0.2515625 0.353125 0.2484375 0.3546875 0.2453125 0.353125 0.240625 0.3546875 0.1703125 0.3546875 0.16875 0.353125 0.1671875 0.3546875 0.0296875 0.3546875 0.0265625 0.353125 0.0265625 0.271875 0.1546875 0.271875 0.159375 0.26875
3 0.0734375 0.796875 0.075 0.7984375 0.08125 0.796875 0.0828125 0.7984375 0.3 0.796875 0.3046875 0.8 0.30625 0.8046875 0.30625 0.8390625 0.3046875 0.840625 0.30625 0.875 0.303125 0.88125 0.1703125 0.88125 0.16875 0.8796875 0.165625 0.88125 0.0265625 0.88125 0.025 0.8765625 0.0265625 0.8734375 0.0265625 0.7984375 0.0296875 0.796875 0.0453125 0.7984375 0.071875 0.796875
3 0.0265625 0.521875 0.1703125 0.521875 0.171875 0.5203125 0.175 0.521875 0.303125 0.521875 0.30625 0.528125 0.3046875 0.5359375 0.30625 0.5984375 0.303125 0.6046875 0.0625 0.60625 0.0609375 0.6046875 0.028125 0.6046875 0.0265625 0.603125 0.0265625 0.5234375
3 0.1703125 0.659375 0.3 0.659375 0.303125 0.6609375 0.30625 0.665625 0.30625 0.6875 0.3046875 0.6890625 0.30625 0.7390625 0.3015625 0.74375 0.1703125 0.74375 0.16875 0.7421875 0.165625 0.74375 0.040625 0.74375 0.0390625 0.7421875 0.0296875 0.74375 0.0265625 0.7421875 0.0265625 0.6765625 0.025 0.675 0.0265625 0.6609375 0.0296875 0.659375 0.1625 0.659375 0.1671875 0.6625 0.1703125 0.6609375
3 0.178125 0.1578125 0.1796875 0.159375 0.2796875 0.159375 0.2796875 0.215625 0.278125 0.2171875 0.053125 0.2171875 0.05 0.2140625 0.05 0.1953125 0.0515625 0.19375 0.05 0.175 0.053125 0.159375 0.1578125 0.159375 0.159375 0.1578125 0.1734375 0.159375 0.1765625 0.1578125