0 0.165625 0.4578125 0.16875 0.459375 0.1671875 0.4625 0.16875 0.49375 0.1671875 0.4953125 0.165625 0.4953125 0.165625 0.459375
0 0.1703125 0.3453125 0.1734375 0.3453125 0.1734375 0.3609375 0.171875 0.3625 0.171875 0.38125 0.1734375 0.3828125 0.1703125 0.3859375 0.1734375 0.3875 0.1734375 0.3953125 0.16875 0.396875 0.1671875 0.39375 0.1703125 0.346875
0 0.1609375 0.5953125 0.1625 0.5953125 0.1625 0.634375 0.1609375 0.6359375 0.1640625 0.6375 0.1640625 0.6453125 0.159375 0.646875 0.1578125 0.64375 0.1609375 0.628125 0.1609375 0.596875
0 0.175 0.2078125 0.1765625 0.2078125 0.175 0.2484375 0.178125 0.25 0.178125 0.25625 0.175 0.259375 0.171875 0.25625 0.175 0.209375
0 0.1796875 0.0953125 0.18125 0.14375 0.178125 0.146875 0.175 0.14375 0.175 0.1390625 0.178125 0.1359375 0.178125 0.096875
0 0.15625 0.734375 0.1578125 0.734375 0.1578125 0.7640625 0.15625 0.765625 0.159375 0.7765625 0.159375 0.7828125 0.1578125 0.784375 0.153125 0.7828125 0.15625 0.7625 0.15625 0.7359375
0 0.1515625 0.871875 0.1546875 0.8734375 0.1515625 0.8984375 0.153125 0.903125 0.1515625 0.9109375 0.1546875 0.9140625 0.153125 0.9234375 0.15 0.9234375 0.1484375 0.9203125 0.1515625 0.8953125 0.1515625 0.8734375
3 0.04375 0.39375 0.14375 0.396875 0.1453125 0.3984375 0.1625 0.3984375 0.165625 0.3953125 0.16875 0.3984375 0.18125 0.396875 0.190625 0.4 0.278125 0.4015625 0.2796875 0.403125 0.2953125 0.403125 0.296875 0.40625 0.296875 0.4296875 0.2953125 0.43125 0.296875 0.45 0.29375 0.453125 0.2921875 0.4609375 0.0546875 0.453125 0.040625 0.4515625 0.04375 0.3953125
3 0.053125 0.0046875 0.0625 0.0078125 0.1046875 0.00625 0.1078125 0.009375 0.1484375 0.0078125 0.1609375 0.0109375 0.171875 0.009375 0.196875 0.0125 0.2125 0.0109375 0.234375 0.0125 0.2375 0.0109375 0.2421875 0.0140625 0.278125 0.0125 0.2875 0.015625 0.2890625 0.0140625 0.321875 0.015625 0.3234375 0.01875 0.321875 0.09375 0.31875 0.096875 0.284375 0.096875 0.2828125 0.0953125 0.2484375 0.096875 0.2375 0.09375 0.1953125 0.0953125 0.1890625 0.0921875 0.15 0.09375 0.103125 0.0890625 0.0734375 0.090625 0.059375 0.0875 0.0421875 0.0875 0.040625 0.0828125 0.0421875 0.0796875 0.040625 0.053125 0.04375 0.04375 0.0421875 0.0171875 0.04375 0.00625 0.0515625 0.0046875
3 0.0359375 0.25625 0.146875 0.259375 0.1484375 0.2609375 0.1640625 0.2609375 0.1671875 0.2578125 0.178125 0.2609375 0.18125 0.2578125 0.19375 0.2625 0.3140625 0.265625 0.315625 0.271875 0.3125 0.29375 0.3140625 0.31875 0.3109375 0.346875 0.2796875 0.3484375 0.2578125 0.3453125 0.2546875 0.346875 0.2515625 0.3453125 0.246875 0.346875 0.190625 0.3453125 0.175 0.3421875 0.1734375 0.34375 0.1453125 0.34375 0.14375 0.3421875 0.05625 0.340625 0.0328125 0.3375 0.0359375 0.2578125
3 0.0171875 0.7828125 0.034375 0.78125 0.05 0.784375 0.0515625 0.7828125 0.065625 0.784375 0.071875 0.7828125 0.09375 0.7859375 0.0953125 0.784375 0.10625 0.7859375 0.1140625 0.784375 0.1390625 0.7875 0.140625 0.7859375 0.1453125 0.7875 0.146875 0.7859375 0.1828125 0.7859375 0.184375 0.7875 0.2265625 0.7875 0.240625 0.790625 0.271875 0.7890625 0.2734375 0.790625 0.290625 0.790625 0.2953125 0.79375 0.296875 0.7984375 0.2953125 0.8328125 0.29375 0.834375 0.2953125 0.8546875 0.2921875 0.859375 0.29375 0.86875 0.290625 0.875 0.18125 0.871875 0.15625 0.86875 0.1359375 0.8703125 0.134375 0.86875 0.0140625 0.865625 0.0125 0.859375 0.015625 0.8484375 0.0171875 0.784375
3 0.0265625 0.50625 0.1421875 0.509375 0.14375 0.5109375 0.1734375 0.509375 0.1890625 0.5125 0.2765625 0.5140625 0.278125 0.515625 0.303125 0.515625 0.30625 0.521875 0.303125 0.54375 0.3046875 0.5875 0.3 0.5984375 0.23125 0.596875 0.2296875 0.5953125 0.1859375 0.596875 0.1828125 0.59375 0.18125 0.5953125 0.1703125 0.59375 0.140625 0.5953125 0.128125 0.5921875 0.10625 0.5921875 0.1046875 0.59375 0.0609375 0.5921875 0.05 0.5890625 0.025 0.5890625 0.0234375 0.5875 0.0265625 0.5078125
3 0.05 0.64375 0.0515625 0.6453125 0.140625 0.646875 0.1421875 0.6484375 0.1578125 0.6484375 0.1625 0.6515625 0.165625 0.6484375 0.184375 0.6484375 0.1859375 0.65 0.2953125 0.653125 0.3015625 0.659375 0.3015625 0.6765625 0.2984375 0.6828125 0.2984375 0.703125 0.3 0.7046875 0.2984375 0.7328125 0.29375 0.7375 0.1828125 0.734375 0.1609375 0.73125 0.1390625 0.7328125 0.1375 0.73125 0.0484375 0.7296875 0.03125 0.7265625 0.021875 0.728125 0.01875 0.7265625 0.021875 0.6453125 0.0484375 0.64375
3 0.1484375 0.146875 0.15 0.1484375 0.1703125 0.1484375 0.171875 0.146875 0.1875 0.1484375 0.190625 0.146875 0.1953125 0.15 0.2921875 0.153125 0.2921875 0.184375 0.2890625 0.2109375 0.0640625 0.203125 0.0609375 0.2 0.0609375 0.18125 0.0640625 0.178125 0.0625 0.1609375 0.065625 0.1453125 0.146875 0.146875