0 0.2375 0.2359375 0.0375 0.03125
0 0.18984375 0.234375 0.01953125 0.03671875
0 0.1203125 0.17578125 0.0609375 0.0640625
0 0.303125 0.28203125 0.103125 0.01875
0 0.36484375 0.23359375 0.03671875 0.03515625
0 0.44140625 0.23359375 0.0328125 0.034375
0 0.5 0.28203125 0.115625 0.0140625
0 0.57578125 0.20390625 0.0390625 0.09453125
0 0.5625 0.2328125 0.03203125 0.0390625
0 0.56171875 0.08984375 0.01484375 0.071875
0 0.64296875 0.203125 0.05078125 0.0953125
0 0.66484375 0.0890625 0.01171875 0.07265625
0 0.646875 0.23359375 0.0328125 0.034375
0 0.76171875 0.23515625 0.01875 0.034375
0 0.6953125 0.28203125 0.09609375 0.01328125
0 0.796875 0.0921875 0.01015625 0.0625
0 0.796875 0.203125 0.0109375 0.09765625
0 0.83203125 0.234375 0.04609375 0.0328125
0 0.9609375 0.23515625 0.03515625 0.03203125
0 0.98125 0.20703125 0.0078125 0.0875
0 0.8921875 0.28203125 0.11875 0.0109375
0 0.98046875 0.096875 0.01015625 0.071875
3 0.70625 0.125 0.709375 0.128125 0.709375 0.153125 0.7078125 0.1546875 0.6578125 0.1546875 0.65625 0.153125 0.621875 0.1546875 0.6203125 0.153125 0.6203125 0.140625 0.6375 0.1265625 0.64375 0.125 0.7046875 0.125
3 0 0.1203125 0.003125 0.11875 0.0796875 0.11875 0.0828125 0.1296875 0.0796875 0.1515625 0.0828125 0.1625 0.08125 0.1703125 0.0484375 0.1734375 0.0265625 0.1703125 0 0.1703125 0 0.121875
3 0.825 0.2515625 0.8296875 0.253125 0.8328125 0.2578125 0.8328125 0.3046875 0.8296875 0.309375 0.825 0.3109375 0.75625 0.3109375 0.7484375 0.309375 0.7453125 0.3046875 0.7453125 0.2578125 0.75 0.253125 0.753125 0.2515625 0.8234375 0.2515625
3 0.75 0.1359375 0.7640625 0.125 0.775 0.1234375 0.840625 0.125 0.8421875 0.128125 0.8421875 0.15 0.8390625 0.1546875 0.8109375 0.1546875 0.809375 0.153125 0.7484375 0.1546875 0.746875 0.140625 0.75 0.1375
3 0.4359375 0.2515625 0.4421875 0.25625 0.44375 0.29375 0.4421875 0.30625 0.434375 0.3109375 0.365625 0.3109375 0.359375 0.309375 0.3546875 0.303125 0.3546875 0.2578125 0.359375 0.253125 0.3640625 0.2515625 0.434375 0.2515625
3 0.54375 0.20625 0.546875 0.209375 0.5453125 0.2359375 0.459375 0.2359375 0.459375 0.2203125 0.478125 0.20625 0.5421875 0.20625
3 0.9703125 0.25 0.971875 0.2515625 0.98125 0.25 0.9828125 0.2515625 0.9984375 0.2515625 0.9984375 0.309375 0.996875 0.3109375 0.9609375 0.3109375 0.95625 0.309375 0.9515625 0.303125 0.9515625 0.2578125 0.95625 0.253125 0.96875 0.25
3 0.9421875 0.20625 0.94375 0.2078125 0.94375 0.2359375 0.8703125 0.2359375 0.86875 0.2375 0.8578125 0.2359375 0.85625 0.225 0.8609375 0.2171875 0.8765625 0.20625 0.940625 0.20625
3 0.3453125 0.2078125 0.3453125 0.2359375 0.2578125 0.2359375 0.25625 0.23125 0.2578125 0.2203125 0.2625 0.21875 0.265625 0.2140625 0.275 0.2078125 0.3328125 0.2078125 0.334375 0.20625 0.34375 0.2078125
3 0.2203125 0.25 0.221875 0.2515625 0.24375 0.2515625 0.2484375 0.253125 0.2515625 0.2578125 0.2515625 0.3046875 0.2484375 0.309375 0.24375 0.3109375 0.175 0.3109375 0.16875 0.309375 0.1640625 0.3046875 0.1640625 0.25625 0.1734375 0.2515625 0.21875 0.2515625
3 0.1359375 0.20625 0.1375 0.2078125 0.1390625 0.20625 0.1546875 0.20625 0.15625 0.2078125 0.175 0.20625 0.178125 0.2078125 0.178125 0.2359375 0.1765625 0.2375 0.16875 0.2359375 0.1453125 0.2359375 0.14375 0.2375 0.090625 0.2359375 0.0890625 0.2265625 0.0921875 0.21875 0.096875 0.2171875 0.1046875 0.209375 0.1109375 0.20625 0.134375 0.20625
3 0.90625 0.140625 0.925 0.13125 0.9609375 0.13125 0.9890625 0.134375 0.9890625 0.1609375 0.984375 0.1625 0.903125 0.1625 0.9015625 0.146875 0.90625 0.1421875
3 0.6375 0.2515625 0.6421875 0.253125 0.6453125 0.2578125 0.6453125 0.3046875 0.6421875 0.309375 0.6375 0.3109375 0.56875 0.3109375 0.5625 0.309375 0.5578125 0.303125 0.5578125 0.2578125 0.5625 0.253125 0.565625 0.2515625 0.6359375 0.2515625
3 0.603125 0.125 0.60625 0.1265625 0.60625 0.153125 0.575 0.15625 0.5703125 0.1546875 0.51875 0.1546875 0.5171875 0.153125 0.51875 0.1390625 0.534375 0.125 0.6015625 0.125
3 0.7515625 0.209375 0.753125 0.2203125 0.7515625 0.2375 0.7484375 0.2390625 0.6671875 0.2390625 0.6640625 0.2375 0.6640625 0.225 0.66875 0.21875 0.6828125 0.209375 0.75 0.209375