0 0.2421875 0.23125 0.0375 0.03125
0 0.19453125 0.22890625 0.0203125 0.0375
0 0.12578125 0.16953125 0.0625 0.065625
0 0.30703125 0.27890625 0.103125 0.0203125
0 0.36953125 0.23125 0.0375 0.0359375
0 0.44609375 0.2328125 0.0328125 0.034375
0 0.50390625 0.28203125 0.115625 0.015625
0 0.58125 0.20546875 0.040625 0.0953125
0 0.5671875 0.23359375 0.0328125 0.0390625
0 0.56875 0.090625 0.015625 0.071875
0 0.6484375 0.20546875 0.053125 0.096875
0 0.671875 0.0921875 0.0125 0.0734375
0 0.6515625 0.2359375 0.0328125 0.034375
0 0.76640625 0.23984375 0.01875 0.034375
0 0.69921875 0.28515625 0.096875 0.015625
0 0.80390625 0.09765625 0.0109375 0.0625
0 0.80234375 0.20859375 0.0125 0.0984375
0 0.83671875 0.23984375 0.046875 0.034375
0 0.965625 0.24296875 0.0359375 0.0328125
0 0.9859375 0.215625 0.009375 0.0875
0 0.89609375 0.2890625 0.11875 0.0125
0 0.9875 0.10546875 0.0109375 0.071875
3 0.6265625 0.14375 0.6453125 0.1296875 0.6515625 0.128125 0.7140625 0.1296875 0.7171875 0.1328125 0.7171875 0.1453125 0.7140625 0.159375 0.6828125 0.159375 0.6625 0.15625 0.628125 0.1578125 0.6265625 0.1453125
3 0.0578125 0.1109375 0.059375 0.1125 0.0875 0.1125 0.090625 0.1234375 0.0890625 0.1390625 0.0859375 0.1453125 0.0890625 0.1625 0.0828125 0.165625 0.05625 0.165625 0.0546875 0.1671875 0.05 0.1640625 0.00625 0.1625 0.00625 0.1375 0.0078125 0.1359375 0.0078125 0.1125 0.0109375 0.1109375 0.05625 0.1109375
3 0.771875 0.25625 0.7734375 0.2578125 0.8296875 0.2578125 0.834375 0.259375 0.8375 0.2640625 0.8375 0.3109375 0.834375 0.315625 0.8296875 0.3171875 0.7703125 0.3171875 0.753125 0.3140625 0.75 0.3109375 0.75 0.2625 0.759375 0.25625 0.7703125 0.25625
3 0.803125 0.1296875 0.8046875 0.13125 0.846875 0.13125 0.85 0.1359375 0.846875 0.1609375 0.7546875 0.159375 0.753125 0.146875 0.7578125 0.140625 0.771875 0.1296875 0.775 0.13125 0.8015625 0.1296875
3 0.44375 0.253125 0.446875 0.25625 0.4484375 0.29375 0.446875 0.30625 0.4375 0.3109375 0.3640625 0.3078125 0.359375 0.3015625 0.359375 0.25625 0.36875 0.25 0.4140625 0.25 0.4421875 0.253125
3 0.4734375 0.2140625 0.484375 0.20625 0.55 0.2078125 0.553125 0.2109375 0.5515625 0.2140625 0.553125 0.2328125 0.55 0.2375 0.4640625 0.2359375 0.465625 0.2203125 0.4734375 0.215625
3 0.975 0.259375 0.9765625 0.2609375 0.9859375 0.259375 0.9984375 0.2609375 0.9984375 0.3203125 0.965625 0.3203125 0.9609375 0.31875 0.95625 0.3125 0.95625 0.2671875 0.9609375 0.2625 0.9734375 0.259375
3 0.9046875 0.22890625 0.090625 0.034375
3 0.325 0.2046875 0.3265625 0.20625 0.340625 0.2046875 0.3515625 0.20625 0.35 0.234375 0.2640625 0.2328125 0.2625 0.23125 0.2640625 0.2171875 0.26875 0.215625 0.271875 0.2109375 0.28125 0.2046875 0.3234375 0.2046875
3 0.234375 0.246875 0.25 0.2484375 0.25625 0.2546875 0.25625 0.3015625 0.246875 0.3078125 0.1796875 0.30625 0.1734375 0.3046875 0.16875 0.3 0.16875 0.2515625 0.178125 0.246875 0.2328125 0.246875
3 0.1453125 0.2 0.1625 0.203125 0.1671875 0.2015625 0.184375 0.203125 0.184375 0.2296875 0.18125 0.2328125 0.096875 0.2296875 0.0953125 0.2203125 0.0984375 0.2125 0.103125 0.2109375 0.1109375 0.203125 0.1171875 0.2 0.14375 0.2015625
3 0.9515625 0.1390625 0.9703125 0.1421875 0.9953125 0.1421875 0.996875 0.14375 0.9953125 0.1703125 0.990625 0.171875 0.909375 0.1703125 0.9078125 0.1546875 0.9140625 0.1484375 0.9265625 0.140625 0.95 0.1390625
3 0.565625 0.3109375 0.5625 0.3046875 0.5625 0.259375 0.5703125 0.253125 0.646875 0.25625 0.65 0.2609375 0.65 0.3078125 0.646875 0.3125 0.6421875 0.3140625 0.590625 0.3140625 0.5671875 0.3109375
3 0.56796875 0.14140625 0.090625 0.034375
3 0.75625 0.2140625 0.759375 0.2265625 0.7546875 0.24375 0.68125 0.24375 0.66875 0.240625 0.66875 0.2328125 0.671875 0.225 0.6875 0.2140625 0.7546875 0.2140625