3 0.284375 0.0375 0.290625 0.1484375 0.2671875 0.1515625 0.2078125 0.153125 0.20625 0.1546875 0.178125 0.1546875 0.1765625 0.15625 0.0890625 0.159375 0.0875 0.1609375 0.0765625 0.159375 0.028125 0.1640625 0 0.1625 0 0.05 0.2625 0.0375 0.2640625 0.0359375 0.28125 0.0359375 0.2828125 0.0375
3 0.3 0.35 0.3015625 0.3515625 0.3046875 0.4296875 0.30625 0.43125 0.303125 0.4359375 0.2734375 0.4390625 0.25625 0.4375 0.24375 0.440625 0.215625 0.440625 0.2140625 0.4421875 0.203125 0.440625 0.184375 0.44375 0.171875 0.4421875 0.1625 0.44375 0.1609375 0.4421875 0.159375 0.44375 0.096875 0.4453125 0.0890625 0.4484375 0.0671875 0.4484375 0.065625 0.45 0.04375 0.45 0.0421875 0.4484375 0.01875 0.45 0.015625 0.4484375 0.0125 0.3796875 0.0109375 0.378125 0.0125 0.3640625 0.2984375 0.35
3 0.1828125 0.7828125 0.1859375 0.7859375 0.1921875 0.7859375 0.19375 0.784375 0.321875 0.778125 0.325 0.7890625 0.328125 0.8625 0.315625 0.8671875 0.2875 0.8671875 0.2859375 0.86875 0.2578125 0.86875 0.2265625 0.871875 0.1859375 0.871875 0.184375 0.8734375 0.1734375 0.871875 0.165625 0.875 0.1390625 0.875 0.1375 0.8734375 0.134375 0.8765625 0.078125 0.878125 0.0765625 0.8796875 0.0375 0.878125 0.034375 0.796875 0.0328125 0.7953125 0.034375 0.79375 0.1625 0.7875 0.18125 0.784375
3 0.3125 0.634375 0.3171875 0.6390625 0.3171875 0.6671875 0.3203125 0.6984375 0.3203125 0.71875 0.3171875 0.721875 0.2234375 0.7265625 0.221875 0.728125 0.19375 0.728125 0.1921875 0.7296875 0.1640625 0.7296875 0.1625 0.73125 0.134375 0.73125 0.1328125 0.7328125 0.1046875 0.7328125 0.103125 0.734375 0.075 0.734375 0.0734375 0.7359375 0.0453125 0.7359375 0.04375 0.7375 0.034375 0.7375 0.0296875 0.734375 0.028125 0.678125 0.0265625 0.6765625 0.0265625 0.6515625 0.028125 0.65 0.3109375 0.634375
3 0.153125 0.2109375 0.1546875 0.2125 0.178125 0.2125 0.1796875 0.2109375 0.2921875 0.20625 0.2953125 0.221875 0.2953125 0.25 0.2984375 0.28125 0.296875 0.2921875 0.2703125 0.2953125 0.0625 0.3046875 0.03125 0.3078125 0.009375 0.30625 0.00625 0.2890625 0.00625 0.2609375 0.003125 0.2296875 0.0046875 0.2203125 0.1515625 0.2125
3 0.30625 0.4921875 0.309375 0.4953125 0.3109375 0.5484375 0.3125 0.55 0.3125 0.5765625 0.3078125 0.5796875 0.0265625 0.59375 0.0234375 0.5921875 0.021875 0.5875 0.01875 0.509375 0.034375 0.50625 0.065625 0.50625 0.078125 0.503125 0.0796875 0.5046875 0.0953125 0.5046875 0.1046875 0.5015625 0.125 0.503125 0.1265625 0.5015625 0.1546875 0.5015625 0.1671875 0.4984375 0.175 0.5 0.184375 0.4984375 0.1859375 0.5 0.1875 0.4984375 0.3046875 0.49375
3 0.3296875 0.921875 0.3328125 0.9375 0.3328125 0.965625 0.3359375 0.9984375 0.04375 0.9984375 0.040625 0.9375 0.1671875 0.93125 0.16875 0.9296875 0.1890625 0.9296875 0.19375 0.9265625 0.1953125 0.928125 0.1984375 0.9265625 0.2265625 0.928125 0.228125 0.9265625 0.328125 0.921875
0 0.1609375 0.44375 0.1609375 0.453125 0.1640625 0.4640625 0.1625 0.4875 0.1671875 0.490625 0.165625 0.4984375 0.1625 0.4984375 0.159375 0.4921875 0.1625 0.4890625 0.159375 0.4453125
0 0.14375 0.159375 0.146875 0.159375 0.1484375 0.165625 0.1484375 0.19375 0.1515625 0.2046875 0.1484375 0.2125 0.1453125 0.2078125 0.1484375 0.196875 0.1453125 0.1875 0.14375 0.1609375
0 0.153125 0.3015625 0.153125 0.3140625 0.15625 0.321875 0.15625 0.34375 0.159375 0.3484375 0.1578125 0.353125 0.1546875 0.3546875 0.1515625 0.35 0.153125 0.346875 0.1515625 0.303125
0 0.1671875 0.5875 0.1703125 0.5875 0.16875 0.5921875 0.1734375 0.6328125 0.171875 0.640625 0.1671875 0.6359375 0.1703125 0.6296875 0.1671875 0.6125 0.1671875 0.5890625
0 0.175 0.73125 0.178125 0.740625 0.178125 0.7609375 0.18125 0.7765625 0.1796875 0.784375 0.1765625 0.784375 0.1765625 0.78125 0.1734375 0.7796875 0.1734375 0.7765625 0.178125 0.771875 0.1765625 0.76875 0.178125 0.7640625 0.175 0.7625 0.175 0.734375 0.1734375 0.7328125
0 0.1828125 0.8734375 0.1828125 0.8796875 0.1859375 0.8828125 0.1859375 0.909375 0.1875 0.9109375 0.1859375 0.9125 0.184375 0.9109375 0.18125 0.875