3 0.30625 0.025 0.309375 0.0265625 0.309375 0.1375 0.3046875 0.1390625 0.096875 0.1390625 0.0953125 0.1375 0.09375 0.1390625 0.0234375 0.1390625 0.01875 0.1375 0.01875 0.0265625 0.021875 0.025 0.3046875 0.025
3 0.3078125 0.3390625 0.309375 0.340625 0.309375 0.4234375 0.2984375 0.4265625 0.28125 0.4265625 0.2796875 0.425 0.278125 0.4265625 0.26875 0.425 0.2578125 0.4265625 0.2515625 0.425 0.25 0.4265625 0.021875 0.425 0.01875 0.4234375 0.01875 0.340625 0.0203125 0.3390625 0.1515625 0.3390625 0.153125 0.3375 0.1640625 0.340625 0.1671875 0.3390625 0.30625 0.3390625
3 0.16875 0.765625 0.171875 0.76875 0.3078125 0.76875 0.309375 0.771875 0.309375 0.853125 0.3015625 0.85625 0.178125 0.85625 0.1765625 0.8546875 0.165625 0.85625 0.1546875 0.8546875 0.153125 0.85625 0.1203125 0.85625 0.11875 0.8546875 0.115625 0.85625 0.0296875 0.85625 0.01875 0.853125 0.01875 0.7703125 0.0203125 0.76875 0.1578125 0.76875 0.159375 0.7671875 0.1640625 0.76875 0.1671875 0.7671875
3 0.1578125 0.6234375 0.159375 0.625 0.16875 0.6234375 0.1703125 0.625 0.30625 0.625 0.309375 0.628125 0.309375 0.709375 0.30625 0.7125 0.021875 0.7125 0.01875 0.709375 0.01875 0.6265625 0.0203125 0.625 0.15625 0.625
3 0.16875 0.19375 0.1703125 0.1953125 0.3078125 0.1953125 0.309375 0.196875 0.309375 0.2796875 0.30625 0.2828125 0.0234375 0.2828125 0.0203125 0.28125 0.01875 0.2796875 0.01875 0.1953125 0.1671875 0.1953125
3 0.0375 0.48125 0.0390625 0.4828125 0.0765625 0.4828125 0.078125 0.48125 0.0796875 0.4828125 0.103125 0.4828125 0.1046875 0.48125 0.1125 0.4828125 0.165625 0.4828125 0.1671875 0.48125 0.175 0.4828125 0.1765625 0.48125 0.1859375 0.4828125 0.3078125 0.4828125 0.309375 0.484375 0.309375 0.5671875 0.30625 0.56875 0.021875 0.56875 0.01875 0.5671875 0.01875 0.484375 0.0359375 0.48125
3 0.171875 0.909375 0.1859375 0.9125 0.3078125 0.9125 0.309375 0.9140625 0.309375 0.996875 0.30625 0.9984375 0.1671875 0.9984375 0.165625 0.996875 0.1609375 0.9984375 0.021875 0.9984375 0.01875 0.996875 0.01875 0.9125 0.1671875 0.9125 0.1703125 0.9109375
0 0.1640625 0.4265625 0.165625 0.4375 0.1640625 0.4703125 0.16875 0.4734375 0.165625 0.48125 0.1625 0.4796875 0.1609375 0.475 0.1640625 0.4703125 0.1625 0.428125
0 0.1625 0.140625 0.165625 0.140625 0.165625 0.184375 0.1671875 0.1859375 0.1640625 0.19375 0.1609375 0.1890625 0.1640625 0.1828125 0.1625 0.1421875
0 0.1625 0.284375 0.1640625 0.284375 0.1640625 0.3015625 0.165625 0.303125 0.165625 0.328125 0.16875 0.33125 0.1640625 0.3375 0.159375 0.33125 0.1625 0.3265625 0.1625 0.2859375
0 0.1625 0.5703125 0.165625 0.5703125 0.1640625 0.575 0.165625 0.5765625 0.165625 0.6140625 0.1671875 0.615625 0.165625 0.6234375 0.1609375 0.61875 0.1640625 0.6125 0.1625 0.571875
0 0.1625 0.7140625 0.1640625 0.7140625 0.165625 0.7234375 0.165625 0.7578125 0.1671875 0.759375 0.165625 0.7671875 0.1625 0.7671875 0.1625 0.7640625 0.159375 0.7625 0.159375 0.759375 0.1640625 0.7546875 0.1625 0.7515625 0.1640625 0.7484375 0.1625 0.715625
0 0.1640625 0.85625 0.165625 0.8953125 0.1625 0.89375 0.1640625 0.8921875 0.1625 0.8578125