2 0.3453125 0.3296875 0.465625 0.45 0.465625 0.45625 0.3421875 0.5796875 0.3390625 0.5796875 0.29375 0.5359375 0.2140625 0.4546875 0.2140625 0.4515625 0.328125 0.3359375 0.3328125 0.334375 0.3375 0.328125 0.34375 0.3296875
0 0.3390625 0.26875 0.340625 0.26875 0.340625 0.3109375 0.34375 0.315625 0.340625 0.325 0.3359375 0.31875 0.3359375 0.315625 0.3390625 0.3140625 0.3390625 0.2703125
0 0.3390625 0.1203125 0.340625 0.121875 0.340625 0.165625 0.3421875 0.1671875 0.340625 0.1765625 0.3359375 0.171875 0.3359375 0.1671875 0.3390625 0.165625 0.3390625 0.121875
0 0.509375 0.784375 0.509375 0.8171875 0.5109375 0.81875 0.509375 0.8296875 0.5140625 0.834375 0.5125 0.8390625 0.5078125 0.840625 0.50625 0.8359375 0.50625 0.83125 0.509375 0.828125 0.5078125 0.8265625 0.5078125 0.7859375
0 0.271875 0.51875 0.275 0.5203125 0.2171875 0.5796875 0.1921875 0.6109375 0.1890625 0.61875 0.18125 0.628125 0.18125 0.63125 0.1796875 0.6296875 0.1875 0.6125 0.203125 0.5921875 0.2375 0.553125 0.271875 0.5203125
0 0.4046875 0.51875 0.41875 0.5296875 0.4421875 0.553125 0.49375 0.6125 0.49375 0.615625 0.4875 0.6109375 0.4875 0.6078125 0.46875 0.5859375 0.4046875 0.5203125
0 0.5078125 0.9328125 0.509375 0.9328125 0.509375 0.9671875 0.5109375 0.9765625 0.5140625 0.98125 0.5125 0.9859375 0.509375 0.9875 0.50625 0.984375 0.5078125 0.934375
3 0.271875 0.0296875 0.2734375 0.03125 0.278125 0.0296875 0.3671875 0.0296875 0.36875 0.03125 0.375 0.0296875 0.4859375 0.0296875 0.4890625 0.0328125 0.4890625 0.1171875 0.4875 0.11875 0.3484375 0.11875 0.346875 0.1203125 0.3421875 0.11875 0.190625 0.11875 0.190625 0.03125 0.19375 0.0296875 0.2703125 0.0296875
3 0.046875 0.69375 0.0484375 0.6953125 0.053125 0.69375 0.15 0.69375 0.1515625 0.6953125 0.1640625 0.69375 0.16875 0.6953125 0.1703125 0.69375 0.28125 0.6953125 0.2828125 0.69375 0.284375 0.6953125 0.3015625 0.6953125 0.3015625 0.75625 0.0390625 0.75625 0.0375 0.7546875 0.0375 0.6953125 0.0453125 0.6953125
3 0.190625 0.178125 0.4875 0.178125 0.4890625 0.1796875 0.4890625 0.2640625 0.4859375 0.2671875 0.1921875 0.2671875 0.190625 0.265625 0.190625 0.1796875
3 0.6578125 0.6671875 0.6578125 0.7828125 0.3609375 0.7828125 0.359375 0.7796875 0.359375 0.66875 0.3609375 0.6671875 0.65625 0.6671875
3 0.359375 0.84375 0.3625 0.8421875 0.6578125 0.8421875 0.6578125 0.9296875 0.6546875 0.93125 0.628125 0.93125 0.6265625 0.9296875 0.625 0.93125 0.5109375 0.93125 0.509375 0.9296875 0.50625 0.93125 0.3625 0.93125 0.359375 0.928125 0.359375 0.8453125
4 0.17109375 0.62421875 0.0640625 0.02890625
4 0.51875 0.625 0.071875 0.0265625