1 0.15625 0.384375 0.165625 0.3859375 0.18125 0.39375 0.1921875 0.40625 0.2 0.425 0.2 0.4390625 0.1890625 0.4609375 0.1765625 0.471875 0.1609375 0.478125 0.146875 0.478125 0.1421875 0.475 0.1359375 0.475 0.1234375 0.4671875 0.1125 0.4546875 0.10625 0.4359375 0.1078125 0.41875 0.1125 0.4109375 0.1125 0.40625 0.1296875 0.390625 0.140625 0.3859375 0.1546875 0.384375
3 0.0265625 0.2375 0.278125 0.2375 0.2796875 0.240625 0.2796875 0.334375 0.2640625 0.334375 0.2625 0.3359375 0.2546875 0.334375 0.2296875 0.334375 0.228125 0.3359375 0.21875 0.334375 0.2078125 0.3359375 0.2 0.334375 0.196875 0.3359375 0.1921875 0.334375 0.178125 0.3359375 0.0453125 0.334375 0.0328125 0.3359375 0.0265625 0.334375 0.0265625 0.2390625
3 0.278125 0.1125 0.2796875 0.11875 0.2796875 0.1859375 0.2515625 0.1859375 0.25 0.1875 0.15625 0.1875 0.1546875 0.1859375 0.153125 0.1875 0.146875 0.1859375 0.0296875 0.1875 0.0265625 0.1859375 0.0265625 0.1140625 0.028125 0.1125 0.2765625 0.1125
3 0.3734375 0.1234375 0.375 0.125 0.3921875 0.125 0.39375 0.1234375 0.4 0.125 0.41875 0.125 0.4203125 0.1234375 0.43125 0.125 0.4796875 0.125 0.48125 0.1234375 0.4828125 0.125 0.5578125 0.125 0.559375 0.1265625 0.559375 0.175 0.5578125 0.1765625 0.33125 0.1765625 0.328125 0.175 0.328125 0.125 0.371875 0.1234375
4 0.27421875 0.0484375 0.11171875 0.02421875
4 0.4421875 0.07578125 0.0421875 0.02421875
0 0.1515625 0.3375 0.153125 0.3375 0.1546875 0.3484375 0.153125 0.3734375 0.15625 0.378125 0.1546875 0.3828125 0.1515625 0.3828125 0.15 0.3796875 0.153125 0.3734375 0.1515625 0.3703125 0.1515625 0.3390625
0 0.115625 0 0.11875 0.03125 0.11875 0.0578125 0.1234375 0.0875 0.128125 0.0984375 0.134375 0.1046875 0.134375 0.1109375 0.128125 0.1078125 0.128125 0.1015625 0.125 0.0984375 0.1203125 0.08125 0.115625 0.0375 0.115625 0.0015625
0 0.1515625 0.190625 0.1546875 0.1921875 0.153125 0.196875 0.15625 0.2296875 0.1546875 0.2359375 0.1515625 0.2359375 0.1484375 0.23125 0.1515625 0.2265625 0.1515625 0.1921875
0 0.2578125 0.0640625 0.2609375 0.0625 0.2625 0.0640625 0.246875 0.08125 0.221875 0.1 0.2125 0.1109375 0.20625 0.1109375 0.2078125 0.1046875 0.2125 0.1046875 0.2296875 0.0921875 0.2578125 0.065625
0 0.4359375 0.06640625 0.02578125 0.1140625