1 0.15 0.409375 0.1671875 0.4125 0.1765625 0.4203125 0.1796875 0.4203125 0.1921875 0.4359375 0.1921875 0.4421875 0.196875 0.446875 0.1953125 0.4703125 0.1875 0.48125 0.1875 0.484375 0.1765625 0.4953125 0.165625 0.4984375 0.1609375 0.503125 0.1359375 0.5015625 0.121875 0.49375 0.1109375 0.4828125 0.103125 0.4640625 0.1046875 0.4421875 0.1125 0.428125 0.1234375 0.4171875 0.1484375 0.409375
3 0.0109375 0.271875 0.2609375 0.2546875 0.2640625 0.2625 0.2640625 0.284375 0.26875 0.3296875 0.26875 0.3515625 0.2546875 0.3515625 0.2484375 0.3546875 0.228125 0.353125 0.21875 0.35625 0.20625 0.3546875 0.1984375 0.3578125 0.1890625 0.35625 0.159375 0.3609375 0.1390625 0.359375 0.1375 0.3609375 0.0734375 0.3640625 0.0703125 0.3671875 0.05 0.365625 0.0234375 0.3703125 0.0171875 0.36875 0.015625 0.3609375 0.0109375 0.2734375
3 0.00625 0.2203125 0.003125 0.1609375 0.0015625 0.159375 0.003125 0.146875 0.2171875 0.1328125 0.21875 0.13125 0.240625 0.13125 0.2421875 0.1296875 0.253125 0.1296875 0.2546875 0.1359375 0.259375 0.203125 0.23125 0.2046875 0.221875 0.2078125 0.15625 0.2109375 0.1546875 0.2125 0.1359375 0.2125 0.134375 0.2109375 0.13125 0.2140625 0.1109375 0.2125 0.0875 0.2171875 0.04375 0.21875 0.0203125 0.221875 0.0078125 0.2203125
3 0.5328125 0.1234375 0.5375 0.1640625 0.5375 0.171875 0.534375 0.175 0.4453125 0.1796875 0.44375 0.18125 0.35625 0.1859375 0.3109375 0.190625 0.30625 0.1875 0.303125 0.1390625 0.3296875 0.1375 0.3421875 0.134375 0.353125 0.1359375 0.36875 0.1328125 0.375 0.134375 0.3765625 0.1328125 0.39375 0.1328125 0.3984375 0.1296875 0.41875 0.13125 0.45625 0.1265625 0.4640625 0.128125 0.4875 0.125 0.53125 0.1234375
4 0.24296875 0.065625 0.1125 0.03125
4 0.4125 0.08046875 0.04375 0.0265625
0 0.1421875 0.3625 0.14375 0.3625 0.14375 0.371875 0.146875 0.3796875 0.1453125 0.3984375 0.15 0.403125 0.1484375 0.4078125 0.1453125 0.4078125 0.14375 0.4046875 0.1453125 0.396875 0.1421875 0.3640625
0 0.0828125 0.0296875 0.0859375 0.0578125 0.0890625 0.0671875 0.0890625 0.0859375 0.09375 0.096875 0.09375 0.10625 0.1015625 0.1265625 0.109375 0.134375 0.109375 0.1375 0.10625 0.1390625 0.103125 0.1359375 0.096875 0.121875 0.096875 0.115625 0.0921875 0.109375 0.0921875 0.0984375 0.0875 0.0890625 0.0875 0.06875 0.084375 0.065625 0.0828125 0.03125
0 0.1328125 0.215625 0.134375 0.2171875 0.1328125 0.221875 0.1359375 0.225 0.1359375 0.24375 0.1390625 0.2546875 0.1375 0.2609375 0.13125 0.2578125 0.134375 0.2515625 0.13125 0.2171875
0 0.228125 0.0828125 0.23125 0.08125 0.2328125 0.0828125 0.225 0.09375 0.1875 0.1296875 0.1875 0.1328125 0.1796875 0.13125 0.18125 0.1265625 0.1859375 0.1265625 0.203125 0.1125 0.228125 0.084375
0 0.40546875 0.071875 0.034375 0.115625