2 0.315625 0.1453125 0.325 0.1515625 0.33125 0.1609375 0.35 0.1796875 0.353125 0.1859375 0.3796875 0.2125 0.38125 0.2171875 0.396875 0.23125 0.409375 0.2484375 0.4234375 0.2609375 0.4265625 0.2671875 0.4421875 0.284375 0.4421875 0.2875 0.421875 0.30625 0.41875 0.30625 0.403125 0.3234375 0.390625 0.334375 0.3859375 0.3359375 0.3734375 0.35 0.3671875 0.353125 0.328125 0.390625 0.325 0.390625 0.3109375 0.40625 0.30625 0.409375 0.3015625 0.409375 0.2859375 0.3953125 0.1765625 0.271875 0.184375 0.2625 0.1953125 0.2546875 0.3140625 0.146875
2 0.4 0.49375 0.4125 0.5046875 0.528125 0.6328125 0.5359375 0.6421875 0.5359375 0.646875 0.3875 0.78125 0.3828125 0.78125 0.33125 0.725 0.3234375 0.715625 0.3234375 0.7125 0.30625 0.696875 0.290625 0.6765625 0.2671875 0.653125 0.2640625 0.646875 0.25 0.634375 0.2484375 0.628125 0.39375 0.496875 0.3984375 0.4953125
0 0.2828125 0.7578125 0.3109375 0.7296875 0.3125 0.725 0.3203125 0.7171875 0.3234375 0.71875 0.309375 0.7328125 0.30625 0.7390625 0.2890625 0.7546875 0.2875 0.759375 0.2828125 0.7625 0.2765625 0.771875 0.2703125 0.7765625 0.2703125 0.771875 0.2828125 0.759375
0 0.2328125 0.3421875 0.2359375 0.3421875 0.2265625 0.3515625 0.2140625 0.3625 0.209375 0.3640625 0.1953125 0.3796875 0.175 0.396875 0.1734375 0.4015625 0.15 0.4296875 0.1484375 0.4359375 0.1390625 0.4484375 0.1390625 0.453125 0.13125 0.46875 0.13125 0.475 0.1234375 0.490625 0.1234375 0.5015625 0.1203125 0.50625 0.1203125 0.51875 0.115625 0.5359375 0.115625 0.55625 0.1109375 0.575 0.109375 0.609375 0.10625 0.5953125 0.109375 0.5921875 0.109375 0.5640625 0.1125 0.559375 0.1125 0.534375 0.115625 0.5296875 0.115625 0.5125 0.1203125 0.503125 0.1203125 0.49375 0.1234375 0.4890625 0.125 0.475 0.1296875 0.46875 0.134375 0.4515625 0.1515625 0.421875 0.1546875 0.4203125 0.159375 0.4109375 0.171875 0.3984375 0.1765625 0.390625 0.1828125 0.3875 0.1859375 0.38125 0.1921875 0.378125 0.2015625 0.3671875 0.23125 0.34375
0 0.35625 0.3671875 0.3625 0.375 0.3640625 0.3828125 0.3703125 0.390625 0.378125 0.409375 0.38125 0.4109375 0.38125 0.4171875 0.3796875 0.415625 0.35625 0.36875
0 0.1296875 0.9203125 0.13125 0.9203125 0.1296875 0.925 0.13125 0.9359375 0.1296875 0.959375 0.13125 0.9625 0.128125 0.9671875 0.125 0.9640625 0.128125 0.9515625 0.128125 0.9234375 0.1296875 0.921875
0 0.3171875 0.096875 0.31875 0.096875 0.3203125 0.1046875 0.31875 0.109375 0.3203125 0.140625 0.315625 0.14375 0.3140625 0.1359375 0.3171875 0.1203125 0.3171875 0.0984375
0 0.415625 0.759375 0.4203125 0.7765625 0.4203125 0.790625 0.4234375 0.796875 0.425 0.809375 0.4234375 0.8109375 0.421875 0.8078125 0.4203125 0.7875 0.4171875 0.7828125 0.41875 0.778125 0.4140625 0.7609375
4 0.259375 0.7875 0.11875 0.028125
4 0.425 0.821875 0.0453125 0.021875
4 0.11015625 0.62109375 0.0375 0.025
4 0.3890625 0.42890625 0.028125 0.01875
3 0.028125 0.8375 0.0296875 0.8390625 0.259375 0.85 0.2609375 0.8640625 0.2578125 0.8859375 0.259375 0.896875 0.25625 0.9 0.2578125 0.9015625 0.2578125 0.921875 0.2359375 0.925 0.234375 0.9234375 0.20625 0.9234375 0.175 0.9203125 0.1453125 0.9203125 0.1328125 0.9171875 0.121875 0.91875 0.1140625 0.915625 0.0859375 0.9171875 0.0828125 0.9140625 0.05625 0.915625 0.0546875 0.9140625 0.03125 0.9140625 0.025 0.9109375 0.009375 0.9109375 0.0078125 0.9125 0.0046875 0.9109375 0.0078125 0.8390625 0.009375 0.8375 0.0265625 0.8375
3 0.196875 0.0125 0.4484375 0.0265625 0.446875 0.0875 0.44375 0.1 0.4359375 0.1015625 0.434375 0.1 0.3765625 0.0984375 0.3546875 0.0953125 0.3484375 0.096875 0.3453125 0.09375 0.3203125 0.0953125 0.315625 0.0921875 0.2875 0.09375 0.2859375 0.0921875 0.2578125 0.0921875 0.240625 0.0890625 0.23125 0.090625 0.2296875 0.0890625 0.196875 0.0875 0.19375 0.0859375 0.196875 0.0140625
3 0.309375 0.865625 0.3265625 0.8640625 0.328125 0.865625 0.3515625 0.865625 0.3578125 0.86875 0.3734375 0.86875 0.375 0.8671875 0.415625 0.86875 0.4203125 0.871875 0.4453125 0.8703125 0.446875 0.871875 0.46875 0.871875 0.48125 0.875 0.4828125 0.8734375 0.5046875 0.8734375 0.5078125 0.8765625 0.534375 0.875 0.5390625 0.878125 0.5375 0.925 0.534375 0.928125 0.5046875 0.928125 0.503125 0.9265625 0.309375 0.9171875 0.30625 0.915625 0.3078125 0.86875 0.309375 0.8671875