4 0.20546875 0.15390625 0.22578125 0.025
3 0.340625 0.3140625 0.3421875 0.315625 0.3421875 0.396875 0.3390625 0.3984375 0.3125 0.3984375 0.3109375 0.396875 0.3046875 0.3984375 0.3015625 0.396875 0.2796875 0.396875 0.278125 0.3984375 0.2703125 0.396875 0.2671875 0.3984375 0.2515625 0.3984375 0.25 0.396875 0.1953125 0.396875 0.19375 0.3984375 0.1890625 0.396875 0.1875 0.3984375 0.096875 0.396875 0.0921875 0.3984375 0.0828125 0.396875 0.08125 0.3984375 0.0625 0.3953125 0.0625 0.3171875 0.065625 0.3140625 0.3390625 0.3140625
3 0.0734375 0.0828125 0.0734375 0.028125 0.075 0.0265625 0.3328125 0.0265625 0.3328125 0.0828125 0.33125 0.084375 0.203125 0.084375 0.2015625 0.0828125 0.2 0.084375 0.0765625 0.084375 0.075 0.0828125
3 0.18125 0.4515625 0.1828125 0.453125 0.1984375 0.4515625 0.228125 0.4515625 0.2296875 0.453125 0.2609375 0.453125 0.2625 0.4515625 0.3296875 0.453125 0.3375 0.4515625 0.3421875 0.453125 0.3421875 0.5359375 0.0640625 0.5359375 0.0625 0.534375 0.0625 0.5046875 0.0640625 0.503125 0.0625 0.453125 0.065625 0.4515625 0.1265625 0.4515625 0.128125 0.453125 0.1328125 0.4515625 0.1359375 0.453125 0.1765625 0.453125 0.1796875 0.4515625
3 0.1109375 0.175 0.1125 0.1765625 0.1140625 0.175 0.1234375 0.1765625 0.1328125 0.175 0.3328125 0.1765625 0.334375 0.175 0.3421875 0.1765625 0.3421875 0.259375 0.0640625 0.259375 0.0625 0.2578125 0.0625 0.21875 0.0640625 0.2171875 0.0625 0.178125 0.065625 0.175 0.08125 0.1765625 0.109375 0.175
0 0.1859375 0.6125 0.02265625 0.08984375
0 0.22109375 0.6125 0.02265625 0.08515625
4 0.22265625 0.61484375 0.04609375 0.01875
2 0.2125 0.6625 0.3203125 0.771875 0.325 0.7734375 0.3328125 0.78125 0.334375 0.790625 0.20625 0.91875 0.2015625 0.91875 0.071875 0.7875 0.2015625 0.65625 0.20625 0.65625 0.2109375 0.6625
4 0.20390625 0.95859375 0.046875 0.021875
0 0.20390625 0.95859375 0.0171875 0.0828125
0 0.203125 0.1078125 0.02265625 0.0546875