0 0.2015625 0.1609375 0.2015625 0.190625 0.2046875 0.209375 0.203125 0.215625 0.2 0.1921875 0.2 0.1625
0 0.20625 0.309375 0.2078125 0.35625 0.209375 0.365625 0.2125 0.36875 0.2125 0.3765625 0.209375 0.378125 0.203125 0.3703125 0.2078125 0.3640625 0.2046875 0.3109375
0 0.2109375 0.4921875 0.2125 0.4921875 0.2125 0.5046875 0.215625 0.5109375 0.2140625 0.51875 0.215625 0.5453125 0.2125 0.54375 0.2109375 0.49375
0 0.2171875 0.675 0.2203125 0.675 0.21875 0.68125 0.221875 0.684375 0.2203125 0.6890625 0.221875 0.728125 0.2265625 0.734375 0.2234375 0.74375 0.2203125 0.7421875 0.2171875 0.7359375 0.2203125 0.73125 0.2171875 0.6765625
0 0.2234375 0.8234375 0.225 0.8234375 0.2265625 0.878125 0.23125 0.88125 0.228125 0.8921875 0.225 0.8921875 0.221875 0.884375 0.221875 0.88125 0.2265625 0.878125 0.2234375 0.8640625 0.2234375 0.825
3 0.340625 0.375 0.3421875 0.3765625 0.3640625 0.3734375 0.39375 0.375 0.3953125 0.45625 0.396875 0.4578125 0.396875 0.4828125 0.39375 0.484375 0.3234375 0.4859375 0.321875 0.4875 0.278125 0.4859375 0.2671875 0.4890625 0.234375 0.4890625 0.2328125 0.4875 0.225 0.490625 0.19375 0.4890625 0.1875 0.4921875 0.14375 0.490625 0.134375 0.49375 0.1125 0.4921875 0.096875 0.4953125 0.08125 0.4953125 0.0796875 0.49375 0.028125 0.4953125 0.0265625 0.4921875 0.028125 0.4828125 0.0265625 0.478125 0.028125 0.475 0.0265625 0.425 0.025 0.4234375 0.0265625 0.4203125 0.0234375 0.4125 0.025 0.3875 0.0515625 0.384375 0.09375 0.384375 0.0953125 0.3828125 0.1390625 0.3828125 0.140625 0.38125 0.159375 0.3828125 0.2 0.378125 0.2046875 0.378125 0.209375 0.38125 0.2140625 0.378125 0.215625 0.3796875 0.2296875 0.378125 0.265625 0.3796875 0.275 0.3765625 0.3140625 0.378125 0.3203125 0.375 0.3265625 0.3765625 0.3390625 0.375
3 0.3796875 0.0421875 0.384375 0.0546875 0.3828125 0.0984375 0.3875 0.1453125 0.384375 0.153125 0.09375 0.1625 0.0921875 0.1640625 0.0484375 0.1640625 0.046875 0.165625 0.01875 0.165625 0.015625 0.1625 0.0140625 0.1515625 0.015625 0.1078125 0.0125 0.1015625 0.0125 0.0625 0.0109375 0.0609375 0.0140625 0.0546875 0.04375 0.0546875 0.0453125 0.053125 0.059375 0.0546875 0.090625 0.0515625 0.1328125 0.0515625 0.134375 0.05 0.14375 0.0515625 0.1453125 0.05 0.178125 0.05 0.1796875 0.0484375 0.2234375 0.0484375 0.225 0.046875 0.2515625 0.046875 0.253125 0.0484375 0.26875 0.0453125 0.378125 0.0421875
3 0.021875 0.2375 0.18125 0.2328125 0.1921875 0.2296875 0.2265625 0.23125 0.228125 0.2296875 0.384375 0.225 0.3875 0.234375 0.3875 0.278125 0.3890625 0.2796875 0.3890625 0.3 0.3875 0.3015625 0.0265625 0.3140625 0.0234375 0.3125 0.021875 0.2421875 0.0203125 0.240625 0.021875 0.2390625
3 0.3984375 0.55625 0.4 0.5578125 0.4015625 0.6359375 0.403125 0.6375 0.403125 0.665625 0.4015625 0.6671875 0.2359375 0.671875 0.234375 0.6734375 0.1984375 0.671875 0.190625 0.675 0.165625 0.6734375 0.1453125 0.6765625 0.1015625 0.6765625 0.1 0.678125 0.06875 0.678125 0.065625 0.6765625 0.05625 0.6796875 0.0390625 0.6796875 0.034375 0.678125 0.0328125 0.675 0.034375 0.659375 0.0328125 0.60625 0.0296875 0.5984375 0.03125 0.596875 0.0296875 0.5765625 0.0328125 0.56875 0.096875 0.5671875 0.0984375 0.565625 0.1078125 0.5671875 0.140625 0.565625 0.1421875 0.5671875 0.15625 0.5640625 0.1703125 0.565625 0.1890625 0.5625 0.20625 0.5640625 0.209375 0.5609375 0.2125 0.5625 0.275 0.5609375 0.2765625 0.5625 0.3 0.559375 0.3203125 0.5609375 0.3234375 0.5578125 0.396875 0.55625
3 0.23125 0.74375 0.234375 0.7453125 0.2359375 0.74375 0.403125 0.7390625 0.4046875 0.74375 0.403125 0.7546875 0.40625 0.771875 0.40625 0.8109375 0.403125 0.815625 0.0609375 0.8265625 0.059375 0.828125 0.0453125 0.828125 0.0421875 0.821875 0.040625 0.7515625 0.190625 0.746875 0.1921875 0.7453125 0.2296875 0.74375
3 0.4109375 0.8875 0.4140625 0.9859375 0.415625 0.9875 0.415625 0.9953125 0.4125 0.9984375 0.04375 0.9984375 0.0453125 0.9578125 0.040625 0.9109375 0.0421875 0.9 0.0578125 0.9 0.059375 0.8984375 0.409375 0.8875