3 0.5703125 0.815625 0.58125 0.8265625 0.5828125 0.9046875 0.5796875 0.90625 0.4171875 0.9078125 0.415625 0.909375 0.409375 0.9078125 0.4078125 0.909375 0.328125 0.909375 0.3265625 0.9109375 0.2921875 0.9109375 0.2890625 0.909375 0.2875 0.8203125 0.4125 0.81875 0.4140625 0.8171875 0.4484375 0.8171875 0.45 0.815625 0.4734375 0.815625 0.475 0.8171875 0.5578125 0.815625 0.559375 0.8140625 0.56875 0.815625
3 0.98125 0.471875 0.990625 0.4796875 0.99375 0.4953125 0.99375 0.521875 0.9921875 0.5234375 0.99375 0.559375 0.990625 0.5640625 0.771875 0.5671875 0.7703125 0.56875 0.703125 0.56875 0.7 0.565625 0.7 0.5015625 0.6984375 0.5 0.6984375 0.478125 0.7 0.4765625 0.9796875 0.471875
3 0.7453125 0.69609375 0.2859375 0.1484375
1 0.834375 0.8640625 0.8484375 0.859375 0.8640625 0.8609375 0.8734375 0.8703125 0.8765625 0.878125 0.8765625 0.8890625 0.8734375 0.896875 0.8625 0.9078125 0.846875 0.909375 0.8375 0.90625 0.828125 0.8953125 0.8265625 0.878125 0.834375 0.865625
1 0.65 0.171875 0.6609375 0.1734375 0.6625 0.1765625 0.6671875 0.178125 0.6734375 0.1875 0.675 0.2 0.66875 0.2140625 0.6578125 0.221875 0.6421875 0.221875 0.628125 0.2109375 0.625 0.1953125 0.6296875 0.18125 0.6390625 0.1734375 0.6484375 0.1734375
1 0.828125 0.065625 0.8421875 0.0734375 0.846875 0.084375 0.8453125 0.1015625 0.8375 0.1109375 0.828125 0.115625 0.8109375 0.1140625 0.80625 0.1109375 0.8015625 0.10625 0.796875 0.09375 0.7984375 0.0796875 0.8078125 0.06875 0.815625 0.065625 0.8265625 0.065625
1 0.6296875 0.06875 0.6421875 0.0765625 0.646875 0.084375 0.6484375 0.096875 0.640625 0.1125 0.6328125 0.1171875 0.6234375 0.11875 0.6140625 0.1171875 0.603125 0.109375 0.5984375 0.1015625 0.5984375 0.0859375 0.603125 0.0765625 0.6140625 0.06875 0.628125 0.06875
1 0.8296875 0.196875 0.840625 0.2015625 0.8484375 0.2125 0.846875 0.234375 0.83125 0.246875 0.8203125 0.246875 0.8125 0.24375 0.8015625 0.2328125 0.7984375 0.2265625 0.8 0.209375 0.8125 0.1984375 0.828125 0.196875
1 0.6984375 0.83125 0.70625 0.834375 0.7140625 0.8421875 0.715625 0.8515625 0.71875 0.85625 0.715625 0.8703125 0.709375 0.8765625 0.7 0.88125 0.6796875 0.8796875 0.671875 0.871875 0.6671875 0.8578125 0.66875 0.846875 0.678125 0.8359375 0.6859375 0.83125 0.696875 0.83125
1 0.6859375 0.9484375 0.6953125 0.953125 0.7015625 0.959375 0.70625 0.96875 0.70625 0.978125 0.703125 0.9859375 0.6953125 0.99375 0.684375 0.996875 0.66875 0.996875 0.6578125 0.9875 0.65625 0.9828125 0.65625 0.9671875 0.6640625 0.953125 0.684375 0.9484375
0 0.73359375 0.87578125 0.0546875 0.2109375
0 0.5359375 0.75078125 0.159375 0.1140625
0 0.67578125 0.571875 0.046875 0.1125
0 0.7609375 0.11640625 0.071875 0.19375
0 0.696875 0.109375 0.0390625 0.1765625
0 0.6203125 0.0421875 0.0203125 0.0453125
0 0.6921875 0.8 0.0234375 0.0578125
0 0.8078125 0.82578125 0.0296875 0.125
4 0.69375 0.90859375 0.221875 0.053125
4 0.85390625 0.92734375 0.215625 0.034375
4 0.83125 0.2765625 0.21875 0.0515625
4 0.640625 0.25078125 0.246875 0.04375
4 0.61796875 0.13515625 0.19375 0.021875
4 0.8265625 0.1421875 0.171875 0.0453125