3 0.28125 0.815625 0.4421875 0.815625 0.44375 0.8140625 0.5515625 0.815625 0.5609375 0.8140625 0.5671875 0.8171875 0.575 0.8265625 0.575 0.9046875 0.571875 0.90625 0.40625 0.90625 0.4046875 0.9046875 0.4 0.90625 0.284375 0.90625 0.28125 0.9046875 0.28125 0.8171875
3 0.98125 0.4796875 0.990625 0.4875 0.9921875 0.4953125 0.9921875 0.5296875 0.990625 0.53125 0.9921875 0.5671875 0.9890625 0.571875 0.7015625 0.571875 0.6984375 0.56875 0.6984375 0.48125 0.7 0.4796875 0.9796875 0.4796875
3 0.7421875 0.7 0.28359375 0.14296875
1 0.8453125 0.8640625 0.8578125 0.8671875 0.865625 0.875 0.86875 0.8828125 0.86875 0.8953125 0.865625 0.903125 0.8578125 0.9109375 0.8484375 0.9140625 0.8390625 0.9140625 0.8296875 0.9109375 0.8203125 0.9 0.81875 0.89375 0.81875 0.8828125 0.8234375 0.8734375 0.834375 0.865625 0.84375 0.8640625
1 0.6546875 0.1734375 0.665625 0.175 0.6671875 0.178125 0.671875 0.1796875 0.678125 0.1890625 0.6796875 0.2015625 0.6734375 0.215625 0.6625 0.2234375 0.646875 0.2234375 0.6328125 0.2125 0.6296875 0.196875 0.634375 0.1828125 0.64375 0.175 0.653125 0.175
1 0.834375 0.0703125 0.8484375 0.078125 0.853125 0.0890625 0.8515625 0.10625 0.84375 0.115625 0.834375 0.1203125 0.8171875 0.11875 0.8125 0.115625 0.8078125 0.1109375 0.803125 0.0984375 0.8046875 0.084375 0.8140625 0.0734375 0.821875 0.0703125 0.8328125 0.0703125
1 0.6359375 0.0703125 0.6484375 0.078125 0.653125 0.0859375 0.6546875 0.0984375 0.646875 0.1140625 0.6390625 0.11875 0.6296875 0.1203125 0.6203125 0.11875 0.609375 0.1109375 0.6046875 0.103125 0.6046875 0.0875 0.609375 0.078125 0.6203125 0.0703125 0.634375 0.0703125
1 0.834375 0.2015625 0.8453125 0.20625 0.853125 0.21875 0.853125 0.2328125 0.85 0.240625 0.84375 0.246875 0.834375 0.2515625 0.8234375 0.2515625 0.815625 0.2484375 0.8046875 0.2359375 0.803125 0.23125 0.8046875 0.2140625 0.8171875 0.203125 0.8328125 0.2015625
1 0.7 0.8375 0.7078125 0.8453125 0.7109375 0.8625 0.7078125 0.8734375 0.7015625 0.8796875 0.6921875 0.884375 0.6796875 0.884375 0.671875 0.88125 0.6640625 0.8734375 0.6609375 0.8640625 0.6609375 0.8546875 0.6640625 0.8453125 0.678125 0.834375 0.6921875 0.834375 0.6984375 0.8375
1 0.6875 0.95625 0.6921875 0.9609375 0.696875 0.971875 0.696875 0.98125 0.69375 0.9890625 0.6828125 0.9984375 0.65625 0.996875 0.6484375 0.9890625 0.646875 0.96875 0.6515625 0.959375 0.65625 0.9546875 0.6640625 0.9515625 0.678125 0.9515625 0.6859375 0.95625
0 0.72734375 0.8796875 0.05078125 0.209375
0 0.53125 0.7515625 0.1578125 0.11171875
0 0.67421875 0.575 0.04453125 0.1125
0 0.76796875 0.12109375 0.06796875 0.1921875
0 0.70390625 0.1125 0.0359375 0.1765625
0 0.628125 0.04453125 0.01875 0.0453125
0 0.68671875 0.803125 0.02265625 0.0578125
0 0.80234375 0.83125 0.028125 0.12421875
4 0.68671875 0.91171875 0.22109375 0.04921875
4 0.84609375 0.93359375 0.215625 0.03125
4 0.83515625 0.28203125 0.21796875 0.0484375
4 0.6453125 0.253125 0.24609375 0.0390625
4 0.62421875 0.1375 0.19375 0.01796875
4 0.8328125 0.14765625 0.171875 0.04296875