1 0.946875 0.284375 0.9578125 0.2890625 0.9671875 0.303125 0.965625 0.321875 0.9578125 0.33125 0.9515625 0.334375 0.934375 0.334375 0.925 0.3296875 0.9171875 0.3109375 0.91875 0.3 0.928125 0.2890625 0.9375 0.284375 0.9453125 0.284375
1 0.7203125 0.4140625 0.7359375 0.425 0.7390625 0.4296875 0.740625 0.44375 0.7359375 0.4546875 0.728125 0.4625 0.71875 0.465625 0.703125 0.4625 0.6953125 0.45625 0.690625 0.446875 0.690625 0.4328125 0.6953125 0.4234375 0.703125 0.4171875 0.7109375 0.4140625 0.71875 0.4140625
1 0.9453125 0.4296875 0.959375 0.4359375 0.9671875 0.446875 0.965625 0.4671875 0.959375 0.475 0.9484375 0.48125 0.9375 0.48125 0.9265625 0.475 0.921875 0.4703125 0.9171875 0.459375 0.9171875 0.45 0.921875 0.440625 0.93125 0.4328125 0.94375 0.4296875
1 0.2390625 0.41875 0.246875 0.425 0.2515625 0.4328125 0.2515625 0.4484375 0.2484375 0.4546875 0.234375 0.465625 0.21875 0.465625 0.209375 0.459375 0.203125 0.45 0.2015625 0.4375 0.203125 0.4296875 0.2109375 0.4203125 0.2234375 0.415625 0.23125 0.415625 0.2375 0.41875
1 0.2375 0.2875 0.2484375 0.296875 0.2515625 0.3046875 0.2515625 0.31875 0.240625 0.3328125 0.2296875 0.3359375 0.2234375 0.3359375 0.2109375 0.33125 0.203125 0.321875 0.2015625 0.3109375 0.203125 0.3 0.2125 0.2890625 0.2234375 0.2859375 0.2359375 0.2875
1 0.7203125 0.2859375 0.73125 0.290625 0.7359375 0.2953125 0.7390625 0.3015625 0.740625 0.3140625 0.7390625 0.321875 0.7296875 0.3328125 0.7171875 0.3359375 0.7046875 0.334375 0.69375 0.325 0.690625 0.31875 0.690625 0.303125 0.7015625 0.2890625 0.715625 0.284375 0.71875 0.2859375
1 0.4703125 0.4203125 0.4734375 0.421875 0.478125 0.43125 0.4796875 0.4375 0.478125 0.45 0.4703125 0.459375 0.4578125 0.465625 0.4421875 0.4625 0.4328125 0.4546875 0.4296875 0.4484375 0.4296875 0.4328125 0.4328125 0.425 0.4375 0.4203125 0.45 0.4140625 0.4578125 0.4140625 0.4671875 0.4171875 0.46875 0.4203125
1 0.4609375 0.2859375 0.4703125 0.2890625 0.478125 0.3 0.478125 0.3203125 0.4671875 0.3328125 0.4625 0.334375 0.4421875 0.3328125 0.4375 0.3296875 0.4296875 0.3171875 0.4296875 0.303125 0.4359375 0.2921875 0.45 0.284375 0.459375 0.2859375
4 0.2296875 0.4953125 0.22265625 0.0515625
4 0.45546875 0.49375 0.20859375 0.0484375
4 0.22890625 0.3640625 0.17265625 0.04609375
4 0.45625 0.35234375 0.196875 0.028125
4 0.70625 0.36484375 0.1875 0.0390625
4 0.71328125 0.49296875 0.23359375 0.0453125
3 0.30625 0.096875 0.3078125 0.0984375 0.3234375 0.096875 0.3265625 0.0984375 0.3734375 0.0984375 0.375 0.096875 0.3796875 0.0984375 0.3875 0.096875 0.3890625 0.0984375 0.39375 0.096875 0.3953125 0.0984375 0.43125 0.0984375 0.4328125 0.096875 0.44375 0.0984375 0.446875 0.096875 0.4484375 0.0984375 0.4703125 0.0984375 0.4734375 0.1015625 0.475 0.125 0.478125 0.1328125 0.478125 0.146875 0.48125 0.1546875 0.48125 0.18125 0.478125 0.1875 0.4734375 0.234375 0.440625 0.2359375 0.4390625 0.2375 0.428125 0.2359375 0.4125 0.2375 0.396875 0.2375 0.3953125 0.2359375 0.3796875 0.2359375 0.378125 0.2375 0.2953125 0.2375 0.29375 0.2359375 0.2921875 0.2375 0.2421875 0.2375 0.240625 0.2359375 0.2046875 0.2375 0.2015625 0.2359375 0.203125 0.2125 0.20625 0.2046875 0.20625 0.1875 0.2109375 0.1703125 0.209375 0.15 0.20625 0.1453125 0.20625 0.1296875 0.203125 0.1234375 0.2015625 0.1 0.203125 0.0984375 0.2953125 0.0984375 0.3046875 0.096875
3 0.703125 0.096875 0.7046875 0.0984375 0.7203125 0.0984375 0.721875 0.096875 0.7546875 0.096875 0.75625 0.0984375 0.765625 0.096875 0.78125 0.0984375 0.871875 0.0984375 0.8734375 0.096875 0.875 0.0984375 0.934375 0.0984375 0.94375 0.096875 0.9453125 0.0984375 0.9609375 0.0984375 0.965625 0.1109375 0.9671875 0.1375 0.9703125 0.1421875 0.9703125 0.1578125 0.971875 0.159375 0.9703125 0.1921875 0.9671875 0.1984375 0.9625 0.2359375 0.959375 0.2375 0.9453125 0.2359375 0.9390625 0.2390625 0.909375 0.2359375 0.88125 0.2359375 0.8796875 0.2375 0.859375 0.2359375 0.85625 0.2390625 0.825 0.2359375 0.8015625 0.2390625 0.7765625 0.2359375 0.765625 0.2375 0.75 0.2375 0.7484375 0.2359375 0.6953125 0.2375 0.6921875 0.2359375 0.6953125 0.2015625 0.6984375 0.19375 0.6984375 0.175 0.7015625 0.16875 0.6984375 0.1546875 0.6984375 0.140625 0.6953125 0.1328125 0.6921875 0.0984375 0.7015625 0.096875
0 0.45625 0.240625 0.4625 0.2453125 0.4625 0.2484375 0.4578125 0.25 0.4578125 0.28125 0.45625 0.2828125 0.453125 0.2796875 0.4546875 0.278125 0.4546875 0.2546875 0.453125 0.25 0.4484375 0.2484375 0.4546875 0.2421875
0 0.2828125 0.240625 0.2890625 0.2453125 0.2890625 0.2484375 0.2859375 0.25 0.2859375 0.4390625 0.284375 0.4421875 0.2828125 0.44375 0.278125 0.4421875 0.2609375 0.44375 0.259375 0.4421875 0.2609375 0.440625 0.2765625 0.440625 0.28125 0.4375 0.28125 0.25 0.278125 0.246875 0.28125 0.2421875
0 0.228125 0.240625 0.2328125 0.2453125 0.2296875 0.2515625 0.228125 0.2828125 0.2265625 0.2828125 0.2265625 0.25 0.221875 0.2484375 0.221875 0.2453125 0.2265625 0.2421875
0 0.940625 0.2421875 0.946875 0.2421875 0.95 0.2453125 0.95 0.2484375 0.9453125 0.253125 0.9453125 0.2796875 0.9421875 0.28125 0.9421875 0.2515625 0.9359375 0.2484375 0.940625 0.24375
0 0.7140625 0.2421875 0.71875 0.2421875 0.7234375 0.2453125 0.7234375 0.2484375 0.7171875 0.2515625 0.7171875 0.28125 0.7140625 0.2796875 0.7140625 0.25 0.7109375 0.2484375 0.7109375 0.2453125 0.7140625 0.24375
0 0.59140625 0.16484375 0.21640625 0.0265625
0 0.77734375 0.34296875 0.07109375 0.2109375
0 0.88359375 0.35234375 0.06484375 0.225