1 0.990625 0.2890625 0.9984375 0.296875 0.9984375 0.321875 0.996875 0.3265625 0.990625 0.3328125 0.978125 0.3359375 0.9609375 0.33125 0.953125 0.321875 0.9515625 0.3109375 0.953125 0.3 0.9625 0.2890625 0.971875 0.2875 0.9765625 0.284375 0.9890625 0.2890625
1 0.9890625 0.41875 0.9984375 0.428125 0.9984375 0.4515625 0.996875 0.45625 0.984375 0.465625 0.96875 0.465625 0.959375 0.459375 0.953125 0.4515625 0.9515625 0.4375 0.953125 0.4296875 0.9609375 0.4203125 0.9734375 0.415625 0.98125 0.415625 0.9875 0.41875
1 0.1046875 0.865625 0.115625 0.875 0.11875 0.8828125 0.11875 0.896875 0.115625 0.903125 0.10625 0.9125 0.1 0.9140625 0.0890625 0.9140625 0.0796875 0.9109375 0.0703125 0.9 0.06875 0.8828125 0.078125 0.86875 0.09375 0.8640625 0.103125 0.865625
1 0.084375 0.0703125 0.0984375 0.078125 0.103125 0.0875 0.103125 0.103125 0.1 0.109375 0.090625 0.11875 0.084375 0.1203125 0.075 0.1203125 0.0625 0.115625 0.0578125 0.1109375 0.053125 0.0984375 0.0546875 0.084375 0.0625 0.075 0.071875 0.0703125 0.0828125 0.0703125
1 0.6078125 0.3125 0.6140625 0.315625 0.6234375 0.3265625 0.6234375 0.3484375 0.615625 0.3578125 0.60625 0.3625 0.59375 0.3625 0.584375 0.3578125 0.5765625 0.3484375 0.575 0.340625 0.578125 0.3234375 0.5859375 0.315625 0.5921875 0.3125 0.60625 0.3125
1 0.4 0.3125 0.4078125 0.3171875 0.415625 0.3265625 0.4171875 0.3421875 0.4125 0.353125 0.403125 0.3609375 0.396875 0.3625 0.38125 0.3609375 0.371875 0.353125 0.3671875 0.3453125 0.3671875 0.3296875 0.378125 0.315625 0.3921875 0.3109375 0.3984375 0.3125
1 0.0828125 0.2015625 0.0953125 0.20625 0.103125 0.21875 0.103125 0.2328125 0.1 0.240625 0.0921875 0.2484375 0.084375 0.2515625 0.0734375 0.2515625 0.065625 0.2484375 0.0578125 0.240625 0.053125 0.2296875 0.0546875 0.2140625 0.0671875 0.203125 0.08125 0.2015625
0 0.39140625 0.275 0.028125 0.078125
0 0.60078125 0.27421875 0.02734375 0.06796875
0 0.0515625 0.8375 0.03125 0.128125
0 0.80625 0.1671875 0.30078125 0.01953125
3 0.5140625 0.16875 0.2875 0.1515625