1 0.965625 0.259375 0.9796875 0.2640625 0.9875 0.271875 0.9890625 0.2953125 0.984375 0.3046875 0.9765625 0.309375 0.9640625 0.3109375 0.9515625 0.3078125 0.94375 0.2984375 0.940625 0.2875 0.9421875 0.2765625 0.9453125 0.275 0.95 0.265625 0.9640625 0.2609375
1 0.984375 0.39375 0.990625 0.396875 0.99375 0.4015625 0.9953125 0.425 0.9921875 0.4328125 0.98125 0.440625 0.965625 0.440625 0.9546875 0.434375 0.95 0.428125 0.946875 0.4140625 0.9515625 0.4015625 0.9625 0.3921875 0.9765625 0.390625 0.9828125 0.39375
1 0.1140625 0.884375 0.125 0.8859375 0.1359375 0.8953125 0.140625 0.9125 0.1359375 0.925 0.128125 0.9328125 0.1046875 0.934375 0.0921875 0.921875 0.0890625 0.9140625 0.090625 0.9 0.103125 0.8875 0.1125 0.8859375
1 0.0625 0.0921875 0.0765625 0.1 0.0828125 0.109375 0.0828125 0.125 0.071875 0.140625 0.0578125 0.14375 0.0421875 0.1390625 0.0375 0.134375 0.0328125 0.121875 0.034375 0.1140625 0.0328125 0.109375 0.040625 0.0984375 0.05 0.09375 0.0609375 0.0921875
1 0.603125 0.309375 0.6140625 0.3203125 0.615625 0.3421875 0.6046875 0.3546875 0.5984375 0.3578125 0.5859375 0.3578125 0.5765625 0.353125 0.56875 0.3453125 0.565625 0.33125 0.5703125 0.3171875 0.5765625 0.3109375 0.5828125 0.3078125 0.6 0.3078125 0.6015625 0.309375
1 0.39375 0.31875 0.40625 0.33125 0.40625 0.3359375 0.409375 0.3390625 0.409375 0.346875 0.4046875 0.3578125 0.396875 0.365625 0.3890625 0.36875 0.3796875 0.36875 0.36875 0.3640625 0.359375 0.353125 0.3578125 0.3375 0.36875 0.321875 0.3828125 0.3171875 0.3921875 0.31875
1 0.0671875 0.2234375 0.08125 0.228125 0.0890625 0.240625 0.0875 0.2609375 0.0796875 0.2703125 0.071875 0.2734375 0.053125 0.271875 0.0453125 0.2640625 0.0390625 0.253125 0.040625 0.2375 0.0515625 0.2265625 0.065625 0.2234375
0 0.3796875 0.28125 0.0328125 0.0796875
0 0.5890625 0.26953125 0.03125 0.06875
0 0.06953125 0.86015625 0.0375 0.1296875
0 0.78828125 0.1515625 0.3015625 0.0359375
3 0.496875 0.16875 0.2953125 0.165625