0 0.1546875 0.3765625 0.1578125 0.3765625 0.1578125 0.4203125 0.1609375 0.4234375 0.1578125 0.43125 0.1546875 0.43125 0.153125 0.4265625 0.1546875 0.378125
0 0.1546875 0.1375 0.153125 0.13125 0.15625 0.1265625 0.1546875 0.1234375 0.15625 0.1203125 0.1546875 0.084375 0.15625 0.0828125 0.1578125 0.0828125 0.1578125 0.128125 0.1609375 0.13125 0.159375 0.1359375 0.15625 0.1375
0 0.1546875 0.5234375 0.1578125 0.5234375 0.1578125 0.5671875 0.1609375 0.5703125 0.1578125 0.578125 0.153125 0.575 0.153125 0.5703125 0.15625 0.5671875 0.1546875 0.525
0 0.1546875 0.6703125 0.1578125 0.6703125 0.1578125 0.7140625 0.1609375 0.7171875 0.1578125 0.725 0.1546875 0.7234375 0.1515625 0.7171875 0.15625 0.7125 0.1546875 0.709375 0.15625 0.7046875 0.1546875 0.671875
0 0.1546875 0.2703125 0.15625 0.2625 0.1546875 0.23125 0.15625 0.2296875 0.1578125 0.2296875 0.1578125 0.275 0.1609375 0.2765625 0.1578125 0.284375 0.1546875 0.284375 0.153125 0.2765625 0.1578125 0.271875 0.15625 0.2703125
0 0.15625 0.815625 0.1578125 0.815625 0.1578125 0.8609375 0.1609375 0.8625 0.1609375 0.8671875 0.1578125 0.871875 0.153125 0.8671875 0.153125 0.8625 0.15625 0.859375 0.15625 0.8296875 0.1546875 0.828125 0.15625 0.8171875
3 0.290625 0.0203125 0.2953125 0.025 0.2953125 0.0671875 0.29375 0.06875 0.2953125 0.0765625 0.29375 0.08125 0.2796875 0.0828125 0.2703125 0.08125 0.234375 0.08125 0.2328125 0.0828125 0.215625 0.0828125 0.2140625 0.08125 0.20625 0.0828125 0.196875 0.08125 0.1859375 0.0828125 0.0328125 0.08125 0.0296875 0.0828125 0.01875 0.08125 0.01875 0.021875 0.021875 0.0203125 0.2890625 0.0203125
3 0.1546875 0.2859375 0.15625 0.2875 0.159375 0.2859375 0.25625 0.2859375 0.2578125 0.2875 0.2609375 0.2859375 0.3 0.2859375 0.3046875 0.2875 0.30625 0.29375 0.3046875 0.2953125 0.3046875 0.3109375 0.30625 0.3125 0.3046875 0.315625 0.30625 0.3203125 0.3046875 0.3234375 0.3046875 0.3734375 0.3015625 0.375 0.15625 0.375 0.1546875 0.3734375 0.153125 0.375 0.146875 0.3734375 0.1421875 0.375 0.1109375 0.375 0.109375 0.3734375 0.1078125 0.375 0.015625 0.375 0.0078125 0.3734375 0.0078125 0.2875 0.0140625 0.2859375 0.1453125 0.2859375 0.146875 0.284375 0.153125 0.2859375
3 0.1515625 0.721875 0.153125 0.725 0.171875 0.725 0.1734375 0.7265625 0.2296875 0.7265625 0.23125 0.725 0.2328125 0.7265625 0.271875 0.7265625 0.2734375 0.725 0.303125 0.7265625 0.3046875 0.7296875 0.3046875 0.8140625 0.2890625 0.815625 0.2875 0.8140625 0.2765625 0.815625 0.271875 0.8140625 0.25 0.8140625 0.2484375 0.815625 0.2390625 0.8140625 0.234375 0.815625 0.2328125 0.8140625 0.209375 0.8140625 0.2078125 0.815625 0.0078125 0.8140625 0.0078125 0.7265625 0.1453125 0.7265625 0.15 0.7234375
3 0.153125 0.578125 0.1546875 0.5796875 0.159375 0.578125 0.1640625 0.5796875 0.303125 0.5796875 0.30625 0.60625 0.3046875 0.6078125 0.30625 0.6609375 0.303125 0.66875 0.0078125 0.66875 0.0078125 0.58125 0.009375 0.5796875 0.015625 0.578125 0.01875 0.5796875 0.1453125 0.5796875 0.1515625 0.578125
3 0.1265625 0.1390625 0.128125 0.140625 0.1359375 0.1390625 0.15625 0.1390625 0.1578125 0.140625 0.159375 0.1390625 0.16875 0.140625 0.1703125 0.1390625 0.2984375 0.1390625 0.3046875 0.140625 0.3046875 0.2265625 0.303125 0.228125 0.009375 0.228125 0.0078125 0.2265625 0.0078125 0.140625 0.0109375 0.1390625 0.115625 0.1390625 0.125 0.140625
3 0.1515625 0.43125 0.153125 0.4328125 0.1625 0.43125 0.165625 0.4328125 0.303125 0.4328125 0.3046875 0.4359375 0.3046875 0.51875 0.296875 0.521875 0.29375 0.5203125 0.2921875 0.521875 0.0109375 0.521875 0.0078125 0.5203125 0.0078125 0.434375 0.009375 0.4328125 0.15 0.4328125
3 0.0078125 0.8734375 0.159375 0.8734375 0.1609375 0.871875 0.1640625 0.8734375 0.303125 0.8734375 0.3046875 0.875 0.3046875 0.9546875 0.30625 0.95625 0.3015625 0.9625 0.246875 0.9625 0.2453125 0.9609375 0.2171875 0.9609375 0.215625 0.9625 0.1609375 0.9625 0.159375 0.9609375 0.1515625 0.9625 0.125 0.9625 0.1234375 0.9609375 0.03125 0.9625 0.025 0.9609375 0.0171875 0.9625 0.0140625 0.9609375 0.0125 0.9625 0.0078125 0.959375 0.0078125 0.875