4 0.209375 0.246875 0.07265625 0.021875
4 0.21015625 0.30078125 0.08828125 0.02421875
4 0.203125 0.36015625 0.06796875 0.021875
4 0.2140625 0.4125 0.04921875 0.02109375
4 0.21171875 0.47421875 0.1 0.02265625
4 0.21015625 0.5328125 0.1140625 0.02578125
4 0.21328125 0.596875 0.0484375 0.02421875
0 0.4046875 0.28125 0.1640625 0.1484375
0 0.5484375 0.29453125 0.0109375 0.05703125
0 0.61640625 0.42734375 0.05703125 0.13046875
0 0.76796875 0.24296875 0.01875 0.075
0 0.65 0.2234375 0.0828125 0.06328125
0 0.38203125 0.14609375 0.12890625 0.0125
0 0.63828125 0.09765625 0.15234375 0.109375
0 0.28671875 0.1296875 0.02421875 0.0453125
0 0.2 0.17890625 0.0859375 0.01484375
1 0.79375 0.265625 0.7953125 0.2796875 0.790625 0.284375 0.78125 0.284375 0.7765625 0.2796875 0.7765625 0.26875 0.7828125 0.2640625 0.7921875 0.265625
1 0.5609375 0.39453125 0.02265625 0.021875
1 0.66875 0.4796875 0.6734375 0.4859375 0.6734375 0.490625 0.6703125 0.496875 0.6671875 0.4984375 0.6578125 0.4984375 0.6515625 0.4921875 0.6515625 0.484375 0.65625 0.4796875 0.6671875 0.4796875
1 0.20625 0.4421875 0.2203125 0.440625 0.225 0.4453125 0.2234375 0.4578125 0.209375 0.459375 0.2046875 0.4546875 0.20625 0.44375
1 0.553125 0.428125 0.5578125 0.425 0.5625 0.425 0.56875 0.428125 0.571875 0.4359375 0.5671875 0.4453125 0.5578125 0.446875 0.55 0.4390625 0.55 0.4328125 0.553125 0.4296875
1 0.215625 0.3234375 0.221875 0.3265625 0.225 0.33125 0.2234375 0.340625 0.2171875 0.3453125 0.2109375 0.3453125 0.2046875 0.3390625 0.2046875 0.328125 0.2140625 0.3234375
1 0.79375 0.3859375 0.7984375 0.39375 0.79375 0.4046875 0.7828125 0.4046875 0.7765625 0.3984375 0.7765625 0.390625 0.78125 0.3859375 0.7921875 0.3859375
1 0.7796875 0.2109375 0.7921875 0.2109375 0.7953125 0.2140625 0.7953125 0.228125 0.7921875 0.23125 0.78125 0.23125 0.775 0.221875 0.7765625 0.2140625 0.7796875 0.2125
1 0.21640625 0.57421875 0.02265625 0.021875
1 0.2171875 0.3765625 0.225 0.384375 0.2234375 0.39375 0.21875 0.396875 0.20625 0.3953125 0.203125 0.3875 0.2078125 0.378125 0.215625 0.3765625
1 0.2140625 0.49375 0.2234375 0.4984375 0.225 0.5015625 0.2234375 0.5125 0.2203125 0.5140625 0.20625 0.5125 0.203125 0.50625 0.2046875 0.4984375 0.2078125 0.4953125 0.2125 0.4953125
1 0.2234375 0.26875 0.225 0.278125 0.2171875 0.2859375 0.2109375 0.2859375 0.20625 0.2828125 0.203125 0.271875 0.2078125 0.265625 0.2140625 0.2640625 0.2203125 0.265625 0.221875 0.26875
1 0.7953125 0.3265625 0.7984375 0.33125 0.7984375 0.3359375 0.7953125 0.3421875 0.790625 0.3453125 0.784375 0.3453125 0.7796875 0.3421875 0.7765625 0.3375 0.7765625 0.3328125 0.78125 0.325 0.79375 0.3265625
1 0.209375 0.2109375 0.2203125 0.2109375 0.225 0.2171875 0.225 0.2265625 0.2203125 0.23125 0.209375 0.23125 0.20625 0.228125 0.2046875 0.2203125 0.20625 0.2140625 0.209375 0.2125
1 0.5640625 0.4765625 0.571875 0.484375 0.571875 0.490625 0.56875 0.496875 0.5625 0.4984375 0.5546875 0.496875 0.55 0.490625 0.55 0.484375 0.553125 0.4796875 0.5578125 0.4765625 0.5625 0.4765625
1 0.6609375 0.378125 0.6640625 0.3890625 0.6625 0.3953125 0.659375 0.396875 0.6484375 0.396875 0.64375 0.3921875 0.64375 0.38125 0.646875 0.378125 0.65 0.3765625 0.659375 0.378125
1 0.6546875 0.425 0.6625 0.428125 0.6640625 0.4328125 0.6625 0.44375 0.6578125 0.446875 0.65 0.446875 0.64375 0.4421875 0.64375 0.4296875 0.653125 0.4265625
3 0.746875 0.153125 0.7484375 0.1546875 0.75 0.153125 0.7875 0.153125 0.79375 0.15625 0.796875 0.178125 0.79375 0.203125 0.7703125 0.20625 0.7640625 0.2046875 0.75 0.20625 0.7453125 0.2046875 0.7015625 0.20625 0.6984375 0.2046875 0.69375 0.20625 0.690625 0.2046875 0.6953125 0.1859375 0.6921875 0.1546875 0.696875 0.153125 0.709375 0.1546875 0.7125 0.153125 0.7453125 0.153125
3 0.48125 0.528125 0.4828125 0.5296875 0.4890625 0.528125 0.540625 0.5296875 0.540625 0.5375 0.54375 0.540625 0.5453125 0.5515625 0.54375 0.5703125 0.540625 0.575 0.540625 0.5796875 0.515625 0.5796875 0.5140625 0.58125 0.4390625 0.5796875 0.44375 0.5546875 0.44375 0.546875 0.4390625 0.5296875 0.4796875 0.5296875
3 0.4953125 0.234375 0.603125 0.234375 0.6078125 0.2375 0.609375 0.2421875 0.609375 0.2625 0.6078125 0.2640625 0.4953125 0.2640625 0.49375 0.2625 0.4953125 0.2359375
3 0.653125 0.6171875 0.6546875 0.61875 0.6921875 0.61875 0.69375 0.6171875 0.734375 0.61875 0.740625 0.6234375 0.740625 0.646875 0.734375 0.6484375 0.7171875 0.6484375 0.715625 0.646875 0.6296875 0.6484375 0.6265625 0.646875 0.625 0.6390625 0.6265625 0.61875 0.6515625 0.6171875
3 0.159375 0.125 0.1578125 0.109375 0.1609375 0.0953125 0.265625 0.0953125 0.2703125 0.096875 0.275 0.103125 0.275 0.1234375 0.271875 0.125 0.2453125 0.125 0.24375 0.1265625 0.2421875 0.125 0.20625 0.125 0.2046875 0.1265625 0.1625 0.1265625 0.1609375 0.125
3 0.4484375 0.0375 0.55625 0.0375 0.559375 0.0390625 0.5625 0.0484375 0.5609375 0.0671875 0.5453125 0.065625 0.534375 0.065625 0.525 0.06875 0.4484375 0.0671875 0.446875 0.0609375 0.4484375 0.05625 0.446875 0.040625 0.4484375 0.0390625
3 0.584375 0.3234375 0.5875 0.3328125 0.5890625 0.35625 0.5828125 0.3765625 0.484375 0.3765625 0.4828125 0.3734375 0.484375 0.3625 0.4875 0.3578125 0.4875 0.340625 0.484375 0.3359375 0.4828125 0.325 0.484375 0.3234375 0.5828125 0.3234375
3 0.559375 0.1328125 0.5625 0.140625 0.5609375 0.1609375 0.4484375 0.1609375 0.4484375 0.1390625 0.446875 0.1375 0.4484375 0.13125 0.55625 0.13125 0.5578125 0.1328125
3 0.4484375 0.084375 0.55625 0.084375 0.5609375 0.0875 0.5625 0.0921875 0.5609375 0.1140625 0.4484375 0.1140625 0.446875 0.1109375 0.4484375 0.0859375
3 0.290625 0.153125 0.2921875 0.1546875 0.3375 0.153125 0.3421875 0.15625 0.346875 0.178125 0.3453125 0.1921875 0.340625 0.2046875 0.29375 0.20625 0.2921875 0.2078125 0.2671875 0.2078125 0.2640625 0.2046875 0.240625 0.2046875 0.2421875 0.1859375 0.2453125 0.1828125 0.2453125 0.178125 0.2421875 0.1734375 0.240625 0.1546875 0.2421875 0.153125 0.271875 0.153125 0.2734375 0.1546875 0.2890625 0.153125
3 0.73125 0.5703125 0.7375 0.5734375 0.740625 0.578125 0.740625 0.6 0.7359375 0.6015625 0.6265625 0.6 0.625 0.5859375 0.6265625 0.5765625 0.625 0.575 0.628125 0.5703125 0.7296875 0.5703125
3 0.10078125 0.1796875 0.1109375 0.065625
0 0.12890625 0.12734375 0.05703125 0.03984375
0 0.24140625 0.24296875 0.0265625 0.071875
0 0.49375 0.45390625 0.01484375 0.15
0 0.51015625 0.45234375 0.01171875 0.15234375