1 0.8328125 0.4515625 0.840625 0.4578125 0.8421875 0.4703125 0.8359375 0.478125 0.8296875 0.48125 0.825 0.48125 0.815625 0.475 0.8125 0.4703125 0.8125 0.4609375 0.81875 0.453125 0.83125 0.4515625
1 0.0921875 0.340625 0.0984375 0.3421875 0.10625 0.353125 0.103125 0.3640625 0.0921875 0.3703125 0.0875 0.3703125 0.078125 0.365625 0.0765625 0.3625 0.078125 0.3453125 0.0859375 0.340625 0.090625 0.340625
1 0.18125 0.5078125 0.1921875 0.515625 0.19375 0.521875 0.1921875 0.5296875 0.1859375 0.5359375 0.18125 0.5375 0.171875 0.5359375 0.1640625 0.5265625 0.165625 0.515625 0.1703125 0.5109375 0.1796875 0.5078125
1 0.475 0.5078125 0.4859375 0.515625 0.4859375 0.5296875 0.4796875 0.5359375 0.475 0.5375 0.465625 0.5359375 0.4609375 0.5328125 0.4578125 0.5265625 0.4578125 0.51875 0.4609375 0.5125 0.46875 0.5078125 0.4734375 0.5078125
3 0.278125 0.4921875 0.2796875 0.49375 0.30625 0.49375 0.3109375 0.4984375 0.3109375 0.546875 0.30625 0.5515625 0.2265625 0.5515625 0.225 0.55 0.2234375 0.546875 0.2234375 0.4984375 0.225 0.4953125 0.2765625 0.4921875
3 0.7625 0.4359375 0.7671875 0.4390625 0.76875 0.44375 0.76875 0.4875 0.7671875 0.4921875 0.7625 0.4953125 0.74375 0.4953125 0.7421875 0.49375 0.6875 0.4953125 0.6828125 0.49375 0.6796875 0.4890625 0.6796875 0.4421875 0.6828125 0.4375 0.6875 0.4359375 0.7609375 0.4359375
3 0.203125 0.325 0.21875 0.3265625 0.2234375 0.33125 0.2234375 0.378125 0.2203125 0.384375 0.2046875 0.384375 0.203125 0.3859375 0.1390625 0.384375 0.1359375 0.38125 0.1359375 0.3640625 0.134375 0.3625 0.1359375 0.328125 0.1640625 0.325 0.2015625 0.3265625
3 0.6453125 0.6359375 0.65 0.6390625 0.65 0.6625 0.6515625 0.6640625 0.65 0.6890625 0.646875 0.69375 0.5671875 0.69375 0.5625 0.6890625 0.5625 0.6734375 0.5609375 0.671875 0.5625 0.6703125 0.5625 0.640625 0.5671875 0.6359375 0.64375 0.6359375
3 0.41875 0.4921875 0.428125 0.496875 0.4296875 0.525 0.428125 0.5265625 0.428125 0.5484375 0.425 0.5515625 0.3453125 0.5515625 0.3421875 0.5484375 0.3421875 0.5203125 0.340625 0.51875 0.34375 0.4953125 0.346875 0.49375 0.39375 0.4953125 0.4171875 0.4921875
0 0.178125 0.45 0.01640625 0.12265625
0 0.21015625 0.52265625 0.02421875 0.0203125
0 0.328125 0.52421875 0.0296875 0.01875
0 0.26640625 0.39375 0.01484375 0.1984375
0 0.20859375 0.3109375 0.01484375 0.0265625
0 0.09375 0.3203125 0.01328125 0.040625
0 0.09140625 0.54765625 0.01484375 0.34921875
2 0.903125 0.5109375 0.9140625 0.525 0.89375 0.5453125 0.8859375 0.540625 0.8734375 0.528125 0.8734375 0.521875 0.89375 0.5046875 0.9015625 0.5109375
2 0.5390625 0.503125 0.5578125 0.521875 0.553125 0.5296875 0.5390625 0.5421875 0.5328125 0.540625 0.51875 0.5265625 0.51875 0.51875 0.53125 0.50625 0.5375 0.503125
2 0.9671875 0.503125 0.9890625 0.5234375 0.9875 0.528125 0.9703125 0.5453125 0.965625 0.5453125 0.959375 0.540625 0.9484375 0.528125 0.9484375 0.521875 0.953125 0.515625 0.9671875 0.5046875
2 0.64375 0.5015625 0.6625 0.51875 0.6609375 0.528125 0.64375 0.54375 0.625 0.528125 0.621875 0.5234375 0.625 0.515625 0.6296875 0.5140625 0.6328125 0.5078125 0.6421875 0.503125
0 0.54453125 0.6078125 0.03828125 0.13046875
0 0.59140625 0.525 0.0609375 0.0171875
0 0.415625 0.39453125 0.0140625 0.19140625
0 0.4015625 0.39453125 0.01484375 0.19296875
0 0.4125 0.6390625 0.015625 0.17421875
0 0.73671875 0.365625 0.01484375 0.140625
0 0.6578125 0.47734375 0.04296875 0.04453125
0 0.7390625 0.60859375 0.01484375 0.228125
0 0.79296875 0.465625 0.04296875 0.0140625
0 0.8734375 0.48046875 0.0578125 0.0390625
0 0.76640625 0.5609375 0.265625 0.03828125
0 0.9328125 0.52421875 0.034375 0.01328125
0 0.8125 0.6078125 0.32421875 0.12265625
4 0.025 0.5125 0.034375 0.1703125
4 0.025 0.6671875 0.034375 0.10234375
4 0.02109375 0.35703125 0.02890625 0.10234375
4 0.178125 0.55703125 0.08671875 0.02734375
4 0.471875 0.5546875 0.0609375 0.028125
4 0.81484375 0.56015625 0.13125 0.028125
4 0.8265625 0.5 0.06875 0.02421875