1 0.834375 0.46875 0.8421875 0.475 0.84375 0.4875 0.8375 0.4953125 0.8296875 0.4984375 0.825 0.4984375 0.8171875 0.4921875 0.8140625 0.4875 0.8140625 0.478125 0.8203125 0.4703125 0.8328125 0.46875
1 0.1078125 0.321875 0.1109375 0.325 0.1140625 0.3375 0.1109375 0.34375 0.103125 0.3484375 0.0953125 0.3484375 0.0859375 0.34375 0.084375 0.328125 0.0875 0.3234375 0.0953125 0.31875 0.10625 0.321875
1 0.18125 0.490625 0.1921875 0.5 0.19375 0.50625 0.190625 0.5140625 0.1859375 0.51875 0.1796875 0.5203125 0.1703125 0.51875 0.1625 0.5078125 0.165625 0.4984375 0.1703125 0.49375 0.1796875 0.490625
1 0.475 0.50625 0.484375 0.5140625 0.484375 0.5296875 0.4828125 0.528125 0.478125 0.534375 0.4734375 0.5359375 0.4671875 0.5359375 0.459375 0.53125 0.45625 0.5234375 0.45625 0.5171875 0.4609375 0.509375 0.4734375 0.50625
3 0.246875 0.4796875 0.2484375 0.48125 0.2765625 0.4796875 0.28125 0.4828125 0.30625 0.4828125 0.3109375 0.4875 0.309375 0.5359375 0.30625 0.540625 0.225 0.5375 0.221875 0.5328125 0.2234375 0.484375 0.228125 0.4796875 0.2453125 0.4796875
3 0.6859375 0.446875 0.6953125 0.4453125 0.696875 0.446875 0.7546875 0.4484375 0.76875 0.4515625 0.771875 0.4578125 0.7703125 0.4921875 0.765625 0.5078125 0.753125 0.509375 0.7421875 0.50625 0.7328125 0.5078125 0.69375 0.50625 0.6828125 0.503125 0.6796875 0.4984375 0.68125 0.4609375 0.6828125 0.4515625 0.6859375 0.4484375
3 0.1609375 0.3078125 0.1625 0.309375 0.178125 0.3078125 0.1921875 0.3109375 0.2203125 0.309375 0.2234375 0.3125 0.23125 0.3140625 0.2328125 0.3171875 0.23125 0.3578125 0.2265625 0.3703125 0.21875 0.36875 0.1921875 0.3703125 0.1890625 0.3671875 0.1453125 0.365625 0.1421875 0.3625 0.14375 0.3140625 0.1453125 0.309375 0.1484375 0.3078125 0.159375 0.3078125
3 0.6421875 0.646875 0.640625 0.6953125 0.6359375 0.7015625 0.55625 0.696875 0.553125 0.6921875 0.553125 0.6765625 0.5515625 0.675 0.5546875 0.6640625 0.5546875 0.64375 0.559375 0.6390625 0.6296875 0.6421875 0.6375 0.64375 0.640625 0.646875
3 0.365625 0.4859375 0.390625 0.4890625 0.41875 0.4875 0.428125 0.4921875 0.4265625 0.5421875 0.4234375 0.546875 0.3640625 0.5453125 0.3625 0.54375 0.34375 0.54375 0.340625 0.540625 0.3421875 0.4890625 0.346875 0.4859375 0.3640625 0.4859375
0 0.18125 0.43359375 0.0234375 0.1234375
0 0.209375 0.5078125 0.025 0.021875
0 0.32734375 0.51484375 0.03125 0.0203125
0 0.27265625 0.38203125 0.025 0.1984375
0 0.21875 0.29609375 0.015625 0.0265625
0 0.10390625 0.29921875 0.015625 0.040625
0 0.08984375 0.5265625 0.0328125 0.35
2 0.89375 0.525 0.9015625 0.53125 0.903125 0.5359375 0.9125 0.5453125 0.9109375 0.55 0.890625 0.565625 0.8828125 0.5609375 0.8796875 0.5546875 0.871875 0.5484375 0.871875 0.540625 0.8734375 0.5421875 0.88125 0.5328125 0.8890625 0.5265625 0.8921875 0.5265625
2 0.5390625 0.5046875 0.55625 0.525 0.5515625 0.5328125 0.5375 0.54375 0.5328125 0.54375 0.5171875 0.528125 0.5171875 0.5203125 0.5375 0.5046875
2 0.965625 0.528125 0.9875 0.5484375 0.9859375 0.553125 0.9796875 0.559375 0.9671875 0.5703125 0.9625 0.5703125 0.9484375 0.55625 0.95 0.5546875 0.946875 0.5515625 0.946875 0.5453125 0.9515625 0.5390625 0.965625 0.5296875
2 0.64375 0.509375 0.6609375 0.5265625 0.659375 0.5359375 0.6515625 0.54375 0.6390625 0.55 0.6234375 0.534375 0.6203125 0.5296875 0.6234375 0.521875 0.6265625 0.521875 0.6328125 0.5140625 0.6421875 0.5109375
0 0.5390625 0.61015625 0.0453125 0.1328125
0 0.58984375 0.5296875 0.0625 0.0203125
0 0.42109375 0.390625 0.0234375 0.1921875
0 0.40703125 0.38984375 0.025 0.19375
0 0.40546875 0.634375 0.025 0.175
0 0.74375 0.378125 0.021875 0.140625
0 0.65859375 0.4859375 0.0453125 0.046875
0 0.7328125 0.62109375 0.0265625 0.228125
0 0.79453125 0.48125 0.04375 0.015625
0 0.87421875 0.5 0.059375 0.0421875
0 0.7625 0.575 0.2671875 0.0515625
0 0.93125 0.546875 0.034375 0.015625
0 0.80625 0.62421875 0.3296875 0.1390625
4 0.025 0.4875 0.04375 0.171875
4 0.01796875 0.64140625 0.0359375 0.1046875
4 0.02890625 0.33203125 0.034375 0.103125
4 0.17578125 0.53984375 0.0875 0.03125
4 0.46875 0.553125 0.0625 0.03125
4 0.8109375 0.5765625 0.1328125 0.034375
4 0.82578125 0.5171875 0.0703125 0.028125