2 0.278125 0.4609375 0.296875 0.4796875 0.29375 0.4859375 0.278125 0.5015625 0.275 0.5015625 0.2609375 0.490625 0.25625 0.484375 0.25625 0.4796875 0.271875 0.4625 0.2765625 0.4609375
2 0.6421875 0.465625 0.6421875 0.4703125 0.6234375 0.490625 0.615625 0.4859375 0.6015625 0.471875 0.6015625 0.4671875 0.621875 0.4484375 0.640625 0.465625
2 0.87734375 0.459375 0.0515625 0.053125
3 0.696875 0.4390625 0.7234375 0.4359375 0.8046875 0.434375 0.8125 0.4390625 0.8140625 0.45 0.8140625 0.4875 0.8109375 0.4921875 0.7015625 0.4953125 0.696875 0.490625 0.6953125 0.4828125 0.69375 0.4515625 0.696875 0.440625
3 0.37890625 0.4765625 0.10625 0.0640625
3 0.15625 0.60625 0.165625 0.603125 0.1875 0.603125 0.1890625 0.6015625 0.2328125 0.6015625 0.234375 0.6 0.25625 0.6015625 0.259375 0.60625 0.259375 0.6375 0.2609375 0.6390625 0.2609375 0.6515625 0.253125 0.659375 0.1640625 0.6625 0.1578125 0.6578125 0.15625 0.6078125
3 0.253125 0.321875 0.2578125 0.3296875 0.25625 0.3359375 0.2578125 0.340625 0.25625 0.36875 0.2578125 0.371875 0.2546875 0.378125 0.1890625 0.3796875 0.1859375 0.3828125 0.159375 0.38125 0.153125 0.371875 0.153125 0.3515625 0.1546875 0.35 0.153125 0.3421875 0.1546875 0.3296875 0.153125 0.328125 0.1578125 0.3234375 0.228125 0.321875 0.2296875 0.3203125 0.25 0.3203125 0.2515625 0.321875
3 0.5546875 0.4421875 0.559375 0.44375 0.5640625 0.4546875 0.5625 0.4984375 0.5453125 0.5015625 0.5015625 0.5015625 0.5 0.503125 0.465625 0.503125 0.4609375 0.5 0.4609375 0.4578125 0.459375 0.45625 0.4609375 0.4484375 0.465625 0.4453125 0.4984375 0.4453125 0.5 0.44375 0.5125 0.4453125 0.5140625 0.44375 0.553125 0.4421875
1 0.209375 0.48359375 0.0328125 0.0328125
1 0.103125 0.6203125 0.1109375 0.6265625 0.1125 0.6359375 0.1109375 0.6421875 0.1046875 0.6484375 0.1 0.65 0.0921875 0.65 0.0875 0.646875 0.08125 0.6359375 0.0828125 0.628125 0.0875 0.6234375 0.1015625 0.6203125
1 0.0734375 0.3640625 0.0734375 0.35 0.08125 0.3421875 0.0953125 0.3421875 0.1015625 0.3484375 0.1015625 0.3609375 0.0953125 0.36875 0.090625 0.3703125 0.0796875 0.36875 0.075 0.3640625
4 0.209375 0.51796875 0.0875 0.03125
4 0.01640625 0.35703125 0.028125 0.0984375
4 0.1484375 0.25703125 0.190625 0.034375
4 0.02109375 0.49453125 0.0359375 0.15
4 0.02890625 0.64296875 0.0234375 0.0734375
4 0.33984375 0.67890625 0.1296875 0.03125
4 0.09921875 0.67109375 0.0828125 0.0453125
4 0.621875 0.4234375 0.1296875 0.0359375
0 0.20625 0.42421875 0.025 0.0875
0 0.1265625 0.35234375 0.053125 0.01875
0 0.08359375 0.28125 0.01875 0.1140625
0 0.19453125 0.2703125 0.0203125 0.0953125
0 0.5140625 0.328125 0.0203125 0.2296875
0 0.23984375 0.4828125 0.0265625 0.0125
0 0.27109375 0.56875 0.03125 0.1296875
0 0.3125 0.4796875 0.0296875 0.009375
0 0.44453125 0.475 0.03125 0.0140625
0 0.58125 0.4703125 0.0359375 0.0140625
0 0.28203125 0.64375 0.04375 0.009375
0 0.13515625 0.63203125 0.04375 0.0109375
0 0.753125 0.51171875 0.2703125 0.059375
0 0.7734375 0.6015625 0.01875 0.2109375
0 0.7640625 0.31953125 0.0234375 0.2328125
0 0.83515625 0.4609375 0.04375 0.015625
0 0.9234375 0.4578125 0.0421875 0.01875
4 0.665625 0.45234375 0.0234375 0.015625
4 0.63828125 0.51015625 0.025 0.0203125