0 0.6625 0.55 0.665625 0.553125 0.6625 0.55625 0.6390625 0.553125 0.6546875 0.553125 0.6609375 0.55
0 0.328125 0.553125 0.346875 0.553125 0.3484375 0.5515625 0.35625 0.553125 0.353125 0.55625 0.3296875 0.5546875
0 0.9125 0.6390625 0.915625 0.640625 0.9140625 0.6453125 0.890625 0.64375 0.890625 0.640625 0.9109375 0.6390625
0 0.1984375 0.21875 0.2 0.21875 0.2 0.234375 0.196875 0.2359375 0.196875 0.2390625 0.2 0.240625 0.2 0.3 0.2015625 0.3015625 0.2 0.309375 0.1953125 0.303125 0.1984375 0.3 0.1984375 0.246875 0.1953125 0.2375 0.1984375 0.2203125
0 0.9609375 0.640625 0.98125 0.640625 0.9828125 0.6390625 0.990625 0.640625 0.9890625 0.6453125 0.959375 0.64375 0.9609375 0.6421875
0 0.5125 0.5515625 0.525 0.553125 0.5296875 0.55 0.5328125 0.5546875 0.5140625 0.55625 0.4921875 0.553125 0.5109375 0.553125
0 0.378125 0.48125 0.38125 0.4828125 0.3828125 0.4875 0.38125 0.4890625 0.38125 0.5296875 0.3796875 0.53125 0.378125 0.528125 0.378125 0.4890625 0.3765625 0.4875 0.378125 0.4828125
0 0.43125 0.5515625 0.4359375 0.553125 0.440625 0.55 0.4453125 0.553125 0.4421875 0.55625 0.4015625 0.5546875 0.4015625 0.553125 0.4296875 0.5515625
0 0.8453125 0.671875 0.846875 0.6765625 0.8453125 0.6796875 0.8453125 0.728125 0.8421875 0.725 0.8421875 0.6734375 0.84375 0.6734375
0 0.703125 0.21875 0.7046875 0.21875 0.7046875 0.4453125 0.70625 0.446875 0.7046875 0.4609375 0.70625 0.5203125 0.7046875 0.521875 0.7015625 0.5203125 0.703125 0.5125 0.703125 0.49375 0.7015625 0.4921875 0.703125 0.4890625 0.7015625 0.4859375 0.7015625 0.4703125 0.703125 0.46875 0.7015625 0.4546875 0.703125 0.4390625 0.703125 0.415625 0.7015625 0.4140625 0.703125 0.40625 0.703125 0.3890625 0.7015625 0.3875 0.703125 0.384375 0.703125 0.3609375 0.7015625 0.359375 0.703125 0.35625 0.7015625 0.3546875 0.703125 0.35 0.7015625 0.3453125 0.703125 0.34375 0.7015625 0.33125 0.703125 0.3296875 0.7015625 0.3171875 0.703125 0.315625 0.7015625 0.3109375 0.703125 0.2203125
0 0.8625 0.671875 0.865625 0.678125 0.8640625 0.6796875 0.8640625 0.7265625 0.8625 0.728125 0.8609375 0.7265625 0.8625 0.6828125 0.859375 0.6796875 0.859375 0.675 0.8625 0.6734375
0 0.115625 0.3359375 0.1203125 0.3390625 0.11875 0.3421875 0.1109375 0.340625 0.0953125 0.3421875 0.0921875 0.3390625 0.1140625 0.3375
0 0.171875 0.371875 0.175 0.3734375 0.1734375 0.375 0.1734375 0.39375 0.175 0.3953125 0.175 0.4140625 0.1734375 0.415625 0.175 0.5140625 0.1734375 0.5203125 0.1765625 0.53125 0.1734375 0.5375 0.1703125 0.5328125 0.171875 0.5296875 0.171875 0.3734375
0 0.3875 0.240625 0.3890625 0.24375 0.3890625 0.41875 0.3875 0.4203125 0.384375 0.415625 0.3859375 0.4109375 0.3859375 0.2421875
0 0.740625 0.640625 0.7765625 0.640625 0.778125 0.6390625 0.7828125 0.640625 0.784375 0.64375 0.78125 0.6453125 0.7421875 0.6421875
0 0.078125 0.21875 0.0796875 0.325 0.0765625 0.325 0.075 0.321875 0.0765625 0.3140625 0.0765625 0.2203125
0 0.2203125 0.55 0.2234375 0.553125 0.221875 0.55625 0.1890625 0.553125 0.2125 0.553125 0.21875 0.55
0 0.7171875 0.584375 0.7203125 0.584375 0.7203125 0.61875 0.7171875 0.61875 0.715625 0.6140625 0.7171875 0.5859375
0 0.7265625 0.21875 0.728125 0.225 0.7265625 0.234375 0.7265625 0.259375 0.728125 0.2609375 0.728125 0.384375 0.7265625 0.3859375 0.728125 0.396875 0.728125 0.521875 0.725 0.521875 0.7234375 0.51875 0.725 0.5171875 0.725 0.2203125
1 0.078125 0.325 0.0875 0.328125 0.0921875 0.3359375 0.090625 0.3484375 0.0796875 0.3546875 0.0703125 0.353125 0.0625 0.3453125 0.0625 0.3359375 0.0671875 0.328125 0.0765625 0.325
1 0.178125 0.5390625 0.1859375 0.5453125 0.1875 0.55625 0.184375 0.5640625 0.175 0.56875 0.1671875 0.5671875 0.159375 0.5609375 0.159375 0.546875 0.1625 0.5421875 0.16875 0.5390625 0.1765625 0.5390625
2 0.3796875 0.5546875 0.04375 0.0453125
2 0.46796875 0.553125 0.04453125 0.04609375
2 0.71796875 0.64140625 0.04375 0.0453125
2 0.93984375 0.64296875 0.04375 0.046875
3 0.7890625 0.6125 0.88125 0.6125 0.8875 0.615625 0.8875 0.6390625 0.8890625 0.640625 0.8875 0.6421875 0.8875 0.66875 0.884375 0.6703125 0.8625 0.6703125 0.8609375 0.671875 0.7890625 0.6703125 0.784375 0.6609375 0.7859375 0.6515625 0.784375 0.65 0.7859375 0.64375 0.784375 0.6296875 0.7859375 0.6171875 0.7890625 0.6140625
3 0.2265625 0.58125 0.225 0.5765625 0.225 0.5296875 0.23125 0.5234375 0.3171875 0.5234375 0.3265625 0.5265625 0.328125 0.5515625 0.325 0.5828125 0.2296875 0.5828125 0.228125 0.58125
3 0.7625 0.5234375 0.7703125 0.528125 0.7703125 0.578125 0.7671875 0.5828125 0.671875 0.5828125 0.6671875 0.5765625 0.6671875 0.53125 0.671875 0.525 0.675 0.5234375 0.7015625 0.5234375 0.703125 0.525 0.70625 0.5234375 0.71875 0.525 0.721875 0.5234375 0.7609375 0.5234375
3 0.2203125 0.3109375 0.2234375 0.3125 0.225 0.3171875 0.225 0.3625 0.2234375 0.365625 0.2203125 0.36875 0.178125 0.36875 0.1765625 0.3703125 0.1265625 0.36875 0.1234375 0.365625 0.121875 0.3625 0.121875 0.315625 0.1234375 0.3125 0.1265625 0.3109375 0.21875 0.3109375
3 0.6296875 0.5234375 0.6375 0.528125 0.6375 0.5796875 0.634375 0.5828125 0.5390625 0.5828125 0.534375 0.5765625 0.534375 0.5296875 0.5390625 0.525 0.5453125 0.5234375 0.5875 0.5234375 0.5890625 0.525 0.628125 0.5234375
3 0.3328125 0.4203125 0.334375 0.421875 0.346875 0.4203125 0.3578125 0.421875 0.4375 0.4203125 0.4421875 0.421875 0.446875 0.4328125 0.4453125 0.4390625 0.446875 0.440625 0.446875 0.4609375 0.44375 0.478125 0.4109375 0.48125 0.3859375 0.48125 0.378125 0.478125 0.365625 0.48125 0.3609375 0.4796875 0.334375 0.48125 0.315625 0.478125 0.3125 0.4703125 0.3140625 0.4671875 0.3125 0.465625 0.3140625 0.425 0.315625 0.421875 0.3203125 0.4203125 0.33125 0.4203125
4 0.1734375 0.5859375 0.0921875 0.0234375
4 0.02265625 0.55078125 0.0203125 0.2140625
4 0.0234375 0.3359375 0.0234375 0.09765625
4 0.24140625 0.23671875 0.3359375 0.0203125
4 0.36484375 0.50859375 0.02421875 0.01484375
4 0.38125 0.59453125 0.059375 0.0296875
4 0.42109375 0.54453125 0.01875 0.01328125
4 0.46953125 0.51171875 0.08984375 0.02890625
4 0.51171875 0.54453125 0.0171875 0.01484375
4 0.4875 0.60546875 0.03046875 0.01328125
0 0.57890625 0.61171875 0.2328125 0.0765625