1 0.51875 0.3234375 0.53125 0.3328125 0.5328125 0.3390625 0.53125 0.35 0.5265625 0.35625 0.51875 0.359375 0.5078125 0.359375 0.5 0.35625 0.4953125 0.346875 0.4953125 0.3375 0.4984375 0.3296875 0.50625 0.3234375 0.5171875 0.3234375
1 0.1671875 0.0546875 0.1796875 0.0625 0.1828125 0.06875 0.1828125 0.0796875 0.1765625 0.0890625 0.165625 0.09375 0.1546875 0.090625 0.1453125 0.0796875 0.1453125 0.0703125 0.1484375 0.0625 0.1546875 0.05625 0.165625 0.0546875
2 0.1734375 0.31875 0.1796875 0.3265625 0.1828125 0.3265625 0.1984375 0.3421875 0.2 0.3484375 0.16875 0.3796875 0.1484375 0.359375 0.1390625 0.353125 0.1375 0.3453125 0.1625 0.31875 0.1671875 0.315625 0.171875 0.31875
2 0.1640625 0.1328125 0.196875 0.1625 0.196875 0.1671875 0.165625 0.196875 0.1484375 0.1796875 0.1421875 0.1765625 0.134375 0.16875 0.134375 0.1625 0.1625 0.134375
2 0.3734375 0.4296875 0.4046875 0.459375 0.4046875 0.4625 0.375 0.4921875 0.36875 0.4921875 0.340625 0.4625 0.340625 0.459375 0.346875 0.4515625 0.371875 0.4296875
2 0.3703125 0.3109375 0.403125 0.34375 0.3859375 0.3640625 0.3734375 0.375 0.36875 0.375 0.340625 0.346875 0.340625 0.340625 0.359375 0.321875 0.359375 0.31875 0.36875 0.3125
3 0.5765625 0.7015625 0.578125 0.703125 0.5796875 0.7015625 0.5859375 0.703125 0.590625 0.7015625 0.65 0.7015625 0.6546875 0.7046875 0.65625 0.709375 0.6578125 0.753125 0.6546875 0.7625 0.64375 0.7671875 0.5953125 0.7671875 0.59375 0.76875 0.515625 0.76875 0.5046875 0.765625 0.5 0.759375 0.5 0.7109375 0.50625 0.703125 0.571875 0.703125 0.575 0.7015625
3 0.4421875 0.621875 0.453125 0.6265625 0.4546875 0.6328125 0.4546875 0.6625 0.453125 0.6703125 0.4484375 0.671875 0.446875 0.675 0.325 0.6765625 0.3234375 0.678125 0.3078125 0.678125 0.2984375 0.6703125 0.296875 0.6390625 0.3 0.628125 0.30625 0.625 0.440625 0.621875
3 0.1765625 0.903125 0.178125 0.9046875 0.265625 0.903125 0.2703125 0.90625 0.271875 0.94375 0.2734375 0.9453125 0.271875 0.9765625 0.26875 0.9796875 0.2609375 0.98125 0.2390625 0.98125 0.2375 0.9828125 0.1484375 0.9828125 0.146875 0.984375 0.096875 0.9828125 0.090625 0.975 0.090625 0.9546875 0.0890625 0.953125 0.0890625 0.9140625 0.0921875 0.909375 0.096875 0.90625 0.175 0.9046875
3 0.1828125 0.7734375 0.184375 0.775 0.2625 0.7734375 0.2671875 0.7765625 0.2703125 0.78125 0.2703125 0.8421875 0.26875 0.846875 0.2640625 0.85 0.2546875 0.8515625 0.2421875 0.85 0.2234375 0.853125 0.1640625 0.8515625 0.146875 0.8546875 0.1328125 0.853125 0.1078125 0.8546875 0.0953125 0.853125 0.090625 0.85 0.0875 0.8453125 0.0875 0.784375 0.0921875 0.778125 0.0953125 0.7765625 0.18125 0.775
3 0.446875 0.5453125 0.4515625 0.5484375 0.453125 0.5546875 0.453125 0.584375 0.4515625 0.5859375 0.453125 0.5921875 0.4453125 0.596875 0.4140625 0.596875 0.4125 0.5984375 0.3609375 0.596875 0.359375 0.5984375 0.325 0.5984375 0.3234375 0.6 0.3046875 0.6 0.296875 0.5921875 0.2953125 0.5859375 0.296875 0.553125 0.2984375 0.55 0.3046875 0.546875 0.3203125 0.546875 0.321875 0.5453125 0.3828125 0.5453125 0.3859375 0.546875 0.4109375 0.54375 0.44375 0.54375 0.4453125 0.5453125
4 0.1625 0.234375 0.165625 0.0828125
4 0.38203125 0.13203125 0.0484375 0.0296875
4 0.23828125 0.3171875 0.0359375 0.0234375
4 0.1625 0.41796875 0.175 0.078125
4 0.36796875 0.396875 0.159375 0.0421875
4 0.36640625 0.5125 0.1578125 0.053125
4 0.45078125 0.46015625 0.0296875 0.0203125
0 0.165625 0.25234375 0.0234375 0.1203125
0 0.2703125 0.34453125 0.1375 0.0140625
0 0.36953125 0.40078125 0.0203125 0.0515625
0 0.44609375 0.34296875 0.0859375 0.01875
4 0.43984375 0.3421875 0.0265625 0.025
0 0.371875 0.51796875 0.021875 0.0515625
0 0.4578125 0.553125 0.1046875 0.2140625
0 0.2765625 0.72265625 0.2078125 0.0953125
0 0.16875 0.57421875 0.0171875 0.3921875
0 0.37421875 0.61015625 0.0234375 0.025
0 0.178125 0.8765625 0.025 0.0484375
0 0.38671875 0.83828125 0.2296875 0.2203125