2 0.203125 0.4328125 0.23125 0.459375 0.234375 0.4671875 0.2046875 0.496875 0.2015625 0.496875 0.1890625 0.4859375 0.1734375 0.4703125 0.171875 0.4625 0.19375 0.4421875 0.1953125 0.4375 0.2015625 0.434375
2 0.203125 0.70625 0.2328125 0.734375 0.234375 0.7390625 0.23125 0.74375 0.2046875 0.7703125 0.2 0.7703125 0.175 0.7453125 0.1703125 0.7375 0.2015625 0.7078125
2 0.20625 0.565625 0.234375 0.59375 0.234375 0.596875 0.2265625 0.60625 0.20625 0.6265625 0.2 0.6265625 0.1953125 0.6234375 0.1703125 0.5953125 0.1953125 0.56875 0.2015625 0.5640625 0.2046875 0.565625
2 0.203125 0.2890625 0.234375 0.3203125 0.2328125 0.325 0.2171875 0.3421875 0.203125 0.3546875 0.1703125 0.321875 0.2015625 0.290625
2 0.515625 0.2890625 0.546875 0.3203125 0.546875 0.3234375 0.540625 0.33125 0.515625 0.3546875 0.484375 0.325 0.484375 0.3203125 0.4875 0.315625 0.5140625 0.290625
1 0.45 0.446875 0.4578125 0.4515625 0.4625 0.459375 0.4625 0.4703125 0.4578125 0.478125 0.4515625 0.4828125 0.4359375 0.4828125 0.428125 0.4765625 0.425 0.4703125 0.425 0.459375 0.428125 0.4546875 0.434375 0.4484375 0.4484375 0.446875
1 0.2078125 0.08125 0.215625 0.0859375 0.2203125 0.0921875 0.2203125 0.1078125 0.215625 0.115625 0.2046875 0.1203125 0.1953125 0.11875 0.1875 0.1125 0.184375 0.1046875 0.184375 0.0953125 0.1859375 0.090625 0.1921875 0.084375 0.1984375 0.08125 0.20625 0.08125
1 0.446875 0.5765625 0.4578125 0.58125 0.4625 0.5890625 0.4625 0.6015625 0.45 0.6140625 0.4375 0.6140625 0.428125 0.60625 0.425 0.6 0.425 0.590625 0.428125 0.584375 0.4359375 0.578125 0.4453125 0.5765625
3 0.4578125 0.7078125 0.4640625 0.7171875 0.4640625 0.759375 0.4625 0.765625 0.4578125 0.7703125 0.4515625 0.771875 0.3203125 0.771875 0.3125 0.7703125 0.3078125 0.7640625 0.3078125 0.7140625 0.315625 0.70625 0.4546875 0.70625 0.45625 0.7078125
3 0.1421875 0.184375 0.14375 0.1859375 0.1484375 0.184375 0.1625 0.1859375 0.2 0.184375 0.2015625 0.1859375 0.275 0.1859375 0.278125 0.1875 0.28125 0.1984375 0.28125 0.2390625 0.278125 0.246875 0.2671875 0.2515625 0.2078125 0.2515625 0.19375 0.2484375 0.175 0.2515625 0.1734375 0.25 0.1703125 0.2515625 0.1375 0.2515625 0.1296875 0.2484375 0.125 0.24375 0.1234375 0.23125 0.125 0.21875 0.1234375 0.1984375 0.125 0.190625 0.128125 0.1875 0.140625 0.184375
3 0.7734375 0.2890625 0.7796875 0.29375 0.7828125 0.303125 0.7828125 0.3234375 0.78125 0.325 0.7828125 0.3265625 0.7828125 0.3421875 0.778125 0.353125 0.7703125 0.35625 0.634375 0.3546875 0.625 0.3453125 0.625 0.2984375 0.628125 0.2921875 0.6328125 0.2890625 0.771875 0.2890625
4 0.2 0.803125 0.125 0.0609375
4 0.20390625 0.64765625 0.1328125 0.0390625
4 0.20625 0.51796875 0.14921875 0.0375
4 0.33125 0.5671875 0.1578125 0.04140625
4 0.2015625 0.38671875 0.1421875 0.05546875
4 0.32890625 0.43828125 0.1171875 0.040625
4 0.509375 0.384375 0.1875 0.06171875
4 0.36796875 0.32421875 0.028125 0.03046875
4 0.5859375 0.32265625 0.03515625 0.02109375
0 0.20234375 0.15234375 0.01953125 0.06328125
0 0.20390625 0.26953125 0.02421875 0.0359375
0 0.36015625 0.3203125 0.24453125 0.02578125
0 0.58359375 0.3203125 0.08125 0.02578125
0 0.32734375 0.4640625 0.19453125 0.025
0 0.33046875 0.59921875 0.1890625 0.02265625
0 0.2015625 0.3921875 0.025 0.078125
0 0.20234375 0.5296875 0.02109375 0.07265625
0 0.20078125 0.665625 0.02265625 0.08671875
0 0.27109375 0.7359375 0.07578125 0.03125
4 0.2546875 0.7375 0.03828125 0.021875
0 0.2046875 0.865625 0.02890625 0.184375
0 0.2953125 0.8609375 0.19375 0.1765625
0 0.28046875 0.98515625 0.090625 0.02265625
4 0.27890625 0.9859375 0.03125 0.02734375