2 0.20625 0.4234375 0.234375 0.4515625 0.2359375 0.459375 0.20625 0.4875 0.203125 0.4875 0.1890625 0.475 0.1890625 0.471875 0.175 0.459375 0.1734375 0.453125 0.190625 0.4359375 0.1953125 0.434375 0.1984375 0.428125 0.2046875 0.425
2 0.196875 0.696875 0.225 0.725 0.2265625 0.73125 0.1953125 0.7609375 0.1921875 0.7609375 0.1796875 0.7484375 0.178125 0.74375 0.1671875 0.734375 0.1625 0.7265625 0.1953125 0.6984375
2 0.2046875 0.55625 0.21875 0.56875 0.221875 0.575 0.2328125 0.5859375 0.203125 0.6171875 0.196875 0.6171875 0.1921875 0.6140625 0.1875 0.60625 0.16875 0.5875 0.1734375 0.578125 0.1859375 0.565625 0.190625 0.5640625 0.2 0.5546875 0.203125 0.55625
2 0.2109375 0.2796875 0.23125 0.2984375 0.23125 0.3015625 0.2421875 0.3125 0.240625 0.315625 0.209375 0.3453125 0.1953125 0.3328125 0.178125 0.3109375 0.190625 0.296875 0.196875 0.29375 0.209375 0.28125
2 0.5234375 0.290625 0.553125 0.321875 0.553125 0.3265625 0.521875 0.35625 0.50625 0.3421875 0.490625 0.325 0.490625 0.321875 0.50625 0.3046875 0.509375 0.3046875 0.521875 0.2921875
1 0.4546875 0.446875 0.4625 0.453125 0.4640625 0.4703125 0.459375 0.478125 0.453125 0.48125 0.4375 0.48125 0.4296875 0.475 0.4265625 0.46875 0.4265625 0.4578125 0.4375 0.446875 0.44375 0.4453125 0.453125 0.446875
1 0.2234375 0.071875 0.23125 0.0765625 0.2359375 0.084375 0.2359375 0.09375 0.2328125 0.103125 0.21875 0.1109375 0.2140625 0.1109375 0.2046875 0.10625 0.1984375 0.0921875 0.2015625 0.08125 0.2078125 0.075 0.2140625 0.071875 0.221875 0.071875
1 0.4453125 0.575 0.4546875 0.5796875 0.4609375 0.5890625 0.459375 0.6015625 0.453125 0.609375 0.446875 0.6125 0.434375 0.6125 0.425 0.6046875 0.421875 0.5984375 0.421875 0.5890625 0.4265625 0.5828125 0.434375 0.5765625 0.44375 0.575
3 0.31875 0.7 0.3203125 0.7015625 0.4484375 0.7046875 0.45625 0.7125 0.4578125 0.7171875 0.45625 0.7578125 0.4546875 0.7640625 0.45 0.76875 0.44375 0.7703125 0.3171875 0.7671875 0.303125 0.7640625 0.3 0.7578125 0.3015625 0.7078125 0.30625 0.7015625 0.3171875 0.7
3 0.1734375 0.1734375 0.1953125 0.1765625 0.2125 0.175 0.2390625 0.178125 0.2828125 0.178125 0.290625 0.18125 0.2921875 0.184375 0.290625 0.1859375 0.2921875 0.228125 0.2875 0.240625 0.28125 0.24375 0.2796875 0.2421875 0.278125 0.24375 0.2375 0.24375 0.203125 0.2390625 0.2015625 0.240625 0.190625 0.2390625 0.1484375 0.240625 0.1390625 0.2359375 0.134375 0.23125 0.1359375 0.225 0.134375 0.1859375 0.1375 0.178125 0.14375 0.1734375 0.15625 0.175 0.171875 0.1734375
3 0.6359375 0.296875 0.6828125 0.2953125 0.684375 0.296875 0.7734375 0.2984375 0.7859375 0.303125 0.790625 0.3140625 0.790625 0.3265625 0.7875 0.3359375 0.7890625 0.3375 0.7890625 0.353125 0.784375 0.3640625 0.7796875 0.3640625 0.775 0.3671875 0.7609375 0.3640625 0.7578125 0.365625 0.7546875 0.3640625 0.7265625 0.365625 0.725 0.3640625 0.696875 0.3640625 0.68125 0.3609375 0.6765625 0.3625 0.640625 0.3609375 0.6328125 0.3546875 0.63125 0.35 0.6328125 0.303125 0.6359375 0.2984375
4 0.18984375 0.7921875 0.1265625 0.065625
4 0.19921875 0.6375 0.134375 0.04375
4 0.20546875 0.5078125 0.15 0.0421875
4 0.32890625 0.5609375 0.159375 0.046875
4 0.20546875 0.3765625 0.14375 0.0609375
4 0.33125 0.43203125 0.11875 0.0453125
4 0.51328125 0.38515625 0.1890625 0.06875
4 0.37421875 0.31953125 0.0296875 0.03125
4 0.5921875 0.32578125 0.0359375 0.021875
0 0.21484375 0.1421875 0.021875 0.0640625
0 0.2125 0.259375 0.025 0.0375
0 0.36640625 0.315625 0.2453125 0.034375
0 0.58984375 0.3234375 0.0828125 0.028125
0 0.32890625 0.4578125 0.1953125 0.03125
0 0.32734375 0.59296875 0.1890625 0.0296875
0 0.20546875 0.38203125 0.028125 0.0796875
0 0.2015625 0.51953125 0.0234375 0.0734375
0 0.1953125 0.65546875 0.025 0.0875
0 0.26328125 0.728125 0.0765625 0.034375
4 0.246875 0.72890625 0.0390625 0.0234375
0 0.1921875 0.85546875 0.0359375 0.1859375
0 0.2828125 0.85390625 0.2 0.1828125
0 0.26328125 0.97734375 0.090625 0.0265625
4 0.26171875 0.978125 0.0328125 0.028125